0 4 464340
0 2 339020
1 2 3419930
1 5 5710220
1 3 890050
2 1 3419930
2 0 339020
2 4 4204750
3 4 1116800
3 1 890050
3 5 259610
4 0 464340
4 3 1116800
4 2 4204750
4 11 6327750
5 1 5710220
5 3 259610
5 7 2355340
5 6 4522270
6 8 1607620
6 7 1863240
6 5 4522270
6 11 637810
6 16 4199820
7 6 1863240
7 21 3968360
7 5 2355340
8 6 1607620
8 10 589570
8 15 1268960
9 12 515270
9 10 236870
10 15 6208510
10 8 589570
10 11 6193370
10 9 236870
11 4 6327750
11 6 637810
11 10 6193370
12 9 515270
12 14 1743900
12 13 1527370
12 15 3005990
13 12 1527370
13 15 4644170
13 17 4529070
13 16 2826500
14 17 1559270
14 12 1743900
15 10 6208510
15 13 4644170
15 12 3005990
15 8 1268960
16 23 4910370
16 20 2313180
16 6 4199820
16 13 2826500
17 14 1559270
17 13 4529070
17 19 540860
17 25 4992090
18 22 465870
18 25 9474100
18 19 432950
19 17 540860
19 18 432950
19 22 335870
20 16 2313180
20 25 5643990
20 23 3550400
21 24 2077520
21 23 1936410
21 7 3968360
22 18 465870
22 19 335870
23 21 1936410
23 24 2552190
23 16 4910370
23 20 3550400
24 21 2077520
24 23 2552190
25 20 5643990
25 18 9474100
25 17 4992090
