0 4 837920
0 2 219480
1 2 5180600
1 5 7925100
1 3 1257130
2 1 5180600
2 0 219480
2 4 4488000
3 4 1360140
3 1 1257130
3 5 394830
4 0 837920
4 3 1360140
4 2 4488000
4 11 7331530
5 1 7925100
5 3 394830
5 7 3232280
5 6 5424760
6 8 1309810
6 7 1847010
6 5 5424760
6 11 858660
6 16 5530960
7 6 1847010
7 21 5825910
7 5 3232280
8 6 1309810
8 10 261870
8 15 1128360
9 12 803580
9 10 409280
10 15 6360970
10 8 261870
10 11 6783070
10 9 409280
11 4 7331530
11 6 858660
11 10 6783070
12 9 803580
12 14 1790240
12 13 2075290
12 15 2501760
13 12 2075290
13 15 5659810
13 17 5253280
13 16 3862780
14 17 1806340
14 12 1790240
15 10 6360970
15 13 5659810
15 12 2501760
15 8 1128360
16 23 4948260
16 20 4507160
16 6 5530960
16 13 3862780
17 14 1806340
17 13 5253280
17 19 1036480
17 25 5228700
18 22 630090
18 25 11131780
18 19 561710
19 17 1036480
19 18 561710
19 22 590060
20 16 4507160
20 25 9376410
20 23 5472750
21 24 2369420
21 23 3181040
21 7 5825910
22 18 630090
22 19 590060
23 21 3181040
23 24 3992750
23 16 4948260
23 20 5472750
24 21 2369420
24 23 3992750
25 20 9376410
25 18 11131780
25 17 5228700
