0 4 51940
0 2 18760
1 2 576460
1 5 881020
1 3 33840
2 1 576460
2 0 18760
2 4 619770
3 4 66790
3 1 33840
3 5 33660
4 0 51940
4 3 66790
4 2 619770
4 11 850820
5 1 881020
5 3 33660
5 7 381910
5 6 592200
6 8 276660
6 7 336180
6 5 592200
6 11 134820
6 16 548430
7 6 336180
7 21 663770
7 5 381910
8 6 276660
8 10 60120
8 15 244300
9 12 31470
9 10 82610
10 15 744720
10 8 60120
10 11 768060
10 9 82610
11 4 850820
11 6 134820
11 10 768060
12 9 31470
12 14 312830
12 13 54990
12 15 403590
13 12 54990
13 15 580180
13 17 600100
13 16 240960
14 17 268390
14 12 312830
15 10 744720
15 13 580180
15 12 403590
15 8 244300
16 23 490880
16 20 249810
16 6 548430
16 13 240960
17 14 268390
17 13 600100
17 19 242660
17 25 559300
18 22 149090
18 25 795380
18 19 36030
19 17 242660
19 18 36030
19 22 155400
20 16 249810
20 25 884920
20 23 740960
21 24 305940
21 23 489280
21 7 663770
22 18 149090
22 19 155400
23 21 489280
23 24 346840
23 16 490880
23 20 740960
24 21 305940
24 23 346840
25 20 884920
25 18 795380
25 17 559300
