0 4 505570
0 2 71060
1 2 2180090
1 5 3881780
1 3 129180
2 1 2180090
2 0 71060
2 4 2381110
3 4 211900
3 1 129180
3 5 248940
4 0 505570
4 3 211900
4 2 2381110
4 11 3334640
5 1 3881780
5 3 248940
5 7 1273980
5 6 2979440
6 8 1067850
6 7 1260180
6 5 2979440
6 11 408760
6 16 2735840
7 6 1260180
7 21 1891710
7 5 1273980
8 6 1067850
8 10 254010
8 15 1006050
9 12 375830
9 10 282880
10 15 3208940
10 8 254010
10 11 3214140
10 9 282880
11 4 3334640
11 6 408760
11 10 3214140
12 9 375830
12 14 884490
12 13 608260
12 15 1057390
13 12 608260
13 15 3090330
13 17 2902280
13 16 1198300
14 17 1016230
14 12 884490
15 10 3208940
15 13 3090330
15 12 1057390
15 8 1006050
16 23 2213830
16 20 1986540
16 6 2735840
16 13 1198300
17 14 1016230
17 13 2902280
17 19 379130
17 25 3157470
18 22 385660
18 25 5578110
18 19 152720
19 17 379130
19 18 152720
19 22 273280
20 16 1986540
20 25 4476750
20 23 2831390
21 24 1009690
21 23 1223180
21 7 1891710
22 18 385660
22 19 273280
23 21 1223180
23 24 1148620
23 16 2213830
23 20 2831390
24 21 1009690
24 23 1148620
25 20 4476750
25 18 5578110
25 17 3157470
