0 4 89450
0 2 34220
1 2 456540
1 5 861310
1 3 117100
2 1 456540
2 0 34220
2 4 680010
3 4 107580
3 1 117100
3 5 15760
4 0 89450
4 3 107580
4 2 680010
4 11 968980
5 1 861310
5 3 15760
5 7 412750
5 6 559920
6 8 90240
6 7 181810
6 5 559920
6 11 93010
6 16 530730
7 6 181810
7 21 701530
7 5 412750
8 6 90240
8 10 112240
8 15 102840
9 12 45040
9 10 61480
10 15 889850
10 8 112240
10 11 966700
10 9 61480
11 4 968980
11 6 93010
11 10 966700
12 9 45040
12 14 208350
12 13 45800
12 15 90440
13 12 45800
13 15 965960
13 17 926550
13 16 240020
14 17 248760
14 12 208350
15 10 889850
15 13 965960
15 12 90440
15 8 102840
16 23 506560
16 20 228360
16 6 530730
16 13 240020
17 14 248760
17 13 926550
17 19 241410
17 25 781110
18 22 139920
18 25 1486420
18 19 440
19 17 241410
19 18 440
19 22 144690
20 16 228360
20 25 751400
20 23 529300
21 24 399280
21 23 333240
21 7 701530
22 18 139920
22 19 144690
23 21 333240
23 24 419560
23 16 506560
23 20 529300
24 21 399280
24 23 419560
25 20 751400
25 18 1486420
25 17 781110
