0 4 139520
0 2 50240
1 2 764050
1 5 765020
1 3 187660
2 1 764050
2 0 50240
2 4 1005480
3 4 226400
3 1 187660
3 5 53500
4 0 139520
4 3 226400
4 2 1005480
4 11 1496080
5 1 765020
5 3 53500
5 7 434780
5 6 506360
6 8 263650
6 7 367670
6 5 506360
6 11 151290
6 16 459980
7 6 367670
7 21 840740
7 5 434780
8 6 263650
8 10 66160
8 15 203640
9 12 158750
9 10 43410
10 15 1310590
10 8 66160
10 11 1414630
10 9 43410
11 4 1496080
11 6 151290
11 10 1414630
12 9 158750
12 14 263540
12 13 238760
12 15 456430
13 12 238760
13 15 1146090
13 17 1093830
13 16 576230
14 17 421220
14 12 263540
15 10 1310590
15 13 1146090
15 12 456430
15 8 203640
16 23 616380
16 20 400780
16 6 459980
16 13 576230
17 14 421220
17 13 1093830
17 19 110510
17 25 1079790
18 22 87810
18 25 1773330
18 19 129970
19 17 110510
19 18 129970
19 22 59210
20 16 400780
20 25 1035970
20 23 750120
21 24 464230
21 23 346320
21 7 840740
22 18 87810
22 19 59210
23 21 346320
23 24 610890
23 16 616380
23 20 750120
24 21 464230
24 23 610890
25 20 1035970
25 18 1773330
25 17 1079790
