0 4 56610
0 2 35120
1 2 861870
1 5 1001790
1 3 81620
2 1 861870
2 0 35120
2 4 454360
3 4 120120
3 1 81620
3 5 39800
4 0 56610
4 3 120120
4 2 454360
4 11 718530
5 1 1001790
5 3 39800
5 7 544770
5 6 563300
6 8 136940
6 7 193690
6 5 563300
6 11 151610
6 16 508730
7 6 193690
7 21 579460
7 5 544770
8 6 136940
8 10 18050
8 15 175280
9 12 60260
9 10 37430
10 15 682420
10 8 18050
10 11 616160
10 9 37430
11 4 718530
11 6 151610
11 10 616160
12 9 60260
12 14 375420
12 13 118750
12 15 198180
13 12 118750
13 15 639400
13 17 627890
13 16 266850
14 17 378670
14 12 375420
15 10 682420
15 13 639400
15 12 198180
15 8 175280
16 23 423240
16 20 273830
16 6 508730
16 13 266850
17 14 378670
17 13 627890
17 19 215910
17 25 728980
18 22 70170
18 25 802720
18 19 84470
19 17 215910
19 18 84470
19 22 157020
20 16 273830
20 25 710180
20 23 536280
21 24 325080
21 23 306700
21 7 579460
22 18 70170
22 19 157020
23 21 306700
23 24 363080
23 16 423240
23 20 536280
24 21 325080
24 23 363080
25 20 710180
25 18 802720
25 17 728980
