0 4 207480
0 2 270180
1 2 2204130
1 5 3868920
1 3 693390
2 1 2204130
2 0 270180
2 4 2825440
3 4 995890
3 1 693390
3 5 253160
4 0 207480
4 3 995890
4 2 2825440
4 11 4478010
5 1 3868920
5 3 253160
5 7 1608040
5 6 3069480
6 8 867630
6 7 1253030
6 5 3069480
6 11 536040
6 16 2822770
7 6 1253030
7 21 3000440
7 5 1608040
8 6 867630
8 10 187710
8 15 723780
9 12 508540
9 10 225560
10 15 4128760
10 8 187710
10 11 4207220
10 9 225560
11 4 4478010
11 6 536040
11 10 4207220
12 9 508540
12 14 917090
12 13 426730
12 15 1213220
13 12 426730
13 15 3602030
13 17 3308080
13 16 1231510
14 17 1014140
14 12 917090
15 10 4128760
15 13 3602030
15 12 1213220
15 8 723780
16 23 1713310
16 20 2217680
16 6 2822770
16 13 1231510
17 14 1014140
17 13 3308080
17 19 642800
17 25 3238030
18 22 550340
18 25 5948960
18 19 320930
19 17 642800
19 18 320930
19 22 391440
20 16 2217680
20 25 4816540
20 23 2910190
21 24 1659030
21 23 1489180
21 7 3000440
22 18 550340
22 19 391440
23 21 1489180
23 24 1829890
23 16 1713310
23 20 2910190
24 21 1659030
24 23 1829890
25 20 4816540
25 18 5948960
25 17 3238030
