0 4 209460
0 2 190790
1 2 2088110
1 5 3049790
1 3 474660
2 1 2088110
2 0 190790
2 4 2648970
3 4 782690
3 1 474660
3 5 277080
4 0 209460
4 3 782690
4 2 2648970
4 11 4040960
5 1 3049790
5 3 277080
5 7 1481520
5 6 2299100
6 8 818690
6 7 1084760
6 5 2299100
6 11 465350
6 16 2068750
7 6 1084760
7 21 2218000
7 5 1481520
8 6 818690
8 10 138790
8 15 746570
9 12 542780
9 10 194380
10 15 3781190
10 8 138790
10 11 3940780
10 9 194380
11 4 4040960
11 6 465350
11 10 3940780
12 9 542780
12 14 817120
12 13 610720
12 15 1310160
13 12 610720
13 15 3226420
13 17 2836700
13 16 1380790
14 17 1110640
14 12 817120
15 10 3781190
15 13 3226420
15 12 1310160
15 8 746570
16 23 1630470
16 20 1829610
16 6 2068750
16 13 1380790
17 14 1110640
17 13 2836700
17 19 582040
17 25 2910910
18 22 450210
18 25 5155190
18 19 356790
19 17 582040
19 18 356790
19 22 344890
20 16 1829610
20 25 3742110
20 23 2228700
21 24 1321990
21 23 1090740
21 7 2218000
22 18 450210
22 19 344890
23 21 1090740
23 24 1693850
23 16 1630470
23 20 2228700
24 21 1321990
24 23 1693850
25 20 3742110
25 18 5155190
25 17 2910910
