0 4 801380
0 2 268770
1 2 5579250
1 5 8852700
1 3 1171930
2 1 5579250
2 0 268770
2 4 4822790
3 4 1290670
3 1 1171930
3 5 386190
4 0 801380
4 3 1290670
4 2 4822790
4 11 7717240
5 1 8852700
5 3 386190
5 7 3830330
5 6 5878380
6 8 1623290
6 7 2231440
6 5 5878380
6 11 962460
6 16 5875280
7 6 2231440
7 21 6112760
7 5 3830330
8 6 1623290
8 10 324470
8 15 1342700
9 12 954680
9 10 449940
10 15 6866830
10 8 324470
10 11 7197670
10 9 449940
11 4 7717240
11 6 962460
11 10 7197670
12 9 954680
12 14 1856230
12 13 2391440
12 15 2880430
13 12 2391440
13 15 5999090
13 17 5407850
13 16 4337640
14 17 1756780
14 12 1856230
15 10 6866830
15 13 5999090
15 12 2880430
15 8 1342700
16 23 5631010
16 20 4596910
16 6 5875280
16 13 4337640
17 14 1756780
17 13 5407850
17 19 986160
17 25 5500030
18 22 636920
18 25 11830000
18 19 544630
19 17 986160
19 18 544630
19 22 567110
20 16 4596910
20 25 9228950
20 23 5309490
21 24 2554530
21 23 3113810
21 7 6112760
22 18 636920
22 19 567110
23 21 3113810
23 24 4084800
23 16 5631010
23 20 5309490
24 21 2554530
24 23 4084800
25 20 9228950
25 18 11830000
25 17 5500030
