0 4 464450
0 2 137210
1 2 2193240
1 5 2918310
1 3 447650
2 1 2193240
2 0 137210
2 4 2155160
3 4 548770
3 1 447650
3 5 209410
4 0 464450
4 3 548770
4 2 2155160
4 11 3208400
5 1 2918310
5 3 209410
5 7 1451540
5 6 1921100
6 8 1064950
6 7 1152970
6 5 1921100
6 11 330070
6 16 1631030
7 6 1152970
7 21 2449330
7 5 1451540
8 6 1064950
8 10 156670
8 15 1151790
9 12 366780
9 10 181930
10 15 2891310
10 8 156670
10 11 3042020
10 9 181930
11 4 3208400
11 6 330070
11 10 3042020
12 9 366780
12 14 1279430
12 13 734430
12 15 1568750
13 12 734430
13 15 2666300
13 17 2369780
13 16 1354240
14 17 1181140
14 12 1279430
15 10 2891310
15 13 2666300
15 12 1568750
15 8 1151790
16 23 2049830
16 20 992700
16 6 1631030
16 13 1354240
17 14 1181140
17 13 2369780
17 19 315470
17 25 3107580
18 22 320080
18 25 4819950
18 19 210950
19 17 315470
19 18 210950
19 22 243370
20 16 992700
20 25 3060490
20 23 2240410
21 24 975130
21 23 1438690
21 7 2449330
22 18 320080
22 19 243370
23 21 1438690
23 24 1391880
23 16 2049830
23 20 2240410
24 21 975130
24 23 1391880
25 20 3060490
25 18 4819950
25 17 3107580
