0 4 146730
0 2 199350
1 2 1426860
1 5 2109770
1 3 408120
2 1 1426860
2 0 199350
2 4 2042220
3 4 684980
3 1 408120
3 5 264610
4 0 146730
4 3 684980
4 2 2042220
4 11 3052370
5 1 2109770
5 3 264610
5 7 733080
5 6 1956000
6 8 723760
6 7 939380
6 5 1956000
6 11 270240
6 16 1812410
7 6 939380
7 21 2098910
7 5 733080
8 6 723760
8 10 112760
8 15 622080
9 12 414140
9 10 164850
10 15 2934150
10 8 112760
10 11 3085570
10 9 164850
11 4 3052370
11 6 270240
11 10 3085570
12 9 414140
12 14 752960
12 13 476740
12 15 1220180
13 12 476740
13 15 2421740
13 17 2115660
13 16 1025610
14 17 924450
14 12 752960
15 10 2934150
15 13 2421740
15 12 1220180
15 8 622080
16 23 1277830
16 20 1553380
16 6 1812410
16 13 1025610
17 14 924450
17 13 2115660
17 19 358110
17 25 2340840
18 22 280230
18 25 4399130
18 19 246340
19 17 358110
19 18 246340
19 22 196410
20 16 1553380
20 25 2959240
20 23 1638030
21 24 884820
21 23 1328690
21 7 2098910
22 18 280230
22 19 196410
23 21 1328690
23 24 1243950
23 16 1277830
23 20 1638030
24 21 884820
24 23 1243950
25 20 2959240
25 18 4399130
25 17 2340840
