0 4 64940
0 2 7040
1 2 358610
1 5 589170
1 3 54240
2 1 358610
2 0 7040
2 4 519190
3 4 69850
3 1 54240
3 5 13800
4 0 64940
4 3 69850
4 2 519190
4 11 736300
5 1 589170
5 3 13800
5 7 247310
5 6 463430
6 8 374420
6 7 391300
6 5 463430
6 11 94540
6 16 431100
7 6 391300
7 21 585910
7 5 247310
8 6 374420
8 10 85800
8 15 329580
9 12 32850
9 10 62650
10 15 704020
10 8 85800
10 11 741980
10 9 62650
11 4 736300
11 6 94540
11 10 741980
12 9 32850
12 14 176110
12 13 26980
12 15 482510
13 12 26980
13 15 571030
13 17 531780
13 16 253890
14 17 151490
14 12 176110
15 10 704020
15 13 571030
15 12 482510
15 8 329580
16 23 370860
16 20 271770
16 6 431100
16 13 253890
17 14 151490
17 13 531780
17 19 135760
17 25 421500
18 22 123550
18 25 875290
18 19 50110
19 17 135760
19 18 50110
19 22 68100
20 16 271770
20 25 978070
20 23 770550
21 24 228940
21 23 455170
21 7 585910
22 18 123550
22 19 68100
23 21 455170
23 24 341810
23 16 370860
23 20 770550
24 21 228940
24 23 341810
25 20 978070
25 18 875290
25 17 421500
