0 4 62390
0 2 26510
1 2 932980
1 5 1331590
1 3 324400
2 1 932980
2 0 26510
2 4 934540
3 4 261550
3 1 324400
3 5 24920
4 0 62390
4 3 261550
4 2 934540
4 11 1495870
5 1 1331590
5 3 24920
5 7 658290
5 6 753640
6 8 190950
6 7 330930
6 5 753640
6 11 162320
6 16 796760
7 6 330930
7 21 903860
7 5 658290
8 6 190950
8 10 102970
8 15 206420
9 12 99810
9 10 27750
10 15 1291470
10 8 102970
10 11 1369980
10 9 27750
11 4 1495870
11 6 162320
11 10 1369980
12 9 99810
12 14 794140
12 13 107300
12 15 433490
13 12 107300
13 15 1139160
13 17 1017420
13 16 312600
14 17 842340
14 12 794140
15 10 1291470
15 13 1139160
15 12 433490
15 8 206420
16 23 492200
16 20 594300
16 6 796760
16 13 312600
17 14 842340
17 13 1017420
17 19 257090
17 25 1537200
18 22 115010
18 25 2051660
18 19 96780
19 17 257090
19 18 96780
19 22 160570
20 16 594300
20 25 1991400
20 23 1486440
21 24 420800
21 23 409380
21 7 903860
22 18 115010
22 19 160570
23 21 409380
23 24 510570
23 16 492200
23 20 1486440
24 21 420800
24 23 510570
25 20 1991400
25 18 2051660
25 17 1537200
