0 4 189380
0 2 54630
1 2 753110
1 5 742590
1 3 87370
2 1 753110
2 0 54630
2 4 1122740
3 4 101020
3 1 87370
3 5 29550
4 0 189380
4 3 101020
4 2 1122740
4 11 1511210
5 1 742590
5 3 29550
5 7 469740
5 6 383230
6 8 317110
6 7 385130
6 5 383230
6 11 180610
6 16 297830
7 6 385130
7 21 980540
7 5 469740
8 6 317110
8 10 50780
8 15 307390
9 12 109950
9 10 3480
10 15 1436580
10 8 50780
10 11 1398380
10 9 3480
11 4 1511210
11 6 180610
11 10 1398380
12 9 109950
12 14 143780
12 13 88630
12 15 330520
13 12 88630
13 15 1395980
13 17 1386400
13 16 281960
14 17 192860
14 12 143780
15 10 1436580
15 13 1395980
15 12 330520
15 8 307390
16 23 379530
16 20 174680
16 6 297830
16 13 281960
17 14 192860
17 13 1386400
17 19 188640
17 25 1254470
18 22 65200
18 25 1420390
18 19 73120
19 17 188640
19 18 73120
19 22 80960
20 16 174680
20 25 811380
20 23 614210
21 24 362890
21 23 641460
21 7 980540
22 18 65200
22 19 80960
23 21 641460
23 24 441920
23 16 379530
23 20 614210
24 21 362890
24 23 441920
25 20 811380
25 18 1420390
25 17 1254470
