0 4 485100
0 2 176660
1 2 4130740
1 5 5716830
1 3 954850
2 1 4130740
2 0 176660
2 4 4239830
3 4 1012370
3 1 954850
3 5 266620
4 0 485100
4 3 1012370
4 2 4239830
4 11 6439590
5 1 5716830
5 3 266620
5 7 2654680
5 6 3656690
6 8 1209070
6 7 1779440
6 5 3656690
6 11 756030
6 16 3456420
7 6 1779440
7 21 4948930
7 5 2654680
8 6 1209070
8 10 237270
8 15 1113620
9 12 665750
9 10 263520
10 15 5701000
10 8 237270
10 11 5746140
10 9 263520
11 4 6439590
11 6 756030
11 10 5746140
12 9 665750
12 14 1680160
12 13 768350
12 15 2065450
13 12 768350
13 15 5114300
13 17 4904190
13 16 2113280
14 17 1714330
14 12 1680160
15 10 5701000
15 13 5114300
15 12 2065450
15 8 1113620
16 23 2773540
16 20 2601320
16 6 3456420
16 13 2113280
17 14 1714330
17 13 4904190
17 19 1110120
17 25 4720280
18 22 373780
18 25 7740980
18 19 470240
19 17 1110120
19 18 470240
19 22 603960
20 16 2601320
20 25 6871670
20 23 4573980
21 24 2265740
21 23 2696870
21 7 4948930
22 18 373780
22 19 603960
23 21 2696870
23 24 2711120
23 16 2773540
23 20 4573980
24 21 2265740
24 23 2711120
25 20 6871670
25 18 7740980
25 17 4720280
