0 4 138140
0 2 63290
1 2 893610
1 5 1674460
1 3 131570
2 1 893610
2 0 63290
2 4 1221110
3 4 209050
3 1 131570
3 5 42970
4 0 138140
4 3 209050
4 2 1221110
4 11 1690920
5 1 1674460
5 3 42970
5 7 851030
5 6 1007890
6 8 358900
6 7 542060
6 5 1007890
6 11 163630
6 16 998900
7 6 542060
7 21 1174040
7 5 851030
8 6 358900
8 10 34480
8 15 340740
9 12 129180
9 10 114580
10 15 1607980
10 8 34480
10 11 1641830
10 9 114580
11 4 1690920
11 6 163630
11 10 1641830
12 9 129180
12 14 771810
12 13 276840
12 15 620190
13 12 276840
13 15 1284840
13 17 1076970
13 16 593660
14 17 751220
14 12 771810
15 10 1607980
15 13 1284840
15 12 620190
15 8 340740
16 23 956080
16 20 564270
16 6 998900
16 13 593660
17 14 751220
17 13 1076970
17 19 170050
17 25 1611720
18 22 106150
18 25 2666580
18 19 154500
19 17 170050
19 18 154500
19 22 30250
20 16 564270
20 25 2167680
20 23 1722830
21 24 508390
21 23 752940
21 7 1174040
22 18 106150
22 19 30250
23 21 752940
23 24 782330
23 16 956080
23 20 1722830
24 21 508390
24 23 782330
25 20 2167680
25 18 2666580
25 17 1611720
