0 4 125990
0 2 22510
1 2 344300
1 5 724190
1 3 361170
2 1 344300
2 0 22510
2 4 901420
3 4 375250
3 1 361170
3 5 52630
4 0 125990
4 3 375250
4 2 901420
4 11 1455410
5 1 724190
5 3 52630
5 7 217540
5 6 662750
6 8 158760
6 7 170020
6 5 662750
6 11 88840
6 16 602990
7 6 170020
7 21 547270
7 5 217540
8 6 158760
8 10 50390
8 15 167540
9 12 89390
9 10 68830
10 15 1372030
10 8 50390
10 11 1424550
10 9 68830
11 4 1455410
11 6 88840
11 10 1424550
12 9 89390
12 14 353360
12 13 157250
12 15 556900
13 12 157250
13 15 1037930
13 17 1087170
13 16 329740
14 17 350070
14 12 353360
15 10 1372030
15 13 1037930
15 12 556900
15 8 167540
16 23 539180
16 20 433860
16 6 602990
16 13 329740
17 14 350070
17 13 1087170
17 19 202570
17 25 1004970
18 22 67250
18 25 1513840
18 19 32040
19 17 202570
19 18 32040
19 22 43690
20 16 433860
20 25 807880
20 23 432880
21 24 243500
21 23 311050
21 7 547270
22 18 67250
22 19 43690
23 21 311050
23 24 367090
23 16 539180
23 20 432880
24 21 243500
24 23 367090
25 20 807880
25 18 1513840
25 17 1004970
