0 4 2459680
0 2 3197750
1 2 5683600
1 5 5227160
1 3 4733100
2 1 5683600
2 0 3197750
2 4 4905450
3 4 3954950
3 1 4733100
3 5 4236580
4 0 2459680
4 3 3954950
4 2 4905450
4 11 4315640
5 1 5227160
5 3 4236580
5 7 4916110
5 6 4538120
6 8 3434600
6 7 4723590
6 5 4538120
6 11 4404750
6 16 3969940
7 6 4723590
7 21 3972960
7 5 4916110
8 6 3434600
8 10 3272560
8 15 3497140
9 12 2943750
9 10 2684610
10 15 4246100
10 8 3272560
10 11 4242710
10 9 2684610
11 4 4315640
11 6 4404750
11 10 4242710
12 9 2943750
12 14 4131230
12 13 4748450
12 15 4505240
13 12 4748450
13 15 4713890
13 17 5666330
13 16 4275690
14 17 5049110
14 12 4131230
15 10 4246100
15 13 4713890
15 12 4505240
15 8 3497140
16 23 4782680
16 20 4042510
16 6 3969940
16 13 4275690
17 14 5049110
17 13 5666330
17 19 5572150
17 25 6606060
18 22 4136310
18 25 7465520
18 19 6431610
19 17 5572150
19 18 6431610
19 22 2473440
20 16 4042510
20 25 5663650
20 23 5230910
21 24 3021980
21 23 4407710
21 7 3972960
22 18 4136310
22 19 2473440
23 21 4407710
23 24 4585350
23 16 4782680
23 20 5230910
24 21 3021980
24 23 4585350
25 20 5663650
25 18 7465520
25 17 6606060
