0 4 2051690
0 2 3358670
1 2 5204180
1 5 4271040
1 3 3445730
2 1 5204180
2 0 3358670
2 4 4862940
3 4 3104490
3 1 3445730
3 5 3478330
4 0 2051690
4 3 3104490
4 2 4862940
4 11 3699200
5 1 4271040
5 3 3478330
5 7 4820500
5 6 4060440
6 8 2731070
6 7 4577300
6 5 4060440
6 11 3829840
6 16 3429970
7 6 4577300
7 21 4356180
7 5 4820500
8 6 2731070
8 10 2546540
8 15 2765670
9 12 2201400
9 10 2063040
10 15 3667310
10 8 2546540
10 11 3645310
10 9 2063040
11 4 3699200
11 6 3829840
11 10 3645310
12 9 2201400
12 14 3154090
12 13 3648020
12 15 3805670
13 12 3648020
13 15 3728790
13 17 3865910
13 16 3306920
14 17 3371980
14 12 3154090
15 10 3667310
15 13 3728790
15 12 3805670
15 8 2765670
16 23 3883090
16 20 3148000
16 6 3429970
16 13 3306920
17 14 3371980
17 13 3865910
17 19 3107990
17 25 4419220
18 22 2851250
18 25 4806550
18 19 3495320
19 17 3107990
19 18 3495320
19 22 1411230
20 16 3148000
20 25 3965530
20 23 3988390
21 24 3791600
21 23 4049240
21 7 4356180
22 18 2851250
22 19 1411230
23 21 4049240
23 24 4465840
23 16 3883090
23 20 3988390
24 21 3791600
24 23 4465840
25 20 3965530
25 18 4806550
25 17 4419220
