0 4 2458600
0 2 3300960
1 2 5533420
1 5 4227380
1 3 3852680
2 1 5533420
2 0 3300960
2 4 5482520
3 4 3801780
3 1 3852680
3 5 3338100
4 0 2458600
4 3 3801780
4 2 5482520
4 11 4681320
5 1 4227380
5 3 3338100
5 7 4213470
5 6 3742050
6 8 2956080
6 7 4242720
6 5 3742050
6 11 4246890
6 16 3559080
7 6 4242720
7 21 4316870
7 5 4213470
8 6 2956080
8 10 3023200
8 15 3184790
9 12 2980950
9 10 3122840
10 15 4067130
10 8 3023200
10 11 4314010
10 9 3122840
11 4 4681320
11 6 4246890
11 10 4314010
12 9 2980950
12 14 3065900
12 13 3626070
12 15 3925240
13 12 3626070
13 15 3929550
13 17 4026160
13 16 3488620
14 17 3465990
14 12 3065900
15 10 4067130
15 13 3929550
15 12 3925240
15 8 3184790
16 23 4385810
16 20 3892910
16 6 3559080
16 13 3488620
17 14 3465990
17 13 4026160
17 19 3874470
17 25 4559790
18 22 3303810
18 25 5459390
18 19 4774070
19 17 3874470
19 18 4774070
19 22 1856740
20 16 3892910
20 25 4568300
20 23 4931860
21 24 3919830
21 23 4672180
21 7 4316870
22 18 3303810
22 19 1856740
23 21 4672180
23 24 4672410
23 16 4385810
23 20 4931860
24 21 3919830
24 23 4672410
25 20 4568300
25 18 5459390
25 17 4559790
