0 4 1847910
0 2 2870840
1 2 4355980
1 5 3384570
1 3 2779550
2 1 4355980
2 0 2870840
2 4 4434790
3 4 2858360
3 1 2779550
3 5 2909880
4 0 1847910
4 3 2858360
4 2 4434790
4 11 3555140
5 1 3384570
5 3 2909880
5 7 3704480
5 6 3365540
6 8 2418950
6 7 3555120
6 5 3365540
6 11 3457300
6 16 3083650
7 6 3555120
7 21 3740800
7 5 3704480
8 6 2418950
8 10 3032350
8 15 2779320
9 12 2056160
9 10 2779450
10 15 4189950
10 8 3032350
10 11 4070700
10 9 2779450
11 4 3555140
11 6 3457300
11 10 4070700
12 9 2056160
12 14 3038330
12 13 3231510
12 15 3466660
13 12 3231510
13 15 3701770
13 17 4498220
13 16 3208870
14 17 4305040
14 12 3038330
15 10 4189950
15 13 3701770
15 12 3466660
15 8 2779320
16 23 3611340
16 20 3353940
16 6 3083650
16 13 3208870
17 14 4305040
17 13 4498220
17 19 4916380
17 25 5711390
18 22 3849860
18 25 6447520
18 19 5652510
19 17 4916380
19 18 5652510
19 22 2500290
20 16 3353940
20 25 4824860
20 23 4014160
21 24 3716820
21 23 3929550
21 7 3740800
22 18 3849860
22 19 2500290
23 21 3929550
23 24 4058830
23 16 3611340
23 20 4014160
24 21 3716820
24 23 4058830
25 20 4824860
25 18 6447520
25 17 5711390
