0 4 2970350
0 2 2811380
1 2 4909210
1 5 5025230
1 3 4650240
2 1 4909210
2 0 2811380
2 4 4521950
3 4 4262980
3 1 4650240
3 5 4220030
4 0 2970350
4 3 4262980
4 2 4521950
4 11 4900500
5 1 5025230
5 3 4220030
5 7 5287350
5 6 5389660
6 8 5028090
6 7 6081990
6 5 5389660
6 11 5652190
6 16 4956700
7 6 6081990
7 21 4762220
7 5 5287350
8 6 5028090
8 10 4082730
8 15 4832170
9 12 3236230
9 10 2930100
10 15 5043020
10 8 4082730
10 11 4706830
10 9 2930100
11 4 4900500
11 6 5652190
11 10 4706830
12 9 3236230
12 14 3519850
12 13 4684980
12 15 5349150
13 12 4684980
13 15 5128290
13 17 4548950
13 16 4096610
14 17 3383820
14 12 3519850
15 10 5043020
15 13 5128290
15 12 5349150
15 8 4832170
16 23 4720120
16 20 4039560
16 6 4956700
16 13 4096610
17 14 3383820
17 13 4548950
17 19 3811810
17 25 5474020
18 22 3379320
18 25 6169100
18 19 4506890
19 17 3811810
19 18 4506890
19 22 1862270
20 16 4039560
20 25 5332140
20 23 5030580
21 24 3221520
21 23 4627950
21 7 4762220
22 18 3379320
22 19 1862270
23 21 4627950
23 24 4304710
23 16 4720120
23 20 5030580
24 21 3221520
24 23 4304710
25 20 5332140
25 18 6169100
25 17 5474020
