0 4 2507960
0 2 2631810
1 2 4986560
1 5 4956870
1 3 4444770
2 1 4986560
2 0 2631810
2 4 4627350
3 4 4085560
3 1 4444770
3 5 4179720
4 0 2507960
4 3 4085560
4 2 4627350
4 11 4490030
5 1 4956870
5 3 4179720
5 7 4769930
5 6 4756850
6 8 3726760
6 7 4834960
6 5 4756850
6 11 4649220
6 16 4724290
7 6 4834960
7 21 3954990
7 5 4769930
8 6 3726760
8 10 3389020
8 15 3749270
9 12 3382810
9 10 2843080
10 15 4506650
10 8 3389020
10 11 4311480
10 9 2843080
11 4 4490030
11 6 4649220
11 10 4311480
12 9 3382810
12 14 3530350
12 13 5167040
12 15 5046380
13 12 5167040
13 15 4987560
13 17 4713820
13 16 4867460
14 17 3077130
14 12 3530350
15 10 4506650
15 13 4987560
15 12 5046380
15 8 3749270
16 23 5109770
16 20 4280870
16 6 4724290
16 13 4867460
17 14 3077130
17 13 4713820
17 19 3501610
17 25 4613030
18 22 2417750
18 25 4524570
18 19 3413150
19 17 3501610
19 18 3413150
19 22 1688400
20 16 4280870
20 25 4420840
20 23 4763940
21 24 3339740
21 23 4327390
21 7 3954990
22 18 2417750
22 19 1688400
23 21 4327390
23 24 4605190
23 16 5109770
23 20 4763940
24 21 3339740
24 23 4605190
25 20 4420840
25 18 4524570
25 17 4613030
