0 4 2971680
0 2 2223080
1 2 5307820
1 5 5598540
1 3 5420720
2 1 5307820
2 0 2223080
2 4 5020060
3 4 5132960
3 1 5420720
3 5 4675080
4 0 2971680
4 3 5132960
4 2 5020060
4 11 5823140
5 1 5598540
5 3 4675080
5 7 5471630
5 6 5045660
6 8 3852690
6 7 5664390
6 5 5045660
6 11 5558020
6 16 4559060
7 6 5664390
7 21 4852410
7 5 5471630
8 6 3852690
8 10 3755470
8 15 3881800
9 12 3496710
9 10 3468450
10 15 5170310
10 8 3755470
10 11 5460800
10 9 3468450
11 4 5823140
11 6 5558020
11 10 5460800
12 9 3496710
12 14 3572910
12 13 4570260
12 15 5198570
13 12 4570260
13 15 4668330
13 17 3990490
13 16 3959860
14 17 2993140
14 12 3572910
15 10 5170310
15 13 4668330
15 12 5198570
15 8 3881800
16 23 4739990
16 20 3322990
16 6 4559060
16 13 3959860
17 14 2993140
17 13 3990490
17 19 3317410
17 25 3820330
18 22 2183680
18 25 3632360
18 19 3129440
19 17 3317410
19 18 3129440
19 22 1748100
20 16 3322990
20 25 3232990
20 23 4183280
21 24 2865840
21 23 4607370
21 7 4852410
22 18 2183680
22 19 1748100
23 21 4607370
23 24 3858750
23 16 4739990
23 20 4183280
24 21 2865840
24 23 3858750
25 20 3232990
25 18 3632360
25 17 3820330
