0 4 2651420
0 2 3426890
1 2 6051640
1 5 5588950
1 3 4883730
2 1 6051640
2 0 3426890
2 4 5572730
3 4 4404820
3 1 4883730
3 5 4717600
4 0 2651420
4 3 4404820
4 2 5572730
4 11 4937000
5 1 5588950
5 3 4717600
5 7 5331200
5 6 5085360
6 8 3434280
6 7 4993740
6 5 5085360
6 11 4912320
6 16 4232140
7 6 4993740
7 21 4370420
7 5 5331200
8 6 3434280
8 10 3192180
8 15 3420670
9 12 3206570
9 10 2845640
10 15 4492190
10 8 3192180
10 11 4670220
10 9 2845640
11 4 4937000
11 6 4912320
11 10 4670220
12 9 3206570
12 14 3678570
12 13 4483040
12 15 4853120
13 12 4483040
13 15 4350600
13 17 4683030
13 16 3848450
14 17 3878560
14 12 3678570
15 10 4492190
15 13 4350600
15 12 4853120
15 8 3420670
16 23 4639980
16 20 4746370
16 6 4232140
16 13 3848450
17 14 3878560
17 13 4683030
17 19 4839970
17 25 6125950
18 22 4264860
18 25 7417050
18 19 6131070
19 17 4839970
19 18 6131070
19 22 2428190
20 16 4746370
20 25 6321360
20 23 5669970
21 24 3514000
21 23 4532420
21 7 4370420
22 18 4264860
22 19 2428190
23 21 4532420
23 24 4545160
23 16 4639980
23 20 5669970
24 21 3514000
24 23 4545160
25 20 6321360
25 18 7417050
25 17 6125950
