0 4 1958240
0 2 1274240
1 2 3177940
1 5 3470060
1 3 3394820
2 1 3177940
2 0 1274240
2 4 2959820
3 4 3176700
3 1 3394820
3 5 2784820
4 0 1958240
4 3 3176700
4 2 2959820
4 11 3565020
5 1 3470060
5 3 2784820
5 7 3119770
5 6 3208290
6 8 2504750
6 7 3468000
6 5 3208290
6 11 3521370
6 16 3243350
7 6 3468000
7 21 3006470
7 5 3119770
8 6 2504750
8 10 2239320
8 15 2545290
9 12 2074980
9 10 2062690
10 15 3331630
10 8 2239320
10 11 3255940
10 9 2062690
11 4 3565020
11 6 3521370
11 10 3255940
12 9 2074980
12 14 2647320
12 13 3203280
12 15 3343920
13 12 3203280
13 15 3496960
13 17 3985400
13 16 3143250
14 17 3429440
14 12 2647320
15 10 3331630
15 13 3496960
15 12 3343920
15 8 2545290
16 23 3525380
16 20 3333190
16 6 3243350
16 13 3143250
17 14 3429440
17 13 3985400
17 19 3920030
17 25 4707010
18 22 3201240
18 25 5240620
18 19 4453640
19 17 3920030
19 18 4453640
19 22 1973180
20 16 3333190
20 25 4267870
20 23 3928390
21 24 1998620
21 23 3377020
21 7 3006470
22 18 3201240
22 19 1973180
23 21 3377020
23 24 2742180
23 16 3525380
23 20 3928390
24 21 1998620
24 23 2742180
25 20 4267870
25 18 5240620
25 17 4707010
