0 4 2861570
0 2 3846780
1 2 6057160
1 5 4303400
1 3 4040680
2 1 6057160
2 0 3846780
2 4 6100050
3 4 4083570
3 1 4040680
3 5 3315020
4 0 2861570
4 3 4083570
4 2 6100050
4 11 5145700
5 1 4303400
5 3 3315020
5 7 4507750
5 6 3939920
6 8 3457050
6 7 4869930
6 5 3939920
6 11 4739330
6 16 4111620
7 6 4869930
7 21 4067090
7 5 4507750
8 6 3457050
8 10 3748150
8 15 3607770
9 12 3951010
9 10 3339730
10 15 4743920
10 8 3748150
10 11 5030430
10 9 3339730
11 4 5145700
11 6 4739330
11 10 5030430
12 9 3951010
12 14 5138540
12 13 5250140
12 15 5355200
13 12 5250140
13 15 4498480
13 17 5307370
13 16 4157280
14 17 5195770
14 12 5138540
15 10 4743920
15 13 4498480
15 12 5355200
15 8 3607770
16 23 4744880
16 20 3958170
16 6 4111620
16 13 4157280
17 14 5195770
17 13 5307370
17 19 4960850
17 25 6342200
18 22 3112210
18 25 6277390
18 19 4896040
19 17 4960850
19 18 4896040
19 22 1916550
20 16 3958170
20 25 5229140
20 23 4781910
21 24 3179790
21 23 4132520
21 7 4067090
22 18 3112210
22 19 1916550
23 21 4132520
23 24 4615890
23 16 4744880
23 20 4781910
24 21 3179790
24 23 4615890
25 20 5229140
25 18 6277390
25 17 6342200
