0 4 1854400
0 2 2298270
1 2 3532380
1 5 3190120
1 3 2533950
2 1 3532380
2 0 2298270
2 4 3625890
3 4 2627460
3 1 2533950
3 5 2729070
4 0 1854400
4 3 2627460
4 2 3625890
4 11 3298540
5 1 3190120
5 3 2729070
5 7 3608850
5 6 3501860
6 8 2622350
6 7 3725470
6 5 3501860
6 11 3516770
6 16 3205330
7 6 3725470
7 21 3489340
7 5 3608850
8 6 2622350
8 10 2315360
8 15 2323690
9 12 2054570
9 10 1781690
10 15 3012830
10 8 2315360
10 11 3209780
10 9 1781690
11 4 3298540
11 6 3516770
11 10 3209780
12 9 2054570
12 14 3086520
12 13 3751570
12 15 3285710
13 12 3751570
13 15 3487020
13 17 4371410
13 16 3372530
14 17 3706360
14 12 3086520
15 10 3012830
15 13 3487020
15 12 3285710
15 8 2323690
16 23 3362080
16 20 3140150
16 6 3205330
16 13 3372530
17 14 3706360
17 13 4371410
17 19 3578410
17 25 5434170
18 22 2795700
18 25 5620230
18 19 3764470
19 17 3578410
19 18 3764470
19 22 1398110
20 16 3140150
20 25 4783260
20 23 3710050
21 24 2561720
21 23 3539100
21 7 3489340
22 18 2795700
22 19 1398110
23 21 3539100
23 24 2954600
23 16 3362080
23 20 3710050
24 21 2561720
24 23 2954600
25 20 4783260
25 18 5620230
25 17 5434170
