0 4 1875180
0 2 2092210
1 2 3760740
1 5 3568960
1 3 2891770
2 1 3760740
2 0 2092210
2 4 3904690
3 4 3035720
3 1 2891770
3 5 3060970
4 0 1875180
4 3 3035720
4 2 3904690
4 11 3797020
5 1 3568960
5 3 3060970
5 7 3753470
5 6 3837760
6 8 3065160
6 7 3853070
6 5 3837760
6 11 3921870
6 16 3402090
7 6 3853070
7 21 3064690
7 5 3753470
8 6 3065160
8 10 3161790
8 15 3102060
9 12 2175820
9 10 2685490
10 15 4070890
10 8 3161790
10 11 4018500
10 9 2685490
11 4 3797020
11 6 3921870
11 10 4018500
12 9 2175820
12 14 2379460
12 13 3062410
12 15 3561220
13 12 3062410
13 15 3512350
13 17 3396610
13 16 2940180
14 17 2713660
14 12 2379460
15 10 4070890
15 13 3512350
15 12 3561220
15 8 3102060
16 23 2962200
16 20 2526090
16 6 3402090
16 13 2940180
17 14 2713660
17 13 3396610
17 19 3341270
17 25 3469590
18 22 2715130
18 25 4050530
18 19 3922210
19 17 3341270
19 18 3922210
19 22 1695780
20 16 2526090
20 25 2672430
20 23 2621470
21 24 2219860
21 23 2709090
21 7 3064690
22 18 2715130
22 19 1695780
23 21 2709090
23 24 2568350
23 16 2962200
23 20 2621470
24 21 2219860
24 23 2568350
25 20 2672430
25 18 4050530
25 17 3469590
