0 4 2461680
0 2 2235660
1 2 4338140
1 5 4614470
1 3 4057490
2 1 4338140
2 0 2235660
2 4 4312520
3 4 4031870
3 1 4057490
3 5 4082180
4 0 2461680
4 3 4031870
4 2 4312520
4 11 4669130
5 1 4614470
5 3 4082180
5 7 4807260
5 6 4403260
6 8 3172200
6 7 4571360
6 5 4403260
6 11 4483540
6 16 3540170
7 6 4571360
7 21 4202930
7 5 4807260
8 6 3172200
8 10 3020220
8 15 3463540
9 12 2965070
9 10 2697190
10 15 4306720
10 8 3020220
10 11 4331560
10 9 2697190
11 4 4669130
11 6 4483540
11 10 4331560
12 9 2965070
12 14 3814920
12 13 4492380
12 15 4574600
13 12 4492380
13 15 4667820
13 17 5209960
13 16 3749290
14 17 4532500
14 12 3814920
15 10 4306720
15 13 4667820
15 12 4574600
15 8 3463540
16 23 4164310
16 20 4134080
16 6 3540170
16 13 3749290
17 14 4532500
17 13 5209960
17 19 5129850
17 25 6062220
18 22 4581430
18 25 7344830
18 19 6412460
19 17 5129850
19 18 6412460
19 22 2594350
20 16 4134080
20 25 5822650
20 23 5385410
21 24 3092840
21 23 4423070
21 7 4202930
22 18 4581430
22 19 2594350
23 21 4423070
23 24 4085410
23 16 4164310
23 20 5385410
24 21 3092840
24 23 4085410
25 20 5822650
25 18 7344830
25 17 6062220
