0 4 3611160
0 2 4981380
1 2 8338590
1 5 6958950
1 3 6257580
2 1 8338590
2 0 4981380
2 4 7731440
3 4 5650430
3 1 6257580
3 5 5641010
4 0 3611160
4 3 5650430
4 2 7731440
4 11 6244970
5 1 6958950
5 3 5641010
5 7 6766960
5 6 6243670
6 8 4564730
6 7 6668250
6 5 6243670
6 11 6136840
6 16 6219980
7 6 6668250
7 21 6051490
7 5 6766960
8 6 4564730
8 10 4301920
8 15 4290850
9 12 4234280
9 10 3966220
10 15 5608270
10 8 4301920
10 11 5874030
10 9 3966220
11 4 6244970
11 6 6136840
11 10 5874030
12 9 4234280
12 14 4740250
12 13 5903800
12 15 5876330
13 12 5903800
13 15 5624670
13 17 5733210
13 16 5973570
14 17 4569660
14 12 4740250
15 10 5608270
15 13 5624670
15 12 5876330
15 8 4290850
16 23 7470980
16 20 5742060
16 6 6219980
16 13 5973570
17 14 4569660
17 13 5733210
17 19 4889020
17 25 6263070
18 22 3253360
18 25 6390630
18 19 5016580
19 17 4889020
19 18 5016580
19 22 2200540
20 16 5742060
20 25 5950490
20 23 6918040
21 24 5675700
21 23 6779200
21 7 6051490
22 18 3253360
22 19 2200540
23 21 6779200
23 24 7543460
23 16 7470980
23 20 6918040
24 21 5675700
24 23 7543460
25 20 5950490
25 18 6390630
25 17 6263070
