0 4 1995750
0 2 2352220
1 2 4853140
1 5 4444940
1 3 4275040
2 1 4853140
2 0 2352220
2 4 4222290
3 4 3644190
3 1 4275040
3 5 3592460
4 0 1995750
4 3 3644190
4 2 4222290
4 11 4089800
5 1 4444940
5 3 3592460
5 7 3934200
5 6 4061230
6 8 3437520
6 7 4233070
6 5 4061230
6 11 4336940
6 16 3947510
7 6 4233070
7 21 3466510
7 5 3934200
8 6 3437520
8 10 3628060
8 15 3530140
9 12 3361530
9 10 3292800
10 15 4643260
10 8 3628060
10 11 4527480
10 9 3292800
11 4 4089800
11 6 4336940
11 10 4527480
12 9 3361530
12 14 3686170
12 13 4574350
12 15 4711990
13 12 4574350
13 15 4407700
13 17 4701170
13 16 3902490
14 17 3812990
14 12 3686170
15 10 4643260
15 13 4407700
15 12 4711990
15 8 3530140
16 23 3937100
16 20 3466120
16 6 3947510
16 13 3902490
17 14 3812990
17 13 4701170
17 19 3942200
17 25 5037210
18 22 1901290
18 25 4065150
18 19 2970140
19 17 3942200
19 18 2970140
19 22 1683270
20 16 3466120
20 25 4169730
20 23 3868300
21 24 2866740
21 23 3583130
21 7 3466510
22 18 1901290
22 19 1683270
23 21 3583130
23 24 3622890
23 16 3937100
23 20 3868300
24 21 2866740
24 23 3622890
25 20 4169730
25 18 4065150
25 17 5037210
