0 4 2440670
0 2 2860930
1 2 5345620
1 5 5020370
1 3 4442340
2 1 5345620
2 0 2860930
2 4 4902880
3 4 3999600
3 1 4442340
3 5 4094610
4 0 2440670
4 3 3999600
4 2 4902880
4 11 4502800
5 1 5020370
5 3 4094610
5 7 5706210
5 6 4849630
6 8 3736390
6 7 5883200
6 5 4849630
6 11 4774800
6 16 4055080
7 6 5883200
7 21 5006090
7 5 5706210
8 6 3736390
8 10 3464350
8 15 3688260
9 12 3675410
9 10 3137210
10 15 4706450
10 8 3464350
10 11 4502760
10 9 3137210
11 4 4502800
11 6 4774800
11 10 4502760
12 9 3675410
12 14 4300490
12 13 5138870
12 15 5244650
13 12 5138870
13 15 4824580
13 17 5268580
13 16 3901170
14 17 4430200
14 12 4300490
15 10 4706450
15 13 4824580
15 12 5244650
15 8 3688260
16 23 5512200
16 20 5123050
16 6 4055080
16 13 3901170
17 14 4430200
17 13 5268580
17 19 4897130
17 25 7236060
18 22 4702790
18 25 8788060
18 19 6449130
19 17 4897130
19 18 6449130
19 22 2229560
20 16 5123050
20 25 7908160
20 23 7551710
21 24 3566510
21 23 5606630
21 7 5006090
22 18 4702790
22 19 2229560
23 21 5606630
23 24 5900740
23 16 5512200
23 20 7551710
24 21 3566510
24 23 5900740
25 20 7908160
25 18 8788060
25 17 7236060
