0 4 1895690
0 2 2349240
1 2 3980450
1 5 3392650
1 3 2983080
2 1 3980450
2 0 2349240
2 4 3970430
3 4 2973060
3 1 2983080
3 5 2838810
4 0 1895690
4 3 2973060
4 2 3970430
4 11 3406660
5 1 3392650
5 3 2838810
5 7 4038350
5 6 3454860
6 8 2854200
6 7 4244830
6 5 3454860
6 11 3478890
6 16 3628020
7 6 4244830
7 21 3899090
7 5 4038350
8 6 2854200
8 10 2917650
8 15 3037950
9 12 2310840
9 10 2595590
10 15 3908540
10 8 2917650
10 11 3542340
10 9 2595590
11 4 3406660
11 6 3478890
11 10 3542340
12 9 2310840
12 14 3215060
12 13 3407580
12 15 3623790
13 12 3407580
13 15 3812630
13 17 4392080
13 16 3595560
14 17 4199560
14 12 3215060
15 10 3908540
15 13 3812630
15 12 3623790
15 8 3037950
16 23 4515530
16 20 3788870
16 6 3628020
16 13 3595560
17 14 4199560
17 13 4392080
17 19 4381820
17 25 4964350
18 22 2841430
18 25 4993660
18 19 4411130
19 17 4381820
19 18 4411130
19 22 2006200
20 16 3788870
20 25 4362000
20 23 4709700
21 24 3446360
21 23 4203110
21 7 3899090
22 18 2841430
22 19 2006200
23 21 4203110
23 24 4679610
23 16 4515530
23 20 4709700
24 21 3446360
24 23 4679610
25 20 4362000
25 18 4993660
25 17 4964350
