0 4 2293910
0 2 3407810
1 2 5329460
1 5 4173840
1 3 3288910
2 1 5329460
2 0 3407810
2 4 5681640
3 4 3641090
3 1 3288910
3 5 3599370
4 0 2293910
4 3 3641090
4 2 5681640
4 11 4776960
5 1 4173840
5 3 3599370
5 7 4834580
5 6 4428740
6 8 3480550
6 7 4779020
6 5 4428740
6 11 4679680
6 16 3974270
7 6 4779020
7 21 4418250
7 5 4834580
8 6 3480550
8 10 3597480
8 15 3614080
9 12 2646850
9 10 3035610
10 15 4623640
10 8 3597480
10 11 4796610
10 9 3035610
11 4 4776960
11 6 4679680
11 10 4796610
12 9 2646850
12 14 3241610
12 13 3624210
12 15 4234880
13 12 3624210
13 15 4029570
13 17 3905580
13 16 3497130
14 17 3522980
14 12 3241610
15 10 4623640
15 13 4029570
15 12 4234880
15 8 3614080
16 23 3909410
16 20 3707890
16 6 3974270
16 13 3497130
17 14 3522980
17 13 3905580
17 19 3743210
17 25 4509920
18 22 3287030
18 25 5027540
18 19 4260830
19 17 3743210
19 18 4260830
19 22 2120360
20 16 3707890
20 25 4234000
20 23 4041940
21 24 3399780
21 23 3947550
21 7 4418250
22 18 3287030
22 19 2120360
23 21 3947550
23 24 3695690
23 16 3909410
23 20 4041940
24 21 3399780
24 23 3695690
25 20 4234000
25 18 5027540
25 17 4509920
