0 4 2461260
0 2 3478180
1 2 6580350
1 5 5911760
1 3 5620210
2 1 6580350
2 0 3478180
2 4 5264800
3 4 4304660
3 1 5620210
3 5 4652990
4 0 2461260
4 3 4304660
4 2 5264800
4 11 4733140
5 1 5911760
5 3 4652990
5 7 5114610
5 6 4993880
6 8 3348790
6 7 5163950
6 5 4993880
6 11 5130810
6 16 4908480
7 6 5163950
7 21 4535350
7 5 5114610
8 6 3348790
8 10 3046860
8 15 2953160
9 12 2997620
9 10 3081860
10 15 4345660
10 8 3046860
10 11 4828880
10 9 3081860
11 4 4733140
11 6 5130810
11 10 4828880
12 9 2997620
12 14 3627200
12 13 4543830
12 15 4261420
13 12 4543830
13 15 4534370
13 17 5022540
13 16 4795260
14 17 4105910
14 12 3627200
15 10 4345660
15 13 4534370
15 12 4261420
15 8 2953160
16 23 5949360
16 20 4785760
16 6 4908480
16 13 4795260
17 14 4105910
17 13 5022540
17 19 4537350
17 25 5419760
18 22 3037150
18 25 5502830
18 19 4620420
19 17 4537350
19 18 4620420
19 22 2263130
20 16 4785760
20 25 5204500
20 23 5961380
21 24 3762580
21 23 5455500
21 7 4535350
22 18 3037150
22 19 2263130
23 21 5455500
23 24 5432060
23 16 5949360
23 20 5961380
24 21 3762580
24 23 5432060
25 20 5204500
25 18 5502830
25 17 5419760
