0 4 3149020
0 2 2838690
1 2 5564480
1 5 6009230
1 3 5215630
2 1 5564480
2 0 2838690
2 4 5167250
3 4 4818400
3 1 5215630
3 5 4952820
4 0 3149020
4 3 4818400
4 2 5167250
4 11 5408400
5 1 6009230
5 3 4952820
5 7 5720360
5 6 6064430
6 8 4571830
6 7 6038370
6 5 6064430
6 11 5860830
6 16 5349080
7 6 6038370
7 21 5438030
7 5 5720360
8 6 4571830
8 10 3660970
8 15 3811140
9 12 3687660
9 10 3499870
10 15 4710890
10 8 3660970
10 11 4949970
10 9 3499870
11 4 5408400
11 6 5860830
11 10 4949970
12 9 3687660
12 14 4246390
12 13 4811310
12 15 4898680
13 12 4811310
13 15 4773690
13 17 5680710
13 16 4501020
14 17 5115790
14 12 4246390
15 10 4710890
15 13 4773690
15 12 4898680
15 8 3811140
16 23 5080020
16 20 4551200
16 6 5349080
16 13 4501020
17 14 5115790
17 13 5680710
17 19 5824370
17 25 6941220
18 22 5039110
18 25 8115120
18 19 6998270
19 17 5824370
19 18 6998270
19 22 3014480
20 16 4551200
20 25 5997010
20 23 5315500
21 24 4578970
21 23 5513040
21 7 5438030
22 18 5039110
22 19 3014480
23 21 5513040
23 24 4910250
23 16 5080020
23 20 5315500
24 21 4578970
24 23 4910250
25 20 5997010
25 18 8115120
25 17 6941220
