0 4 1637930
0 2 2269010
1 2 3836250
1 5 3382690
1 3 2917130
2 1 3836250
2 0 2269010
2 4 3678860
3 4 2759740
3 1 2917130
3 5 2937260
4 0 1637930
4 3 2759740
4 2 3678860
4 11 3135710
5 1 3382690
5 3 2937260
5 7 3346150
5 6 3184520
6 8 2102850
6 7 3127850
6 5 3184520
6 11 3094930
6 16 2624850
7 6 3127850
7 21 2612300
7 5 3346150
8 6 2102850
8 10 2130820
8 15 2119110
9 12 1985920
9 10 1949390
10 15 3010450
10 8 2130820
10 11 3122900
10 9 1949390
11 4 3135710
11 6 3094930
11 10 3122900
12 9 1985920
12 14 2586260
12 13 2854620
12 15 3046980
13 12 2854620
13 15 2806380
13 17 3160190
13 16 2448750
14 17 2891830
14 12 2586260
15 10 3010450
15 13 2806380
15 12 3046980
15 8 2119110
16 23 2936840
16 20 2552750
16 6 2624850
16 13 2448750
17 14 2891830
17 13 3160190
17 19 2926030
17 25 3838500
18 22 2282850
18 25 4092850
18 19 3180380
19 17 2926030
19 18 3180380
19 22 1248170
20 16 2552750
20 25 3396330
20 23 3206110
21 24 1803100
21 23 2762660
21 7 2612300
22 18 2282850
22 19 1248170
23 21 2762660
23 24 2630640
23 16 2936840
23 20 3206110
24 21 1803100
24 23 2630640
25 20 3396330
25 18 4092850
25 17 3838500
