0 4 2689080
0 2 2929740
1 2 4494580
1 5 3917500
1 3 3441670
2 1 4494580
2 0 2929740
2 4 4979700
3 4 3926790
3 1 3441670
3 5 3590370
4 0 2689080
4 3 3926790
4 2 4979700
4 11 4804340
5 1 3917500
5 3 3590370
5 7 4982570
5 6 4896360
6 8 4089770
6 7 5812730
6 5 4896360
6 11 5298080
6 16 5190810
7 6 5812730
7 21 4683090
7 5 4982570
8 6 4089770
8 10 3931070
8 15 4118300
9 12 3453050
9 10 3878330
10 15 5596350
10 8 3931070
10 11 5139380
10 9 3878330
11 4 4804340
11 6 5298080
11 10 5139380
12 9 3453050
12 14 3526490
12 13 4649440
12 15 5171070
13 12 4649440
13 15 5261950
13 17 5017710
13 16 4697710
14 17 3894760
14 12 3526490
15 10 5596350
15 13 5261950
15 12 5171070
15 8 4118300
16 23 5526540
16 20 4239950
16 6 5190810
16 13 4697710
17 14 3894760
17 13 5017710
17 19 4814210
17 25 5574190
18 22 3571300
18 25 6049700
18 19 5289720
19 17 4814210
19 18 5289720
19 22 2614900
20 16 4239950
20 25 4839040
20 23 5111390
21 24 3676970
21 23 4932610
21 7 4683090
22 18 3571300
22 19 2614900
23 21 4932610
23 24 5142340
23 16 5526540
23 20 5111390
24 21 3676970
24 23 5142340
25 20 4839040
25 18 6049700
25 17 5574190
