0 4 2467220
0 2 2815050
1 2 4473610
1 5 4272840
1 3 3389310
2 1 4473610
2 0 2815050
2 4 4710850
3 4 3626550
3 1 3389310
3 5 3773610
4 0 2467220
4 3 3626550
4 2 4710850
4 11 4644750
5 1 4272840
5 3 3773610
5 7 5418000
5 6 4725450
6 8 3413340
6 7 5486310
6 5 4725450
6 11 4860120
6 16 4791440
7 6 5486310
7 21 5139640
7 5 5418000
8 6 3413340
8 10 3237770
8 15 3299630
9 12 2702050
9 10 3178330
10 15 4504480
10 8 3237770
10 11 4684550
10 9 3178330
11 4 4644750
11 6 4860120
11 10 4684550
12 9 2702050
12 14 3329620
12 13 3740130
12 15 4028200
13 12 3740130
13 15 4278270
13 17 4662420
13 16 4389660
14 17 4251910
14 12 3329620
15 10 4504480
15 13 4278270
15 12 4028200
15 8 3299630
16 23 5982880
16 20 5109990
16 6 4791440
16 13 4389660
17 14 4251910
17 13 4662420
17 19 4287140
17 25 6100930
18 22 3293900
18 25 6304690
18 19 4490900
19 17 4287140
19 18 4490900
19 22 2042640
20 16 5109990
20 25 6149040
20 23 6303750
21 24 4648230
21 23 5638530
21 7 5139640
22 18 3293900
22 19 2042640
23 21 5638530
23 24 6186340
23 16 5982880
23 20 6303750
24 21 4648230
24 23 6186340
25 20 6149040
25 18 6304690
25 17 6100930
