0 4 3118100
0 2 3447750
1 2 5812570
1 5 5474720
1 3 4627610
2 1 5812570
2 0 3447750
2 4 5826230
3 4 4641270
3 1 4627610
3 5 4633070
4 0 3118100
4 3 4641270
4 2 5826230
4 11 5529480
5 1 5474720
5 3 4633070
5 7 5207330
5 6 5132200
6 8 3307050
6 7 4859350
6 5 5132200
6 11 5173300
6 16 4272400
7 6 4859350
7 21 4060270
7 5 5207330
8 6 3307050
8 10 3798870
8 15 3376420
9 12 3488580
9 10 3731280
10 15 5345410
10 8 3798870
10 11 5665120
10 9 3731280
11 4 5529480
11 6 5173300
11 10 5665120
12 9 3488580
12 14 4233770
12 13 4762380
12 15 5102710
13 12 4762380
13 15 4582630
13 17 5010800
13 16 4001440
14 17 4482190
14 12 4233770
15 10 5345410
15 13 4582630
15 12 5102710
15 8 3376420
16 23 4409440
16 20 3299190
16 6 4272400
16 13 4001440
17 14 4482190
17 13 5010800
17 19 5068620
17 25 5524400
18 22 3947450
18 25 6547930
18 19 6092150
19 17 5068620
19 18 6092150
19 22 2213240
20 16 3299190
20 25 4053650
20 23 3948050
21 24 2655000
21 23 4122180
21 7 4060270
22 18 3947450
22 19 2213240
23 21 4122180
23 24 3591120
23 16 4409440
23 20 3948050
24 21 2655000
24 23 3591120
25 20 4053650
25 18 6547930
25 17 5524400
