0 4 2030150
0 2 2927560
1 2 5442070
1 5 4903990
1 3 4198950
2 1 5442070
2 0 2927560
2 4 4748430
3 4 3505310
3 1 4198950
3 5 3864640
4 0 2030150
4 3 3505310
4 2 4748430
4 11 4059080
5 1 4903990
5 3 3864640
5 7 4535930
5 6 4254600
6 8 2808490
6 7 4220850
6 5 4254600
6 11 4103330
6 16 3620170
7 6 4220850
7 21 3557020
7 5 4535930
8 6 2808490
8 10 2717470
8 15 2770440
9 12 2499750
9 10 2681760
10 15 3810450
10 8 2717470
10 11 4012310
10 9 2681760
11 4 4059080
11 6 4103330
11 10 4012310
12 9 2499750
12 14 2972350
12 13 3397220
12 15 3628440
13 12 3397220
13 15 3632200
13 17 3456040
13 16 3350900
14 17 3031170
14 12 2972350
15 10 3810450
15 13 3632200
15 12 3628440
15 8 2770440
16 23 3364860
16 20 3405820
16 6 3620170
16 13 3350900
17 14 3031170
17 13 3456040
17 19 3298130
17 25 4302380
18 22 3562140
18 25 5924380
18 19 4920130
19 17 3298130
19 18 4920130
19 22 1727170
20 16 3405820
20 25 4302240
20 23 3469860
21 24 2854130
21 23 3020380
21 7 3557020
22 18 3562140
22 19 1727170
23 21 3020380
23 24 3262650
23 16 3364860
23 20 3469860
24 21 2854130
24 23 3262650
25 20 4302240
25 18 5924380
25 17 4302380
