0 4 2867520
0 2 3226620
1 2 5935260
1 5 5944850
1 3 5200940
2 1 5935260
2 0 3226620
2 4 5517260
3 4 4782940
3 1 5200940
3 5 5151630
4 0 2867520
4 3 4782940
4 2 5517260
4 11 5424220
5 1 5944850
5 3 5151630
5 7 5078610
5 6 5297620
6 8 3075280
6 7 4480690
6 5 5297620
6 11 5194990
6 16 4354350
7 6 4480690
7 21 3596460
7 5 5078610
8 6 3075280
8 10 3278750
8 15 2811360
9 12 2854840
9 10 3520600
10 15 4639250
10 8 3278750
10 11 5398460
10 9 3520600
11 4 5424220
11 6 5194990
11 10 5398460
12 9 2854840
12 14 3683320
12 13 3663440
12 15 3973490
13 12 3663440
13 15 3861810
13 17 4538470
13 16 3780380
14 17 4558350
14 12 3683320
15 10 4639250
15 13 3861810
15 12 3973490
15 8 2811360
16 23 4642680
16 20 3636170
16 6 4354350
16 13 3780380
17 14 4558350
17 13 4538470
17 19 4511600
17 25 5143010
18 22 3060170
18 25 5323340
18 19 4691930
19 17 4511600
19 18 4691930
19 22 1866260
20 16 3636170
20 25 4012090
20 23 4269850
21 24 2613570
21 23 4103800
21 7 3596460
22 18 3060170
22 19 1866260
23 21 4103800
23 24 3786130
23 16 4642680
23 20 4269850
24 21 2613570
24 23 3786130
25 20 4012090
25 18 5323340
25 17 5143010
