0 4 2587710
0 2 2631090
1 2 4708490
1 5 4577120
1 3 4017480
2 1 4708490
2 0 2631090
2 4 4657880
3 4 3966870
3 1 4017480
3 5 3878880
4 0 2587710
4 3 3966870
4 2 4657880
4 11 4637580
5 1 4577120
5 3 3878880
5 7 4974110
5 6 4310820
6 8 2999320
6 7 4846410
6 5 4310820
6 11 4421890
6 16 3497570
7 6 4846410
7 21 4327800
7 5 4974110
8 6 2999320
8 10 2955900
8 15 3060770
9 12 2230070
9 10 2723470
10 15 4201150
10 8 2955900
10 11 4378470
10 9 2723470
11 4 4637580
11 6 4421890
11 10 4378470
12 9 2230070
12 14 2450080
12 13 3305960
12 15 3707750
13 12 3305960
13 15 3904230
13 17 3810600
13 16 3157230
14 17 2954720
14 12 2450080
15 10 4201150
15 13 3904230
15 12 3707750
15 8 3060770
16 23 3130160
16 20 3192840
16 6 3497570
16 13 3157230
17 14 2954720
17 13 3810600
17 19 3279530
17 25 4728070
18 22 2363610
18 25 4843120
18 19 3394580
19 17 3279530
19 18 3394580
19 22 1409330
20 16 3192840
20 25 4455520
20 23 3510980
21 24 2756220
21 23 3297100
21 7 4327800
22 18 2363610
22 19 1409330
23 21 3297100
23 24 2907420
23 16 3130160
23 20 3510980
24 21 2756220
24 23 2907420
25 20 4455520
25 18 4843120
25 17 4728070
