0 4 2634170
0 2 2642500
1 2 4960630
1 5 4515880
1 3 4257700
2 1 4960630
2 0 2642500
2 4 4812190
3 4 4109260
3 1 4257700
3 5 3672840
4 0 2634170
4 3 4109260
4 2 4812190
4 11 4728500
5 1 4515880
5 3 3672840
5 7 4297590
5 6 4111960
6 8 3335810
6 7 4478530
6 5 4111960
6 11 4473020
6 16 3773960
7 6 4478530
7 21 3698980
7 5 4297590
8 6 3335810
8 10 3003010
8 15 3203340
9 12 2779450
9 10 2534350
10 15 3827630
10 8 3003010
10 11 4140220
10 9 2534350
11 4 4728500
11 6 4473020
11 10 4140220
12 9 2779450
12 14 3070380
12 13 4027960
12 15 4072730
13 12 4027960
13 15 3983190
13 17 4026910
13 16 3596720
14 17 3069330
14 12 3070380
15 10 3827630
15 13 3983190
15 12 4072730
15 8 3203340
16 23 4642710
16 20 3640070
16 6 3773960
16 13 3596720
17 14 3069330
17 13 4026910
17 19 3461150
17 25 4541860
18 22 2825840
18 25 5049900
18 19 3969190
19 17 3461150
19 18 3969190
19 22 1663550
20 16 3640070
20 25 4496720
20 23 5027760
21 24 3171190
21 23 4382100
21 7 3698980
22 18 2825840
22 19 1663550
23 21 4382100
23 24 4819490
23 16 4642710
23 20 5027760
24 21 3171190
24 23 4819490
25 20 4496720
25 18 5049900
25 17 4541860
