0 4 2594980
0 2 4010480
1 2 5886400
1 5 4352670
1 3 3827480
2 1 5886400
2 0 4010480
2 4 5837040
3 4 3778120
3 1 3827480
3 5 3659890
4 0 2594980
4 3 3778120
4 2 5837040
4 11 4639400
5 1 4352670
5 3 3659890
5 7 4807690
5 6 4487430
6 8 3344430
6 7 5110040
6 5 4487430
6 11 4823520
6 16 5156200
7 6 5110040
7 21 4847660
7 5 4807690
8 6 3344430
8 10 3508940
8 15 3336170
9 12 3532160
9 10 3419650
10 15 4946030
10 8 3508940
10 11 4988030
10 9 3419650
11 4 4639400
11 6 4823520
11 10 4988030
12 9 3532160
12 14 3940210
12 13 5095280
12 15 5058540
13 12 5095280
13 15 4810000
13 17 4732760
13 16 5184680
14 17 3577690
14 12 3940210
15 10 4946030
15 13 4810000
15 12 5058540
15 8 3336170
16 23 6214720
16 20 5099210
16 6 5156200
16 13 5184680
17 14 3577690
17 13 4732760
17 19 4311710
17 25 5511520
18 22 4440000
18 25 7345980
18 19 6146170
19 17 4311710
19 18 6146170
19 22 2298470
20 16 5099210
20 25 5540030
20 23 5791310
21 24 4297670
21 23 5585920
21 7 4847660
22 18 4440000
22 19 2298470
23 21 5585920
23 24 5618570
23 16 6214720
23 20 5791310
24 21 4297670
24 23 5618570
25 20 5540030
25 18 7345980
25 17 5511520
