0 4 2918440
0 2 4518170
1 2 7152920
1 5 5264340
1 3 4814290
2 1 7152920
2 0 4518170
2 4 6784450
3 4 4445820
3 1 4814290
3 5 4156970
4 0 2918440
4 3 4445820
4 2 6784450
4 11 5279590
5 1 5264340
5 3 4156970
5 7 5186190
5 6 4276160
6 8 2946350
6 7 4855330
6 5 4276160
6 11 4659880
6 16 3735830
7 6 4855330
7 21 4939370
7 5 5186190
8 6 2946350
8 10 3391450
8 15 3356530
9 12 3551360
9 10 3331410
10 15 4800580
10 8 3391450
10 11 5104980
10 9 3331410
11 4 5279590
11 6 4659880
11 10 5104980
12 9 3551360
12 14 4302150
12 13 5439700
12 15 5020530
13 12 5439700
13 15 5184830
13 17 5545790
13 16 4565180
14 17 4408240
14 12 4302150
15 10 4800580
15 13 5184830
15 12 5020530
15 8 3356530
16 23 5225770
16 20 4024830
16 6 3735830
16 13 4565180
17 14 4408240
17 13 5545790
17 19 4388660
17 25 5926130
18 22 3241610
18 25 5988190
18 19 4450720
19 17 4388660
19 18 4450720
19 22 2080630
20 16 4024830
20 25 5443990
20 23 5724240
21 24 3933110
21 23 5519280
21 7 4939370
22 18 3241610
22 19 2080630
23 21 5519280
23 24 5339010
23 16 5225770
23 20 5724240
24 21 3933110
24 23 5339010
25 20 5443990
25 18 5988190
25 17 5926130
