0 4 2888120
0 2 4039570
1 2 6254040
1 5 5002890
1 3 4442330
2 1 6254040
2 0 4039570
2 4 6190210
3 4 4378500
3 1 4442330
3 5 4278800
4 0 2888120
4 3 4378500
4 2 6190210
4 11 5294820
5 1 5002890
5 3 4278800
5 7 4941250
5 6 4879010
6 8 3556030
6 7 4980900
6 5 4879010
6 11 5234770
6 16 4879120
7 6 4980900
7 21 4369110
7 5 4941250
8 6 3556030
8 10 3605140
8 15 3551360
9 12 3086190
9 10 3456270
10 15 4963100
10 8 3605140
10 11 5283880
10 9 3456270
11 4 5294820
11 6 5234770
11 10 5283880
12 9 3086190
12 14 3608850
12 13 4096270
12 15 4593020
13 12 4096270
13 15 4412570
13 17 4113520
13 16 4377700
14 17 3626100
14 12 3608850
15 10 4963100
15 13 4412570
15 12 4593020
15 8 3551360
16 23 5439550
16 20 3952200
16 6 4879120
16 13 4377700
17 14 3626100
17 13 4113520
17 19 3943480
17 25 4610100
18 22 3709140
18 25 5577150
18 19 4910530
19 17 3943480
19 18 4910530
19 22 2374350
20 16 3952200
20 25 3986900
20 23 4552170
21 24 3351850
21 23 4867300
21 7 4369110
22 18 3709140
22 19 2374350
23 21 4867300
23 24 4524070
23 16 5439550
23 20 4552170
24 21 3351850
24 23 4524070
25 20 3986900
25 18 5577150
25 17 4610100
