0 4 2966550
0 2 2867450
1 2 5511040
1 5 4854640
1 3 4573950
2 1 5511040
2 0 2867450
2 4 5575960
3 4 4638870
3 1 4573950
3 5 3883370
4 0 2966550
4 3 4638870
4 2 5575960
4 11 5654710
5 1 4854640
5 3 3883370
5 7 5018500
5 6 5203260
6 8 4725880
6 7 6057700
6 5 5203260
6 11 5938410
6 16 5109980
7 6 6057700
7 21 5121940
7 5 5018500
8 6 4725880
8 10 4254570
8 15 4139060
9 12 2783490
9 10 3553710
10 15 5184330
10 8 4254570
10 11 5467100
10 9 3553710
11 4 5654710
11 6 5938410
11 10 5467100
12 9 2783490
12 14 3666730
12 13 3652100
12 15 4414110
13 12 3652100
13 15 4306810
13 17 4580920
13 16 3761150
14 17 4595550
14 12 3666730
15 10 5184330
15 13 4306810
15 12 4414110
15 8 4139060
16 23 6189020
16 20 3681320
16 6 5109980
16 13 3761150
17 14 4595550
17 13 4580920
17 19 4424020
17 25 5772740
18 22 3263570
18 25 5757400
18 19 4408680
19 17 4424020
19 18 4408680
19 22 2085890
20 16 3681320
20 25 4656790
20 23 5892840
21 24 4163940
21 23 6385740
21 7 5121940
22 18 3263570
22 19 2085890
23 21 6385740
23 24 6178740
23 16 6189020
23 20 5892840
24 21 4163940
24 23 6178740
25 20 4656790
25 18 5757400
25 17 5772740
