0 4 3316720
0 2 3629960
1 2 5493530
1 5 4821300
1 3 4228210
2 1 5493530
2 0 3629960
2 4 5577180
3 4 4311860
3 1 4228210
3 5 3952870
4 0 3316720
4 3 4311860
4 2 5577180
4 11 5115120
5 1 4821300
5 3 3952870
5 7 4562620
5 6 4663990
6 8 3351070
6 7 4680650
6 5 4663990
6 11 4874160
6 16 4710630
7 6 4680650
7 21 4327340
7 5 4562620
8 6 3351070
8 10 3453650
8 15 3823640
9 12 3802880
9 10 3441120
10 15 5357170
10 8 3453650
10 11 4976740
10 9 3441120
11 4 5115120
11 6 4874160
11 10 4976740
12 9 3802880
12 14 4822920
12 13 5581920
12 15 5718930
13 12 5581920
13 15 5590150
13 17 6365460
13 16 5046190
14 17 5606460
14 12 4822920
15 10 5357170
15 13 5590150
15 12 5718930
15 8 3823640
16 23 5393180
16 20 5144140
16 6 4710630
16 13 5046190
17 14 5606460
17 13 6365460
17 19 6390180
17 25 6990760
18 22 4455700
18 25 7261290
18 19 6660710
19 17 6390180
19 18 6660710
19 22 3297570
20 16 5144140
20 25 6176390
20 23 5898080
21 24 3726920
21 23 5111260
21 7 4327340
22 18 4455700
22 19 3297570
23 21 5111260
23 24 4762780
23 16 5393180
23 20 5898080
24 21 3726920
24 23 4762780
25 20 6176390
25 18 7261290
25 17 6990760
