0 4 2985240
0 2 4054560
1 2 6475920
1 5 5545050
1 3 4517650
2 1 6475920
2 0 4054560
2 4 6665840
3 4 4707570
3 1 4517650
3 5 4846020
4 0 2985240
4 3 4707570
4 2 6665840
4 11 5534370
5 1 5545050
5 3 4846020
5 7 5117800
5 6 5248010
6 8 3327060
6 7 4492390
6 5 5248010
6 11 5047410
6 16 4433900
7 6 4492390
7 21 4187360
7 5 5117800
8 6 3327060
8 10 3205490
8 15 3419590
9 12 3039540
9 10 2993290
10 15 4593560
10 8 3205490
10 11 4925840
10 9 2993290
11 4 5534370
11 6 5047410
11 10 4925840
12 9 3039540
12 14 3605680
12 13 4730970
12 15 4639810
13 12 4730970
13 15 4898820
13 17 4945640
13 16 4617590
14 17 3820350
14 12 3605680
15 10 4593560
15 13 4898820
15 12 4639810
15 8 3419590
16 23 4571980
16 20 4036760
16 6 4433900
16 13 4617590
17 14 3820350
17 13 4945640
17 19 4058740
17 25 5496370
18 22 3504440
18 25 6252760
18 19 4815130
19 17 4058740
19 18 4815130
19 22 1905490
20 16 4036760
20 25 4959880
20 23 4363540
21 24 3797960
21 23 4455650
21 7 4187360
22 18 3504440
22 19 1905490
23 21 4455650
23 24 4241070
23 16 4571980
23 20 4363540
24 21 3797960
24 23 4241070
25 20 4959880
25 18 6252760
25 17 5496370
