0 4 2331280
0 2 3182470
1 2 5369550
1 5 4696780
1 3 4124620
2 1 5369550
2 0 3182470
2 4 5115230
3 4 3870300
3 1 4124620
3 5 4048720
4 0 2331280
4 3 3870300
4 2 5115230
4 11 4319700
5 1 4696780
5 3 4048720
5 7 3636740
5 6 4326010
6 8 3160900
6 7 3341870
6 5 4326010
6 11 4203250
6 16 3888980
7 6 3341870
7 21 2740750
7 5 3636740
8 6 3160900
8 10 3309710
8 15 3616760
9 12 3057440
9 10 3034390
10 15 4635810
10 8 3309710
10 11 4352060
10 9 3034390
11 4 4319700
11 6 4203250
11 10 4352060
12 9 3057440
12 14 3786230
12 13 4587160
12 15 4658860
13 12 4587160
13 15 4871160
13 17 5422190
13 16 4273140
14 17 4621260
14 12 3786230
15 10 4635810
15 13 4871160
15 12 4658860
15 8 3616760
16 23 4467410
16 20 4434430
16 6 3888980
16 13 4273140
17 14 4621260
17 13 5422190
17 19 4750400
17 25 6224900
18 22 3622160
18 25 6485290
18 19 5010790
19 17 4750400
19 18 5010790
19 22 2067250
20 16 4434430
20 25 5763460
20 23 5155020
21 24 3062110
21 23 4008450
21 7 2740750
22 18 3622160
22 19 2067250
23 21 4008450
23 24 4241660
23 16 4467410
23 20 5155020
24 21 3062110
24 23 4241660
25 20 5763460
25 18 6485290
25 17 6224900
