0 4 3018470
0 2 2839350
1 2 4879640
1 5 4602220
1 3 4115640
2 1 4879640
2 0 2839350
2 4 5123120
3 4 4359120
3 1 4115640
3 5 3902580
4 0 3018470
4 3 4359120
4 2 5123120
4 11 5349260
5 1 4602220
5 3 3902580
5 7 4355150
5 6 4252620
6 8 3099170
6 7 4218610
6 5 4252620
6 11 4756180
6 16 3549580
7 6 4218610
7 21 3690650
7 5 4355150
8 6 3099170
8 10 3416430
8 15 3389920
9 12 2840130
9 10 3158250
10 15 4724090
10 8 3416430
10 11 5073440
10 9 3158250
11 4 5349260
11 6 4756180
11 10 5073440
12 9 2840130
12 14 3421440
12 13 4056160
12 15 4405970
13 12 4056160
13 15 4347770
13 17 4573300
13 16 3490520
14 17 3938580
14 12 3421440
15 10 4724090
15 13 4347770
15 12 4405970
15 8 3389920
16 23 3969920
16 20 3777740
16 6 3549580
16 13 3490520
17 14 3938580
17 13 4573300
17 19 4563430
17 25 5513630
18 22 3875980
18 25 6535850
18 19 5585650
19 17 4563430
19 18 5585650
19 22 2268550
20 16 3777740
20 25 5225510
20 23 4764580
21 24 3101360
21 23 4008460
21 7 3690650
22 18 3875980
22 19 2268550
23 21 4008460
23 24 4049660
23 16 3969920
23 20 4764580
24 21 3101360
24 23 4049660
25 20 5225510
25 18 6535850
25 17 5513630
