0 4 1899590
0 2 2048470
1 2 3564250
1 5 3341880
1 3 2891390
2 1 3564250
2 0 2048470
2 4 3402100
3 4 2729240
3 1 2891390
3 5 2655750
4 0 1899590
4 3 2729240
4 2 3402100
4 11 3364320
5 1 3341880
5 3 2655750
5 7 3184550
5 6 3172310
6 8 2288800
6 7 3250620
6 5 3172310
6 11 3356900
6 16 2850020
7 6 3250620
7 21 2777490
7 5 3184550
8 6 2288800
8 10 2134590
8 15 2072650
9 12 2112470
9 10 2239080
10 15 2868020
10 8 2134590
10 11 3202690
10 9 2239080
11 4 3364320
11 6 3356900
11 10 3202690
12 9 2112470
12 14 2337380
12 13 2577130
12 15 2741410
13 12 2577130
13 15 2641800
13 17 2959850
13 16 2469590
14 17 2720100
14 12 2337380
15 10 2868020
15 13 2641800
15 12 2741410
15 8 2072650
16 23 3207510
16 20 2472840
16 6 2850020
16 13 2469590
17 14 2720100
17 13 2959850
17 19 3362190
17 25 3271220
18 22 2525630
18 25 3890000
18 19 3980970
19 17 3362190
19 18 3980970
19 22 1826860
20 16 2472840
20 25 2792140
20 23 3218690
21 24 2374240
21 23 3122740
21 7 2777490
22 18 2525630
22 19 1826860
23 21 3122740
23 24 3204860
23 16 3207510
23 20 3218690
24 21 2374240
24 23 3204860
25 20 2792140
25 18 3890000
25 17 3271220
