0 4 2119110
0 2 2010790
1 2 3537790
1 5 3671470
1 3 3163810
2 1 3537790
2 0 2010790
2 4 3729600
3 4 3355620
3 1 3163810
3 5 3380980
4 0 2119110
4 3 3355620
4 2 3729600
4 11 3736240
5 1 3671470
5 3 3380980
5 7 3969240
5 6 3711820
6 8 2708750
6 7 3792420
6 5 3711820
6 11 3584780
6 16 3763310
7 6 3792420
7 21 3877140
7 5 3969240
8 6 2708750
8 10 2646240
8 15 3123010
9 12 2819380
9 10 2588430
10 15 3886750
10 8 2646240
10 11 3522270
10 9 2588430
11 4 3736240
11 6 3584780
11 10 3522270
12 9 2819380
12 14 3272080
12 13 3908310
12 15 4117700
13 12 3908310
13 15 4154130
13 17 4212700
13 16 3968180
14 17 3576470
14 12 3272080
15 10 3886750
15 13 4154130
15 12 4117700
15 8 3123010
16 23 5014660
16 20 4021690
16 6 3763310
16 13 3968180
17 14 3576470
17 13 4212700
17 19 3752060
17 25 4765330
18 22 2589920
18 25 4774010
18 19 3760740
19 17 3752060
19 18 3760740
19 22 1852640
20 16 4021690
20 25 4550880
20 23 5044730
21 24 3333010
21 23 4871070
21 7 3877140
22 18 2589920
22 19 1852640
23 21 4871070
23 24 4499640
23 16 5014660
23 20 5044730
24 21 3333010
24 23 4499640
25 20 4550880
25 18 4774010
25 17 4765330
