0 4 2256390
0 2 2630620
1 2 4495410
1 5 3654170
1 3 3425010
2 1 4495410
2 0 2630620
2 4 4537330
3 4 3466930
3 1 3425010
3 5 2999920
4 0 2256390
4 3 3466930
4 2 4537330
4 11 4295010
5 1 3654170
5 3 2999920
5 7 3349530
5 6 3723620
6 8 3511440
6 7 3844070
6 5 3723620
6 11 4322540
6 16 3775780
7 6 3844070
7 21 3107800
7 5 3349530
8 6 3511440
8 10 3828550
8 15 4038320
9 12 3544320
9 10 3354890
10 15 5062150
10 8 3828550
10 11 4639650
10 9 3354890
11 4 4295010
11 6 4322540
11 10 4639650
12 9 3544320
12 14 3841350
12 13 4638460
12 15 5251580
13 12 4638460
13 15 4658800
13 17 4427880
13 16 3689540
14 17 3630770
14 12 3841350
15 10 5062150
15 13 4658800
15 12 5251580
15 8 4038320
16 23 3766520
16 20 3039990
16 6 3775780
16 13 3689540
17 14 3630770
17 13 4427880
17 19 3958760
17 25 4393310
18 22 2861050
18 25 4418670
18 19 3984120
19 17 3958760
19 18 3984120
19 22 1984370
20 16 3039990
20 25 3361560
20 23 3473110
21 24 2602530
21 23 3472630
21 7 3107800
22 18 2861050
22 19 1984370
23 21 3472630
23 24 3329540
23 16 3766520
23 20 3473110
24 21 2602530
24 23 3329540
25 20 3361560
25 18 4418670
25 17 4393310
