0 4 3101070
0 2 2964610
1 2 5062640
1 5 4799590
1 3 4229640
2 1 5062640
2 0 2964610
2 4 5288040
3 4 4455040
3 1 4229640
3 5 4055530
4 0 3101070
4 3 4455040
4 2 5288040
4 11 5540830
5 1 4799590
5 3 4055530
5 7 5570970
5 6 5299250
6 8 4328900
6 7 6244740
6 5 5299250
6 11 5815090
6 16 5452430
7 6 6244740
7 21 5413590
7 5 5570970
8 6 4328900
8 10 3810030
8 15 4007780
9 12 2956980
9 10 3316900
10 15 5133030
10 8 3810030
10 11 5296220
10 9 3316900
11 4 5540830
11 6 5815090
11 10 5296220
12 9 2956980
12 14 3314100
12 13 4532170
12 15 4773110
13 12 4532170
13 15 5089840
13 17 4848890
13 16 4890370
14 17 3630820
14 12 3314100
15 10 5133030
15 13 5089840
15 12 4773110
15 8 4007780
16 23 6470990
16 20 4952860
16 6 5452430
16 13 4890370
17 14 3630820
17 13 4848890
17 19 4126050
17 25 5225290
18 22 3717530
18 25 6023920
18 19 4924680
19 17 4126050
19 18 4924680
19 22 2196070
20 16 4952860
20 25 5287790
20 23 6492010
21 24 3735570
21 23 6160430
21 7 5413590
22 18 3717530
22 19 2196070
23 21 6160430
23 24 5585280
23 16 6470990
23 20 6492010
24 21 3735570
24 23 5585280
25 20 5287790
25 18 6023920
25 17 5225290
