0 4 2439190
0 2 3033650
1 2 4633930
1 5 3785000
1 3 3425810
2 1 4633930
2 0 3033650
2 4 4766360
3 4 3558240
3 1 3425810
3 5 3303770
4 0 2439190
4 3 3558240
4 2 4766360
4 11 4346930
5 1 3785000
5 3 3303770
5 7 4933640
5 6 4392020
6 8 4272970
6 7 5662700
6 5 4392020
6 11 4821520
6 16 3927710
7 6 5662700
7 21 5048790
7 5 4933640
8 6 4272970
8 10 3725770
8 15 4343140
9 12 3499460
9 10 2844110
10 15 4644050
10 8 3725770
10 11 4274320
10 9 2844110
11 4 4346930
11 6 4821520
11 10 4274320
12 9 3499460
12 14 3921620
12 13 4716100
12 15 5299400
13 12 4716100
13 15 4678120
13 17 4403150
13 16 3414580
14 17 3608670
14 12 3921620
15 10 4644050
15 13 4678120
15 12 5299400
15 8 4343140
16 23 3727660
16 20 3459760
16 6 3927710
16 13 3414580
17 14 3608670
17 13 4403150
17 19 3743420
17 25 5492290
18 22 3009000
18 25 5878240
18 19 4129370
19 17 3743420
19 18 4129370
19 22 1654990
20 16 3459760
20 25 5229140
20 23 4453080
21 24 3131140
21 23 4307120
21 7 5048790
22 18 3009000
22 19 1654990
23 21 4307120
23 24 3545000
23 16 3727660
23 20 4453080
24 21 3131140
24 23 3545000
25 20 5229140
25 18 5878240
25 17 5492290
