0 4 3330150
0 2 4362670
1 2 6062890
1 5 4686240
1 3 4049100
2 1 6062890
2 0 4362670
2 4 6324860
3 4 4311070
3 1 4049100
3 5 3966940
4 0 3330150
4 3 4311070
4 2 6324860
4 11 4980170
5 1 4686240
5 3 3966940
5 7 3932930
5 6 4519790
6 8 3102730
6 7 3848640
6 5 4519790
6 11 4551750
6 16 4444830
7 6 3848640
7 21 3192970
7 5 3932930
8 6 3102730
8 10 3238010
8 15 3456960
9 12 3160740
9 10 3056370
10 15 4925010
10 8 3238010
10 11 4687030
10 9 3056370
11 4 4980170
11 6 4551750
11 10 4687030
12 9 3160740
12 14 4174800
12 13 4698560
12 15 5029380
13 12 4698560
13 15 4813140
13 17 5588720
13 16 4468240
14 17 5064960
14 12 4174800
15 10 4925010
15 13 4813140
15 12 5029380
15 8 3456960
16 23 5354780
16 20 4962280
16 6 4444830
16 13 4468240
17 14 5064960
17 13 5588720
17 19 5623800
17 25 6925860
18 22 3800320
18 25 7116020
18 19 5813960
19 17 5623800
19 18 5813960
19 22 2538840
20 16 4962280
20 25 6313500
20 23 5862900
21 24 3044910
21 23 4689780
21 7 3192970
22 18 3800320
22 19 2538840
23 21 4689780
23 24 4610530
23 16 5354780
23 20 5862900
24 21 3044910
24 23 4610530
25 20 6313500
25 18 7116020
25 17 6925860
