0 4 2346100
0 2 3528510
1 2 5317380
1 5 4055420
1 3 3309190
2 1 5317380
2 0 3528510
2 4 5440610
3 4 3432420
3 1 3309190
3 5 3352870
4 0 2346100
4 3 3432420
4 2 5440610
4 11 4432130
5 1 4055420
5 3 3352870
5 7 6180120
5 6 4788150
6 8 4225480
6 7 6869170
6 5 4788150
6 11 5041630
6 16 5075080
7 6 6869170
7 21 6659130
7 5 6180120
8 6 4225480
8 10 3943050
8 15 4267380
9 12 3659530
9 10 3425270
10 15 5236670
10 8 3943050
10 11 4759200
10 9 3425270
11 4 4432130
11 6 5041630
11 10 4759200
12 9 3659530
12 14 4116020
12 13 5388670
12 15 5470930
13 12 5388670
13 15 5478740
13 17 5769020
13 16 5034720
14 17 4496370
14 12 4116020
15 10 5236670
15 13 5478740
15 12 5470930
15 8 4267380
16 23 5966310
16 20 5729550
16 6 5075080
16 13 5034720
17 14 4496370
17 13 5769020
17 19 5362070
17 25 6486580
18 22 4549630
18 25 7272410
18 19 6147900
19 17 5362070
19 18 6147900
19 22 2984310
20 16 5729550
20 25 6808870
20 23 7022900
21 24 4234830
21 23 6158390
21 7 6659130
22 18 4549630
22 19 2984310
23 21 6158390
23 24 5336100
23 16 5966310
23 20 7022900
24 21 4234830
24 23 5336100
25 20 6808870
25 18 7272410
25 17 6486580
