0 4 3294890
0 2 3864390
1 2 6679210
1 5 5585630
1 3 4979830
2 1 6679210
2 0 3864390
2 4 6854520
3 4 5155140
3 1 4979830
3 5 4631060
4 0 3294890
4 3 5155140
4 2 6854520
4 11 6539170
5 1 5585630
5 3 4631060
5 7 5433000
5 6 5607220
6 8 4648170
6 7 5803360
6 5 5607220
6 11 6385450
6 16 4969480
7 6 5803360
7 21 4833970
7 5 5433000
8 6 4648170
8 10 5021480
8 15 5045330
9 12 5057260
9 10 4924760
10 15 6748050
10 8 5021480
10 11 6758760
10 9 4924760
11 4 6539170
11 6 6385450
11 10 6758760
12 9 5057260
12 14 4797780
12 13 6284720
12 15 6880550
13 12 6284720
13 15 6176070
13 17 5648370
13 16 4770810
14 17 4161430
14 12 4797780
15 10 6748050
15 13 6176070
15 12 6880550
15 8 5045330
16 23 4405790
16 20 3648960
16 6 4969480
16 13 4770810
17 14 4161430
17 13 5648370
17 19 4792740
17 25 5367560
18 22 4167260
18 25 6383820
18 19 5809000
19 17 4792740
19 18 5809000
19 22 2227240
20 16 3648960
20 25 4177580
20 23 4093370
21 24 4377250
21 23 4444500
21 7 4833970
22 18 4167260
22 19 2227240
23 21 4444500
23 24 4782950
23 16 4405790
23 20 4093370
24 21 4377250
24 23 4782950
25 20 4177580
25 18 6383820
25 17 5367560
