0 4 2823710
0 2 3133530
1 2 6072090
1 5 5826580
1 3 5321890
2 1 6072090
2 0 3133530
2 4 5636400
3 4 4886200
3 1 5321890
3 5 4950510
4 0 2823710
4 3 4886200
4 2 5636400
4 11 5766190
5 1 5826580
5 3 4950510
5 7 5463230
5 6 5154440
6 8 3760630
6 7 5162470
6 5 5154440
6 11 5529740
6 16 3990560
7 6 5162470
7 21 5054790
7 5 5463230
8 6 3760630
8 10 3878050
8 15 3838910
9 12 2790070
9 10 3353480
10 15 5049380
10 8 3878050
10 11 5647160
10 9 3353480
11 4 5766190
11 6 5529740
11 10 5647160
12 9 2790070
12 14 2722130
12 13 3904320
12 15 4485970
13 12 3904320
13 15 4428590
13 17 3595830
13 16 3487190
14 17 2413640
14 12 2722130
15 10 5049380
15 13 4428590
15 12 4485970
15 8 3838910
16 23 3848790
16 20 3442900
16 6 3990560
16 13 3487190
17 14 2413640
17 13 3595830
17 19 3004950
17 25 3806110
18 22 2380650
18 25 4021640
18 19 3220480
19 17 3004950
19 18 3220480
19 22 1825350
20 16 3442900
20 25 4012930
20 23 4164250
21 24 4057350
21 23 4604230
21 7 5054790
22 18 2380650
22 19 1825350
23 21 4604230
23 24 4023260
23 16 3848790
23 20 4164250
24 21 4057350
24 23 4023260
25 20 4012930
25 18 4021640
25 17 3806110
