0 4 2109050
0 2 2132890
1 2 3105050
1 5 3050220
1 3 2400110
2 1 3105050
2 0 2132890
2 4 3420700
3 4 2715760
3 1 2400110
3 5 2684770
4 0 2109050
4 3 2715760
4 2 3420700
4 11 3347540
5 1 3050220
5 3 2684770
5 7 3313630
5 6 3640030
6 8 3056380
6 7 3618780
6 5 3640030
6 11 3621700
6 16 3362190
7 6 3618780
7 21 3065690
7 5 3313630
8 6 3056380
8 10 2615940
8 15 2699670
9 12 1820200
9 10 2112290
10 15 3148030
10 8 2615940
10 11 3181260
10 9 2112290
11 4 3347540
11 6 3621700
11 10 3181260
12 9 1820200
12 14 1928120
12 13 2511390
12 15 2855940
13 12 2511390
13 15 2887210
13 17 2629250
13 16 2660930
14 17 2045980
14 12 1928120
15 10 3148030
15 13 2887210
15 12 2855940
15 8 2699670
16 23 3040870
16 20 2875340
16 6 3362190
16 13 2660930
17 14 2045980
17 13 2629250
17 19 2442130
17 25 2986550
18 22 1901240
18 25 3415680
18 19 2871260
19 17 2442130
19 18 2871260
19 22 1198400
20 16 2875340
20 25 3114370
20 23 3137010
21 24 2479900
21 23 3070770
21 7 3065690
22 18 1901240
22 19 1198400
23 21 3070770
23 24 2711670
23 16 3040870
23 20 3137010
24 21 2479900
24 23 2711670
25 20 3114370
25 18 3415680
25 17 2986550
