0 4 2282140
0 2 2075170
1 2 4079710
1 5 4130300
1 3 3720560
2 1 4079710
2 0 2075170
2 4 3946690
3 4 3587540
3 1 3720560
3 5 3431160
4 0 2282140
4 3 3587540
4 2 3946690
4 11 4176520
5 1 4130300
5 3 3431160
5 7 3775540
5 6 3971540
6 8 3394920
6 7 3906180
6 5 3971540
6 11 4150780
6 16 3755830
7 6 3906180
7 21 3309350
7 5 3775540
8 6 3394920
8 10 3273120
8 15 3646890
9 12 2767600
9 10 2693180
10 15 4232350
10 8 3273120
10 11 4028980
10 9 2693180
11 4 4176520
11 6 4150780
11 10 4028980
12 9 2767600
12 14 3096080
12 13 3856460
12 15 4306770
13 12 3856460
13 15 4155810
13 17 3808630
13 16 3557490
14 17 3048250
14 12 3096080
15 10 4232350
15 13 4155810
15 12 4306770
15 8 3646890
16 23 4112760
16 20 3638620
16 6 3755830
16 13 3557490
17 14 3048250
17 13 3808630
17 19 3579520
17 25 4232320
18 22 3460680
18 25 5314910
18 19 4662110
19 17 3579520
19 18 4662110
19 22 2045850
20 16 3638620
20 25 4210320
20 23 4341900
21 24 2722610
21 23 3862280
21 7 3309350
22 18 3460680
22 19 2045850
23 21 3862280
23 24 3676370
23 16 4112760
23 20 4341900
24 21 2722610
24 23 3676370
25 20 4210320
25 18 5314910
25 17 4232320
