0 4 2300820
0 2 2197610
1 2 3893330
1 5 3986150
1 3 3443300
2 1 3893330
2 0 2197610
2 4 3932030
3 4 3482000
3 1 3443300
3 5 3471610
4 0 2300820
4 3 3482000
4 2 3932030
4 11 4396300
5 1 3986150
5 3 3471610
5 7 4151610
5 6 4276900
6 8 3776440
6 7 4414050
6 5 4276900
6 11 4648350
6 16 3810720
7 6 4414050
7 21 3372720
7 5 4151610
8 6 3776440
8 10 3383250
8 15 3869680
9 12 2535860
9 10 2559010
10 15 4239390
10 8 3383250
10 11 4255160
10 9 2559010
11 4 4396300
11 6 4648350
11 10 4255160
12 9 2535860
12 14 2720260
12 13 3544630
12 15 4216240
13 12 3544630
13 15 4054210
13 17 3457680
13 16 3232350
14 17 2633310
14 12 2720260
15 10 4239390
15 13 4054210
15 12 4216240
15 8 3869680
16 23 3531150
16 20 3018310
16 6 3810720
16 13 3232350
17 14 2633310
17 13 3457680
17 19 2740500
17 25 3722080
18 22 2107980
18 25 3973970
18 19 2992390
19 17 2740500
19 18 2992390
19 22 1063830
20 16 3018310
20 25 3432960
20 23 3467360
21 24 2619550
21 23 3218440
21 7 3372720
22 18 2107980
22 19 1063830
23 21 3218440
23 24 3381310
23 16 3531150
23 20 3467360
24 21 2619550
24 23 3381310
25 20 3432960
25 18 3973970
25 17 3722080
