0 4 2069330
0 2 2101720
1 2 3840140
1 5 3803360
1 3 3313690
2 1 3840140
2 0 2101720
2 4 3737970
3 4 3211520
3 1 3313690
3 5 3207130
4 0 2069330
4 3 3211520
4 2 3737970
4 11 4032370
5 1 3803360
5 3 3207130
5 7 4077910
5 6 3683550
6 8 2732380
6 7 4064660
6 5 3683550
6 11 4014730
6 16 3506910
7 6 4064660
7 21 3542030
7 5 4077910
8 6 2732380
8 10 3063220
8 15 2871490
9 12 3118190
9 10 3109120
10 15 4140250
10 8 3063220
10 11 4345570
10 9 3109120
11 4 4032370
11 6 4014730
11 10 4345570
12 9 3118190
12 14 3226640
12 13 4183140
12 15 4149320
13 12 4183140
13 15 3982340
13 17 4162250
13 16 3679840
14 17 3205750
14 12 3226640
15 10 4140250
15 13 3982340
15 12 4149320
15 8 2871490
16 23 4244400
16 20 3431290
16 6 3506910
16 13 3679840
17 14 3205750
17 13 4162250
17 19 3664720
17 25 4868210
18 22 3173200
18 25 5631920
18 19 4428430
19 17 3664720
19 18 4428430
19 22 1765870
20 16 3431290
20 25 4473570
20 23 4332170
21 24 2449200
21 23 3885160
21 7 3542030
22 18 3173200
22 19 1765870
23 21 3885160
23 24 3709320
23 16 4244400
23 20 4332170
24 21 2449200
24 23 3709320
25 20 4473570
25 18 5631920
25 17 4868210
