0 4 2799640
0 2 4446580
1 2 6981450
1 5 5192850
1 3 4728660
2 1 6981450
2 0 4446580
2 4 6699360
3 4 4446570
3 1 4728660
3 5 4304910
4 0 2799640
4 3 4446570
4 2 6699360
4 11 5296870
5 1 5192850
5 3 4304910
5 7 5037940
5 6 4666560
6 8 3210550
6 7 4935400
6 5 4666560
6 11 5052670
6 16 3775950
7 6 4935400
7 21 4369360
7 5 5037940
8 6 3210550
8 10 3406380
8 15 3365200
9 12 2779500
9 10 3366880
10 15 4914500
10 8 3406380
10 11 5248500
10 9 3366880
11 4 5296870
11 6 5052670
11 10 5248500
12 9 2779500
12 14 3215390
12 13 3763460
12 15 4327120
13 12 3763460
13 15 4309660
13 17 4614870
13 16 3366940
14 17 4066800
14 12 3215390
15 10 4914500
15 13 4309660
15 12 4327120
15 8 3365200
16 23 3613640
16 20 3682540
16 6 3775950
16 13 3366940
17 14 4066800
17 13 4614870
17 19 4777150
17 25 5675740
18 22 3390180
18 25 5867560
18 19 4968970
19 17 4777150
19 18 4968970
19 22 2491770
20 16 3682540
20 25 5122470
20 23 4308300
21 24 3332410
21 23 3835670
21 7 4369360
22 18 3390180
22 19 2491770
23 21 3835670
23 24 3736140
23 16 3613640
23 20 4308300
24 21 3332410
24 23 3736140
25 20 5122470
25 18 5867560
25 17 5675740
