0 4 2960520
0 2 3492940
1 2 6680830
1 5 6476870
1 3 5862310
2 1 6680830
2 0 3492940
2 4 5813520
3 4 4995000
3 1 5862310
3 5 5323460
4 0 2960520
4 3 4995000
4 2 5813520
4 11 5322800
5 1 6476870
5 3 5323460
5 7 5198960
5 6 5167250
6 8 3264550
6 7 4428190
6 5 5167250
6 11 4880490
6 16 4276350
7 6 4428190
7 21 3452230
7 5 5198960
8 6 3264550
8 10 3578960
8 15 3555030
9 12 2792860
9 10 3312630
10 15 5001370
10 8 3578960
10 11 5194900
10 9 3312630
11 4 5322800
11 6 4880490
11 10 5194900
12 9 2792860
12 14 3322000
12 13 4253280
12 15 4481600
13 12 4253280
13 15 4749120
13 17 4573900
13 16 4338510
14 17 3642620
14 12 3322000
15 10 5001370
15 13 4749120
15 12 4481600
15 8 3555030
16 23 4412180
16 20 3789670
16 6 4276350
16 13 4338510
17 14 3642620
17 13 4573900
17 19 3612570
17 25 4683210
18 22 2547350
18 25 4693720
18 19 3623080
19 17 3612570
19 18 3623080
19 22 1522410
20 16 3789670
20 25 4081270
20 23 4045630
21 24 2787890
21 23 3556350
21 7 3452230
22 18 2547350
22 19 1522410
23 21 3556350
23 24 3899680
23 16 4412180
23 20 4045630
24 21 2787890
24 23 3899680
25 20 4081270
25 18 4693720
25 17 4683210
