0 4 2027290
0 2 3450460
1 2 5651020
1 5 4326470
1 3 3751680
2 1 5651020
2 0 3450460
2 4 4843190
3 4 2943850
3 1 3751680
3 5 3042470
4 0 2027290
4 3 2943850
4 2 4843190
4 11 3418580
5 1 4326470
5 3 3042470
5 7 4278150
5 6 3701230
6 8 2969320
6 7 4362120
6 5 3701230
6 11 3601170
6 16 3823320
7 6 4362120
7 21 4225300
7 5 4278150
8 6 2969320
8 10 2666980
8 15 3073700
9 12 2532230
9 10 2243560
10 15 3587240
10 8 2666980
10 11 3298830
10 9 2243560
11 4 3418580
11 6 3601170
11 10 3298830
12 9 2532230
12 14 3083950
12 13 3869670
12 15 3875910
13 12 3869670
13 15 3987720
13 17 4080350
13 16 3921460
14 17 3294630
14 12 3083950
15 10 3587240
15 13 3987720
15 12 3875910
15 8 3073700
16 23 5256930
16 20 4292010
16 6 3823320
16 13 3921460
17 14 3294630
17 13 4080350
17 19 3681400
17 25 4760630
18 22 2742770
18 25 5054150
18 19 3974920
19 17 3681400
19 18 3974920
19 22 1951430
20 16 4292010
20 25 5032310
20 23 5687500
21 24 3381330
21 23 5081990
21 7 4225300
22 18 2742770
22 19 1951430
23 21 5081990
23 24 4951760
23 16 5256930
23 20 5687500
24 21 3381330
24 23 4951760
25 20 5032310
25 18 5054150
25 17 4760630
