0 4 2737130
0 2 3313450
1 2 5043100
1 5 3931360
1 3 3468290
2 1 5043100
2 0 3313450
2 4 5347720
3 4 3772910
3 1 3468290
3 5 3237490
4 0 2737130
4 3 3772910
4 2 5347720
4 11 4732430
5 1 3931360
5 3 3237490
5 7 4161190
5 6 4095290
6 8 3350010
6 7 4555920
6 5 4095290
6 11 4591740
6 16 4004440
7 6 4555920
7 21 4032060
7 5 4161190
8 6 3350010
8 10 3022800
8 15 3171660
9 12 2541410
9 10 2595600
10 15 3984460
10 8 3022800
10 11 4264530
10 9 2595600
11 4 4732430
11 6 4591740
11 10 4264530
12 9 2541410
12 14 2688500
12 13 3836330
12 15 3930270
13 12 3836330
13 15 4039380
13 17 3823540
13 16 3732150
14 17 2675710
14 12 2688500
15 10 3984460
15 13 4039380
15 12 3930270
15 8 3171660
16 23 4587690
16 20 3243610
16 6 4004440
16 13 3732150
17 14 2675710
17 13 3823540
17 19 3230000
17 25 3666920
18 22 2558060
18 25 4262170
18 19 3825250
19 17 3230000
19 18 3825250
19 22 1491170
20 16 3243610
20 25 3300280
20 23 4312440
21 24 2905540
21 23 4549410
21 7 4032060
22 18 2558060
22 19 1491170
23 21 4549410
23 24 4012650
23 16 4587690
23 20 4312440
24 21 2905540
24 23 4012650
25 20 3300280
25 18 4262170
25 17 3666920
