0 4 134550
0 2 38470
1 2 470980
1 5 676640
1 3 85180
2 1 470980
2 0 38470
2 4 538700
3 4 107850
3 1 85180
3 5 126150
4 0 134550
4 3 107850
4 2 538700
4 11 820860
5 1 676640
5 3 126150
5 7 362460
5 6 483070
6 8 133060
6 7 228020
6 5 483070
6 11 114420
6 16 484460
7 6 228020
7 21 704160
7 5 362460
8 6 133060
8 10 15630
8 15 195120
9 12 75400
9 10 26470
10 15 825960
10 8 15630
10 11 809140
10 9 26470
11 4 820860
11 6 114420
11 10 809140
12 9 75400
12 14 333080
12 13 64850
12 15 367740
13 12 64850
13 15 660410
13 17 643500
13 16 387910
14 17 381890
14 12 333080
15 10 825960
15 13 660410
15 12 367740
15 8 195120
16 23 546510
16 20 401860
16 6 484460
16 13 387910
17 14 381890
17 13 643500
17 19 67910
17 25 794120
18 22 72290
18 25 1455770
18 19 144900
19 17 67910
19 18 144900
19 22 31690
20 16 401860
20 25 1017090
20 23 755370
21 24 396370
21 23 428320
21 7 704160
22 18 72290
22 19 31690
23 21 428320
23 24 533420
23 16 546510
23 20 755370
24 21 396370
24 23 533420
25 20 1017090
25 18 1455770
25 17 794120
