0 4 843270
0 2 143860
1 2 3171390
1 5 5448900
1 3 905450
2 1 3171390
2 0 143860
2 4 4231680
3 4 1298830
3 1 905450
3 5 183320
4 0 843270
4 3 1298830
4 2 4231680
4 11 6766950
5 1 5448900
5 3 183320
5 7 2572160
5 6 3513630
6 8 997630
6 7 1612850
6 5 3513630
6 11 733390
6 16 3463030
7 6 1612850
7 21 4607670
7 5 2572160
8 6 997630
8 10 413250
8 15 1204650
9 12 493970
9 10 266400
10 15 6393750
10 8 413250
10 11 6654740
10 9 266400
11 4 6766950
11 6 733390
11 10 6654740
12 9 493970
12 14 2263360
12 13 796900
12 15 2066750
13 12 796900
13 15 5646430
13 17 5230330
13 16 2156010
14 17 2304480
14 12 2263360
15 10 6393750
15 13 5646430
15 12 2066750
15 8 1204650
16 23 3267660
16 20 2106100
16 6 3463030
16 13 2156010
17 14 2304480
17 13 5230330
17 19 1121370
17 25 5465790
18 22 431070
18 25 9025600
18 19 260390
19 17 1121370
19 18 260390
19 22 601750
20 16 2106100
20 25 6157740
20 23 4386200
21 24 2218020
21 23 2667170
21 7 4607670
22 18 431070
22 19 601750
23 21 2667170
23 24 2357100
23 16 3267660
23 20 4386200
24 21 2218020
24 23 2357100
25 20 6157740
25 18 9025600
25 17 5465790
