0 4 141970
0 2 43460
1 2 652540
1 5 979560
1 3 96440
2 1 652540
2 0 43460
2 4 871910
3 4 156000
3 1 96440
3 5 19510
4 0 141970
4 3 156000
4 2 871910
4 11 1269030
5 1 979560
5 3 19510
5 7 450140
5 6 544640
6 8 445820
6 7 471560
6 5 544640
6 11 108500
6 16 536170
7 6 471560
7 21 578890
7 5 450140
8 6 445820
8 10 51010
8 15 453210
9 12 44250
9 10 50550
10 15 1251840
10 8 51010
10 11 1254000
10 9 50550
11 4 1269030
11 6 108500
11 10 1254000
12 9 44250
12 14 356890
12 13 112240
12 15 760610
13 12 112240
13 15 957510
13 17 855480
13 16 389800
14 17 346940
14 12 356890
15 10 1251840
15 13 957510
15 12 760610
15 8 453210
16 23 478980
16 20 484890
16 6 536170
16 13 389800
17 14 346940
17 13 855480
17 19 194680
17 25 831260
18 22 101820
18 25 1368080
18 19 115180
19 17 194680
19 18 115180
19 22 73740
20 16 484890
20 25 1063790
20 23 729870
21 24 235620
21 23 376170
21 7 578890
22 18 101820
22 19 73740
23 21 376170
23 24 446330
23 16 478980
23 20 729870
24 21 235620
24 23 446330
25 20 1063790
25 18 1368080
25 17 831260
