0 4 239570
0 2 73470
1 2 1238090
1 5 1916690
1 3 555950
2 1 1238090
2 0 73470
2 4 1313610
3 4 821940
3 1 555950
3 5 267630
4 0 239570
4 3 821940
4 2 1313610
4 11 2422490
5 1 1916690
5 3 267630
5 7 1207770
5 6 1061820
6 8 707620
6 7 755350
6 5 1061820
6 11 132950
6 16 1021860
7 6 755350
7 21 1541100
7 5 1207770
8 6 707620
8 10 174240
8 15 657450
9 12 85370
9 10 143870
10 15 2194340
10 8 174240
10 11 2251310
10 9 143870
11 4 2422490
11 6 132950
11 10 2251310
12 9 85370
12 14 1026260
12 13 203610
12 15 1564380
13 12 203610
13 15 1279850
13 17 1360450
13 16 698030
14 17 950350
14 12 1026260
15 10 2194340
15 13 1279850
15 12 1564380
15 8 657450
16 23 708970
16 20 875830
16 6 1021860
16 13 698030
17 14 950350
17 13 1360450
17 19 281340
17 25 1684790
18 22 216370
18 25 3244020
18 19 152300
19 17 281340
19 18 152300
19 22 74860
20 16 875830
20 25 2467150
20 23 1811960
21 24 755140
21 23 881020
21 7 1541100
22 18 216370
22 19 74860
23 21 881020
23 24 703730
23 16 708970
23 20 1811960
24 21 755140
24 23 703730
25 20 2467150
25 18 3244020
25 17 1684790
