0 4 174250
0 2 52240
1 2 858600
1 5 1271650
1 3 133090
2 1 858600
2 0 52240
2 4 491380
3 4 150480
3 1 133090
3 5 3150
4 0 174250
4 3 150480
4 2 491380
4 11 966090
5 1 1271650
5 3 3150
5 7 534110
5 6 728700
6 8 308430
6 7 550330
6 5 728700
6 11 187680
6 16 737070
7 6 550330
7 21 978430
7 5 534110
8 6 308430
8 10 37080
8 15 324570
9 12 130500
9 10 27130
10 15 1046490
10 8 37080
10 11 953680
10 9 27130
11 4 966090
11 6 187680
11 10 953680
12 9 130500
12 14 275760
12 13 330310
12 15 431230
13 12 330310
13 15 994920
13 17 827700
13 16 498030
14 17 327780
14 12 275760
15 10 1046490
15 13 994920
15 12 431230
15 8 324570
16 23 979640
16 20 372250
16 6 737070
16 13 498030
17 14 327780
17 13 827700
17 19 128700
17 25 940810
18 22 222410
18 25 1849700
18 19 90440
19 17 128700
19 18 90440
19 22 91440
20 16 372250
20 25 1141750
20 23 856890
21 24 430620
21 23 518310
21 7 978430
22 18 222410
22 19 91440
23 21 518310
23 24 590830
23 16 979640
23 20 856890
24 21 430620
24 23 590830
25 20 1141750
25 18 1849700
25 17 940810
