0 4 80320
0 2 25010
1 2 308070
1 5 357610
1 3 132610
2 1 308070
2 0 25010
2 4 536290
3 4 150990
3 1 132610
3 5 78270
4 0 80320
4 3 150990
4 2 536290
4 11 894330
5 1 357610
5 3 78270
5 7 277760
5 6 228130
6 8 253570
6 7 362990
6 5 228130
6 11 103270
6 16 294980
7 6 362990
7 21 626540
7 5 277760
8 6 253570
8 10 90060
8 15 284980
9 12 35030
9 10 40730
10 15 880220
10 8 90060
10 11 901510
10 9 40730
11 4 894330
11 6 103270
11 10 901510
12 9 35030
12 14 329610
12 13 73670
12 15 472120
13 12 73670
13 15 679170
13 17 606620
13 16 262570
14 17 307990
14 12 329610
15 10 880220
15 13 679170
15 12 472120
15 8 284980
16 23 319700
16 20 285320
16 6 294980
16 13 262570
17 14 307990
17 13 606620
17 19 68130
17 25 782500
18 22 67750
18 25 1234260
18 19 68930
19 17 68130
19 18 68930
19 22 34400
20 16 285320
20 25 779800
20 23 537320
21 24 370640
21 23 259530
21 7 626540
22 18 67750
22 19 34400
23 21 259530
23 24 420840
23 16 319700
23 20 537320
24 21 370640
24 23 420840
25 20 779800
25 18 1234260
25 17 782500
