0 4 473060
0 2 118900
1 2 2075420
1 5 3649340
1 3 384750
2 1 2075420
2 0 118900
2 4 1801980
3 4 616810
3 1 384750
3 5 221960
4 0 473060
4 3 616810
4 2 1801980
4 11 2915610
5 1 3649340
5 3 221960
5 7 1556710
5 6 2342030
6 8 442160
6 7 364070
6 5 2342030
6 11 240640
6 16 2167790
7 6 364070
7 21 2197840
7 5 1556710
8 6 442160
8 10 185410
8 15 424930
9 12 185040
9 10 67740
10 15 2689900
10 8 185410
10 11 2847080
10 9 67740
11 4 2915610
11 6 240640
11 10 2847080
12 9 185040
12 14 972210
12 13 530560
12 15 813870
13 12 530560
13 15 2445720
13 17 2451550
13 16 1454360
14 17 965760
14 12 972210
15 10 2689900
15 13 2445720
15 12 813870
15 8 424930
16 23 2189660
16 20 1429980
16 6 2167790
16 13 1454360
17 14 965760
17 13 2451550
17 19 610040
17 25 2326590
18 22 344010
18 25 4995320
18 19 385670
19 17 610040
19 18 385670
19 22 145250
20 16 1429980
20 25 3997080
20 23 2962460
21 24 836390
21 23 1422130
21 7 2197840
22 18 344010
22 19 145250
23 21 1422130
23 24 2116500
23 16 2189660
23 20 2962460
24 21 836390
24 23 2116500
25 20 3997080
25 18 4995320
25 17 2326590
