0 4 971940
0 2 260850
1 2 4355150
1 5 6809560
1 3 987100
2 1 4355150
2 0 260850
2 4 5141420
3 4 1556790
3 1 987100
3 5 152610
4 0 971940
4 3 1556790
4 2 5141420
4 11 7961280
5 1 6809560
5 3 152610
5 7 2837720
5 6 4697690
6 8 879560
6 7 1738660
6 5 4697690
6 11 769810
6 16 4700980
7 6 1738660
7 21 5130410
7 5 2837720
8 6 879560
8 10 529820
8 15 880700
9 12 624440
9 10 383410
10 15 7204210
10 8 529820
10 11 7471620
10 9 383410
11 4 7961280
11 6 769810
11 10 7471620
12 9 624440
12 14 1876070
12 13 1505610
12 15 2328640
13 12 1505610
13 15 6050020
13 17 5822320
13 16 3126690
14 17 2060900
14 12 1876070
15 10 7204210
15 13 6050020
15 12 2328640
15 8 880700
16 23 4695060
16 20 3225850
16 6 4700980
16 13 3126690
17 14 2060900
17 13 5822320
17 19 1131880
17 25 5437430
18 22 766270
18 25 10749030
18 19 338950
19 17 1131880
19 18 338950
19 22 682090
20 16 3225850
20 25 8035680
20 23 5301470
21 24 2355460
21 23 3014660
21 7 5130410
22 18 766270
22 19 682090
23 21 3014660
23 24 3131520
23 16 4695060
23 20 5301470
24 21 2355460
24 23 3131520
25 20 8035680
25 18 10749030
25 17 5437430
