0 4 216600
0 2 40440
1 2 805160
1 5 1041750
1 3 176420
2 1 805160
2 0 40440
2 4 1201250
3 4 224300
3 1 176420
3 5 135750
4 0 216600
4 3 224300
4 2 1201250
4 11 1761450
5 1 1041750
5 3 135750
5 7 606670
5 6 593390
6 8 208350
6 7 371680
6 5 593390
6 11 142270
6 16 559950
7 6 371680
7 21 1008410
7 5 606670
8 6 208350
8 10 117170
8 15 242770
9 12 50040
9 10 48890
10 15 1574180
10 8 117170
10 11 1618190
10 9 48890
11 4 1761450
11 6 142270
11 10 1618190
12 9 50040
12 14 262590
12 13 193390
12 15 789130
13 12 193390
13 15 985510
13 17 992020
13 16 450920
14 17 303200
14 12 262590
15 10 1574180
15 13 985510
15 12 789130
15 8 242770
16 23 838280
16 20 239760
16 6 559950
16 13 450920
17 14 303200
17 13 992020
17 19 181780
17 25 939450
18 22 32080
18 25 1223250
18 19 85080
19 17 181780
19 18 85080
19 22 72640
20 16 239760
20 25 882440
20 23 703840
21 24 494910
21 23 485750
21 7 1008410
22 18 32080
22 19 72640
23 21 485750
23 24 451150
23 16 838280
23 20 703840
24 21 494910
24 23 451150
25 20 882440
25 18 1223250
25 17 939450
