0 4 253880
0 2 56660
1 2 2093930
1 5 2571060
1 3 281240
2 1 2093930
2 0 56660
2 4 2554150
3 4 410410
3 1 281240
3 5 164840
4 0 253880
4 3 410410
4 2 2554150
4 11 3410130
5 1 2571060
5 3 164840
5 7 1222800
5 6 1615880
6 8 634510
6 7 720530
6 5 1615880
6 11 143690
6 16 1452720
7 6 720530
7 21 2045080
7 5 1222800
8 6 634510
8 10 124480
8 15 581150
9 12 214590
9 10 147700
10 15 2973430
10 8 124480
10 11 3202580
10 9 147700
11 4 3410130
11 6 143690
11 10 3202580
12 9 214590
12 14 824090
12 13 502710
12 15 804300
13 12 502710
13 15 2681600
13 17 2550410
13 16 927980
14 17 874600
14 12 824090
15 10 2973430
15 13 2681600
15 12 804300
15 8 581150
16 23 1776570
16 20 614670
16 6 1452720
16 13 927980
17 14 874600
17 13 2550410
17 19 349140
17 25 2645120
18 22 111240
18 25 3464030
18 19 215010
19 17 349140
19 18 215010
19 22 193910
20 16 614670
20 25 2217600
20 23 1578730
21 24 1155110
21 23 961100
21 7 2045080
22 18 111240
22 19 193910
23 21 961100
23 24 847120
23 16 1776570
23 20 1578730
24 21 1155110
24 23 847120
25 20 2217600
25 18 3464030
25 17 2645120
