0 4 295230
0 2 24960
1 2 2499270
1 5 3522660
1 3 616720
2 1 2499270
2 0 24960
2 4 3797830
3 4 767900
3 1 616720
3 5 259920
4 0 295230
4 3 767900
4 2 3797830
4 11 4953300
5 1 3522660
5 3 259920
5 7 1453080
5 6 2421730
6 8 758940
6 7 1008730
6 5 2421730
6 11 322470
6 16 2320440
7 6 1008730
7 21 2324400
7 5 1453080
8 6 758940
8 10 259670
8 15 686500
9 12 431230
9 10 291700
10 15 4826120
10 8 259670
10 11 5077320
10 9 291700
11 4 4953300
11 6 322470
11 10 5077320
12 9 431230
12 14 2222920
12 13 616650
12 15 1923300
13 12 616650
13 15 3686940
13 17 3150730
13 16 1795600
14 17 2252480
14 12 2222920
15 10 4826120
15 13 3686940
15 12 1923300
15 8 686500
16 23 3035670
16 20 918080
16 6 2320440
16 13 1795600
17 14 2252480
17 13 3150730
17 19 453370
17 25 4456120
18 22 316040
18 25 5979950
18 19 301010
19 17 453370
19 18 301010
19 22 241940
20 16 918080
20 25 3711710
20 23 3090720
21 24 1195510
21 23 1317610
21 7 2324400
22 18 316040
22 19 241940
23 21 1317610
23 24 2237790
23 16 3035670
23 20 3090720
24 21 1195510
24 23 2237790
25 20 3711710
25 18 5979950
25 17 4456120
