0 4 234570
0 2 29600
1 2 405320
1 5 783030
1 3 177620
2 1 405320
2 0 29600
2 4 671300
3 4 302860
3 1 177620
3 5 103370
4 0 234570
4 3 302860
4 2 671300
4 11 1092630
5 1 783030
5 3 103370
5 7 207890
5 6 696770
6 8 530290
6 7 551760
6 5 696770
6 11 74560
6 16 613170
7 6 551760
7 21 701500
7 5 207890
8 6 530290
8 10 31460
8 15 464910
9 12 131520
9 10 35280
10 15 1114650
10 8 31460
10 11 1033390
10 9 35280
11 4 1092630
11 6 74560
11 10 1033390
12 9 131520
12 14 501600
12 13 148160
12 15 558200
13 12 148160
13 15 1034460
13 17 1058250
13 16 399120
14 17 578490
14 12 501600
15 10 1114650
15 13 1034460
15 12 558200
15 8 464910
16 23 594800
16 20 332040
16 6 613170
16 13 399120
17 14 578490
17 13 1058250
17 19 227570
17 25 1225360
18 22 75010
18 25 1818100
18 19 32560
19 17 227570
19 18 32560
19 22 93860
20 16 332040
20 25 1320080
20 23 939050
21 24 228550
21 23 398280
21 7 701500
22 18 75010
22 19 93860
23 21 398280
23 24 531590
23 16 594800
23 20 939050
24 21 228550
24 23 531590
25 20 1320080
25 18 1818100
25 17 1225360
