0 4 59250
0 2 64630
1 2 786110
1 5 1291300
1 3 232390
2 1 786110
2 0 64630
2 4 646630
3 4 347730
3 1 232390
3 5 106500
4 0 59250
4 3 347730
4 2 646630
4 11 1152990
5 1 1291300
5 3 106500
5 7 574970
5 6 877900
6 8 98840
6 7 218470
6 5 877900
6 11 121860
6 16 841520
7 6 218470
7 21 658620
7 5 574970
8 6 98840
8 10 71370
8 15 154200
9 12 48250
9 10 18270
10 15 1094390
10 8 71370
10 11 1126490
10 9 18270
11 4 1152990
11 6 121860
11 10 1126490
12 9 48250
12 14 302950
12 13 112120
12 15 433570
13 12 112120
13 15 837320
13 17 787360
13 16 290430
14 17 264450
14 12 302950
15 10 1094390
15 13 837320
15 12 433570
15 8 154200
16 23 858820
16 20 459500
16 6 841520
16 13 290430
17 14 264450
17 13 787360
17 19 122990
17 25 744480
18 22 125410
18 25 1357080
18 19 81850
19 17 122990
19 18 81850
19 22 82860
20 16 459500
20 25 913870
20 23 525020
21 24 432120
21 23 274670
21 7 658620
22 18 125410
22 19 82860
23 21 274670
23 24 381430
23 16 858820
23 20 525020
24 21 432120
24 23 381430
25 20 913870
25 18 1357080
25 17 744480
