0 4 223040
0 2 72640
1 2 719560
1 5 1489360
1 3 736310
2 1 719560
2 0 72640
2 4 1226040
3 4 784310
3 1 736310
3 5 67660
4 0 223040
4 3 784310
4 2 1226040
4 11 2389360
5 1 1489360
5 3 67660
5 7 547020
5 6 1096910
6 8 428170
6 7 656950
6 5 1096910
6 11 261490
6 16 1138760
7 6 656950
7 21 969330
7 5 547020
8 6 428170
8 10 36390
8 15 388670
9 12 159570
9 10 104400
10 15 2274180
10 8 36390
10 11 2291020
10 9 104400
11 4 2389360
11 6 261490
11 10 2291020
12 9 159570
12 14 546300
12 13 261620
12 15 1131850
13 12 261620
13 15 1508740
13 17 1387570
13 16 699270
14 17 519010
14 12 546300
15 10 2274180
15 13 1508740
15 12 1131850
15 8 388670
16 23 939220
16 20 1003280
16 6 1138760
16 13 699270
17 14 519010
17 13 1387570
17 19 211440
17 25 1385690
18 22 61140
18 25 2386930
18 19 136310
19 17 211440
19 18 136310
19 22 102760
20 16 1003280
20 25 1867030
20 23 894070
21 24 665050
21 23 340500
21 7 969330
22 18 61140
22 19 102760
23 21 340500
23 24 756860
23 16 939220
23 20 894070
24 21 665050
24 23 756860
25 20 1867030
25 18 2386930
25 17 1385690
