0 4 403620
0 2 97940
1 2 1788530
1 5 2272520
1 3 385590
2 1 1788530
2 0 97940
2 4 1816890
3 4 371450
3 1 385590
3 5 199520
4 0 403620
4 3 371450
4 2 1816890
4 11 2731130
5 1 2272520
5 3 199520
5 7 1206090
5 6 1358480
6 8 627260
6 7 928030
6 5 1358480
6 11 427950
6 16 1180710
7 6 928030
7 21 1903600
7 5 1206090
8 6 627260
8 10 181150
8 15 552090
9 12 195870
9 10 187940
10 15 2380930
10 8 181150
10 11 2475100
10 9 187940
11 4 2731130
11 6 427950
11 10 2475100
12 9 195870
12 14 648060
12 13 507700
12 15 1079880
13 12 507700
13 15 1889460
13 17 1933780
13 16 1039630
14 17 901650
14 12 648060
15 10 2380930
15 13 1889460
15 12 1079880
15 8 552090
16 23 1794540
16 20 462890
16 6 1180710
16 13 1039630
17 14 901650
17 13 1933780
17 19 351020
17 25 1974180
18 22 299400
18 25 3315580
18 19 70440
19 17 351020
19 18 70440
19 22 192520
20 16 462890
20 25 2024620
20 23 1720260
21 24 934060
21 23 1037410
21 7 1903600
22 18 299400
22 19 192520
23 21 1037410
23 24 1073750
23 16 1794540
23 20 1720260
24 21 934060
24 23 1073750
25 20 2024620
25 18 3315580
25 17 1974180
