0 4 459340
0 2 87710
1 2 1926460
1 5 3344720
1 3 562240
2 1 1926460
2 0 87710
2 4 2576050
3 4 742900
3 1 562240
3 5 191100
4 0 459340
4 3 742900
4 2 2576050
4 11 3756470
5 1 3344720
5 3 191100
5 7 1622850
5 6 1982030
6 8 1424700
6 7 1789050
6 5 1982030
6 11 474680
6 16 1840530
7 6 1789050
7 21 2286540
7 5 1622850
8 6 1424700
8 10 102840
8 15 1573610
9 12 405130
9 10 295240
10 15 3348270
10 8 102840
10 11 3541660
10 9 295240
11 4 3756470
11 6 474680
11 10 3541660
12 9 405130
12 14 1242320
12 13 931690
12 15 2225530
13 12 931690
13 15 2806560
13 17 2905760
13 16 1761470
14 17 1586620
14 12 1242320
15 10 3348270
15 13 2806560
15 12 2225530
15 8 1573610
16 23 1830350
16 20 1696500
16 6 1840530
16 13 1761470
17 14 1586620
17 13 2905760
17 19 741820
17 25 2992050
18 22 108780
18 25 5106010
18 19 216010
19 17 741820
19 18 216010
19 22 320160
20 16 1696500
20 25 3618720
20 23 2002350
21 24 1116890
21 23 1345330
21 7 2286540
22 18 108780
22 19 320160
23 21 1345330
23 24 1727830
23 16 1830350
23 20 2002350
24 21 1116890
24 23 1727830
25 20 3618720
25 18 5106010
25 17 2992050
