0 4 280660
0 2 81700
1 2 1399440
1 5 2285740
1 3 410330
2 1 1399440
2 0 81700
2 4 1752220
3 4 480030
3 1 410330
3 5 295950
4 0 280660
4 3 480030
4 2 1752220
4 11 2471660
5 1 2285740
5 3 295950
5 7 1212420
5 6 1241190
6 8 632120
6 7 659070
6 5 1241190
6 11 174820
6 16 1097270
7 6 659070
7 21 2001810
7 5 1212420
8 6 632120
8 10 298320
8 15 538100
9 12 244870
9 10 218490
10 15 2293630
10 8 298320
10 11 2537140
10 9 218490
11 4 2471660
11 6 174820
11 10 2537140
12 9 244870
12 14 456770
12 13 507980
12 15 881610
13 12 507980
13 15 2133130
13 17 1938670
13 16 1004690
14 17 631290
14 12 456770
15 10 2293630
15 13 2133130
15 12 881610
15 8 538100
16 23 1512400
16 20 622150
16 6 1097270
16 13 1004690
17 14 631290
17 13 1938670
17 19 197030
17 25 1989530
18 22 208970
18 25 3187570
18 19 169890
19 17 197030
19 18 169890
19 22 68680
20 16 622150
20 25 2276260
20 23 1584620
21 24 824280
21 23 1224940
21 7 2001810
22 18 208970
22 19 68680
23 21 1224940
23 24 910360
23 16 1512400
23 20 1584620
24 21 824280
24 23 910360
25 20 2276260
25 18 3187570
25 17 1989530
