0 4 130400
0 2 23680
1 2 721290
1 5 1395260
1 3 64510
2 1 721290
2 0 23680
2 4 598700
3 4 109740
3 1 64510
3 5 72430
4 0 130400
4 3 109740
4 2 598700
4 11 906310
5 1 1395260
5 3 72430
5 7 487640
5 6 1027720
6 8 387140
6 7 368600
6 5 1027720
6 11 81940
6 16 945980
7 6 368600
7 21 684990
7 5 487640
8 6 387140
8 10 49170
8 15 332940
9 12 108710
9 10 17190
10 15 924380
10 8 49170
10 11 961190
10 9 17190
11 4 906310
11 6 81940
11 10 961190
12 9 108710
12 14 436160
12 13 190330
12 15 542350
13 12 190330
13 15 800640
13 17 697260
13 16 437470
14 17 449480
14 12 436160
15 10 924380
15 13 800640
15 12 542350
15 8 332940
16 23 668720
16 20 764730
16 6 945980
16 13 437470
17 14 449480
17 13 697260
17 19 171800
17 25 824580
18 22 135070
18 25 1465940
18 19 56900
19 17 171800
19 18 56900
19 22 96670
20 16 764730
20 25 1403660
20 23 693710
21 24 450130
21 23 267490
21 7 684990
22 18 135070
22 19 96670
23 21 267490
23 24 602730
23 16 668720
23 20 693710
24 21 450130
24 23 602730
25 20 1403660
25 18 1465940
25 17 824580
