0 4 107940
0 2 16940
1 2 491010
1 5 791670
1 3 83850
2 1 491010
2 0 16940
2 4 757550
3 4 180190
3 1 83850
3 5 42180
4 0 107940
4 3 180190
4 2 757550
4 11 1044190
5 1 791670
5 3 42180
5 7 417430
5 6 480990
6 8 183700
6 7 304490
6 5 480990
6 11 98190
6 16 413140
7 6 304490
7 21 945400
7 5 417430
8 6 183700
8 10 119100
8 15 206890
9 12 60590
9 10 49110
10 15 947020
10 8 119100
10 11 1041090
10 9 49110
11 4 1044190
11 6 98190
11 10 1041090
12 9 60590
12 14 600840
12 13 77250
12 15 343060
13 12 77250
13 15 776230
13 17 846690
13 16 306840
14 17 693930
14 12 600840
15 10 947020
15 13 776230
15 12 343060
15 8 206890
16 23 440350
16 20 323440
16 6 413140
16 13 306840
17 14 693930
17 13 846690
17 19 76210
17 25 1339490
18 22 12480
18 25 1897170
18 19 82990
19 17 76210
19 18 82990
19 22 39210
20 16 323440
20 25 1272970
20 23 980320
21 24 342320
21 23 504680
21 7 945400
22 18 12480
22 19 39210
23 21 504680
23 24 411150
23 16 440350
23 20 980320
24 21 342320
24 23 411150
25 20 1272970
25 18 1897170
25 17 1339490
