0 4 44250
0 2 6540
1 2 727990
1 5 1101950
1 3 169240
2 1 727990
2 0 6540
2 4 779510
3 4 243650
3 1 169240
3 5 44170
4 0 44250
4 3 243650
4 2 779510
4 11 1096990
5 1 1101950
5 3 44170
5 7 585070
5 6 636290
6 8 208200
6 7 294750
6 5 636290
6 11 46670
6 16 587320
7 6 294750
7 21 758000
7 5 585070
8 6 208200
8 10 110230
8 15 169230
9 12 76560
9 10 31090
10 15 1038900
10 8 110230
10 11 1077900
10 9 31090
11 4 1096990
11 6 46670
11 10 1077900
12 9 76560
12 14 389800
12 13 177450
12 15 385560
13 12 177450
13 15 798760
13 17 706680
13 16 352070
14 17 399630
14 12 389800
15 10 1038900
15 13 798760
15 12 385560
15 8 169230
16 23 646690
16 20 321890
16 6 587320
16 13 352070
17 14 399630
17 13 706680
17 19 68380
17 25 956770
18 22 63400
18 25 1172460
18 19 60060
19 17 68380
19 18 60060
19 22 59530
20 16 321890
20 25 1150810
20 23 779100
21 24 289190
21 23 453590
21 7 758000
22 18 63400
22 19 59530
23 21 453590
23 24 460470
23 16 646690
23 20 779100
24 21 289190
24 23 460470
25 20 1150810
25 18 1172460
25 17 956770
