0 4 298750
0 2 131300
1 2 2278720
1 5 4372420
1 3 751660
2 1 2278720
2 0 131300
2 4 2524650
3 4 1077140
3 1 751660
3 5 210570
4 0 298750
4 3 1077140
4 2 2524650
4 11 4104320
5 1 4372420
5 3 210570
5 7 1723810
5 6 3293690
6 8 924790
6 7 899720
6 5 3293690
6 11 240650
6 16 3115500
7 6 899720
7 21 2849380
7 5 1723810
8 6 924790
8 10 120390
8 15 701450
9 12 460130
9 10 194740
10 15 4405050
10 8 120390
10 11 4091030
10 9 194740
11 4 4104320
11 6 240650
11 10 4091030
12 9 460130
12 14 1405700
12 13 878940
12 15 2187870
13 12 878940
13 15 3174270
13 17 2604650
13 16 1762720
14 17 1563770
14 12 1405700
15 10 4405050
15 13 3174270
15 12 2187870
15 8 701450
16 23 2691360
16 20 2229790
16 6 3115500
16 13 1762720
17 14 1563770
17 13 2604650
17 19 534610
17 25 2876600
18 22 384900
18 25 5665990
18 19 399780
19 17 534610
19 18 399780
19 22 307860
20 16 2229790
20 25 5305830
20 23 3170390
21 24 1550910
21 23 1531190
21 7 2849380
22 18 384900
22 19 307860
23 21 1531190
23 24 2100160
23 16 2691360
23 20 3170390
24 21 1550910
24 23 2100160
25 20 5305830
25 18 5665990
25 17 2876600
