0 4 256620
0 2 83040
1 2 1601840
1 5 3007120
1 3 759920
2 1 1601840
2 0 83040
2 4 1945120
3 4 898520
3 1 759920
3 5 237150
4 0 256620
4 3 898520
4 2 1945120
4 11 3301650
5 1 3007120
5 3 237150
5 7 1091230
5 6 2462200
6 8 850070
6 7 1016360
6 5 2462200
6 11 450400
6 16 2308380
7 6 1016360
7 21 2620850
7 5 1091230
8 6 850070
8 10 202650
8 15 654090
9 12 361990
9 10 233920
10 15 2953730
10 8 202650
10 11 3193690
10 9 233920
11 4 3301650
11 6 450400
11 10 3193690
12 9 361990
12 14 989040
12 13 1028600
12 15 1000300
13 12 1028600
13 15 2818890
13 17 2510100
13 16 1660440
14 17 1178360
14 12 989040
15 10 2953730
15 13 2818890
15 12 1000300
15 8 654090
16 23 2233040
16 20 1742320
16 6 2308380
16 13 1660440
17 14 1178360
17 13 2510100
17 19 646360
17 25 2591950
18 22 436620
18 25 4728090
18 19 259960
19 17 646360
19 18 259960
19 22 422180
20 16 1742320
20 25 3646260
20 23 2235290
21 24 1282900
21 23 1407870
21 7 2620850
22 18 436620
22 19 422180
23 21 1407870
23 24 1557990
23 16 2233040
23 20 2235290
24 21 1282900
24 23 1557990
25 20 3646260
25 18 4728090
25 17 2591950
