0 4 294520
0 2 57560
1 2 1799310
1 5 3237450
1 3 560520
2 1 1799310
2 0 57560
2 4 1468350
3 4 559750
3 1 560520
3 5 201530
4 0 294520
4 3 559750
4 2 1468350
4 11 2404680
5 1 3237450
5 3 201530
5 7 1639740
5 6 1943790
6 8 221040
6 7 511820
6 5 1943790
6 11 228310
6 16 1863380
7 6 511820
7 21 1990970
7 5 1639740
8 6 221040
8 10 138780
8 15 192220
9 12 310390
9 10 144690
10 15 2120420
10 8 138780
10 11 2426430
10 9 144690
11 4 2404680
11 6 228310
11 10 2426430
12 9 310390
12 14 780660
12 13 488030
12 15 890550
13 12 488030
13 15 1619790
13 17 1615770
13 16 1188510
14 17 927060
14 12 780660
15 10 2120420
15 13 1619790
15 12 890550
15 8 192220
16 23 1480790
16 20 1649750
16 6 1863380
16 13 1188510
17 14 927060
17 13 1615770
17 19 410390
17 25 1699310
18 22 178160
18 25 3678100
18 19 241440
19 17 410390
19 18 241440
19 22 187740
20 16 1649750
20 25 3197740
20 23 1744510
21 24 862440
21 23 1120420
21 7 1990970
22 18 178160
22 19 187740
23 21 1120420
23 24 1662810
23 16 1480790
23 20 1744510
24 21 862440
24 23 1662810
25 20 3197740
25 18 3678100
25 17 1699310
