0 4 178500
0 2 67120
1 2 674500
1 5 1048490
1 3 200520
2 1 674500
2 0 67120
2 4 637660
3 4 214720
3 1 200520
3 5 51950
4 0 178500
4 3 214720
4 2 637660
4 11 1038530
5 1 1048490
5 3 51950
5 7 507030
5 6 628630
6 8 177290
6 7 287470
6 5 628630
6 11 146560
6 16 576170
7 6 287470
7 21 825370
7 5 507030
8 6 177290
8 10 41570
8 15 200030
9 12 78950
9 10 51980
10 15 943700
10 8 41570
10 11 990040
10 9 51980
11 4 1038530
11 6 146560
11 10 990040
12 9 78950
12 14 478180
12 13 169120
12 15 444040
13 12 169120
13 15 729310
13 17 755560
13 16 330720
14 17 481300
14 12 478180
15 10 943700
15 13 729310
15 12 444040
15 8 200030
16 23 424450
16 20 439530
16 6 576170
16 13 330720
17 14 481300
17 13 755560
17 19 125600
17 25 1021370
18 22 55040
18 25 1692890
18 19 61870
19 17 125600
19 18 61870
19 22 89650
20 16 439530
20 25 1058850
20 23 731680
21 24 348280
21 23 492640
21 7 825370
22 18 55040
22 19 89650
23 21 492640
23 24 275680
23 16 424450
23 20 731680
24 21 348280
24 23 275680
25 20 1058850
25 18 1692890
25 17 1021370
