0 4 118420
0 2 17000
1 2 729880
1 5 850870
1 3 269600
2 1 729880
2 0 17000
2 4 757160
3 4 313640
3 1 269600
3 5 73590
4 0 118420
4 3 313640
4 2 757160
4 11 1254750
5 1 850870
5 3 73590
5 7 656790
5 6 328110
6 8 370820
6 7 529560
6 5 328110
6 11 205680
6 16 392000
7 6 529560
7 21 831910
7 5 656790
8 6 370820
8 10 18760
8 15 415160
9 12 91000
9 10 39990
10 15 1121580
10 8 18760
10 11 1136790
10 9 39990
11 4 1254750
11 6 205680
11 10 1136790
12 9 91000
12 14 519810
12 13 216750
12 15 616540
13 12 216750
13 15 967300
13 17 1004650
13 16 494880
14 17 637560
14 12 519810
15 10 1121580
15 13 967300
15 12 616540
15 8 415160
16 23 558220
16 20 301980
16 6 392000
16 13 494880
17 14 637560
17 13 1004650
17 19 132970
17 25 1223160
18 22 71390
18 25 1628240
18 19 88070
19 17 132970
19 18 88070
19 22 78590
20 16 301980
20 25 779180
20 23 573210
21 24 504740
21 23 412910
21 7 831910
22 18 71390
22 19 78590
23 21 412910
23 24 447590
23 16 558220
23 20 573210
24 21 504740
24 23 447590
25 20 779180
25 18 1628240
25 17 1223160
