0 4 171250
0 2 43800
1 2 1027300
1 5 1714730
1 3 626550
2 1 1027300
2 0 43800
2 4 1565020
3 4 576010
3 1 626550
3 5 205340
4 0 171250
4 3 576010
4 2 1565020
4 11 2406420
5 1 1714730
5 3 205340
5 7 542490
5 6 1391380
6 8 499580
6 7 533710
6 5 1391380
6 11 169540
6 16 1258120
7 6 533710
7 21 1132840
7 5 542490
8 6 499580
8 10 124340
8 15 352900
9 12 132040
9 10 159650
10 15 2343560
10 8 124340
10 11 2452440
10 9 159650
11 4 2406420
11 6 169540
11 10 2452440
12 9 132040
12 14 153710
12 13 422580
12 15 893120
13 12 422580
13 15 1848510
13 17 1950240
13 16 683910
14 17 240230
14 12 153710
15 10 2343560
15 13 1848510
15 12 893120
15 8 352900
16 23 1077150
16 20 935290
16 6 1258120
16 13 683910
17 14 240230
17 13 1950240
17 19 208610
17 25 1696530
18 22 183080
18 25 2824810
18 19 141610
19 17 208610
19 18 141610
19 22 142140
20 16 935290
20 25 1565690
20 23 794550
21 24 631900
21 23 609760
21 7 1132840
22 18 183080
22 19 142140
23 21 609760
23 24 873810
23 16 1077150
23 20 794550
24 21 631900
24 23 873810
25 20 1565690
25 18 2824810
25 17 1696530
