0 4 364670
0 2 116840
1 2 1987670
1 5 2811730
1 3 750700
2 1 1987670
2 0 116840
2 4 2523210
3 4 632480
3 1 750700
3 5 302950
4 0 364670
4 3 632480
4 2 2523210
4 11 3939130
5 1 2811730
5 3 302950
5 7 1336670
5 6 2096040
6 8 516970
6 7 825060
6 5 2096040
6 11 575600
6 16 1789640
7 6 825060
7 21 2399300
7 5 1336670
8 6 516970
8 10 261710
8 15 656510
9 12 342110
9 10 257620
10 15 3495240
10 8 261710
10 11 3574830
10 9 257620
11 4 3939130
11 6 575600
11 10 3574830
12 9 342110
12 14 1577050
12 13 451710
12 15 1531270
13 12 451710
13 15 2971300
13 17 2826300
13 16 1417610
14 17 1499100
14 12 1577050
15 10 3495240
15 13 2971300
15 12 1531270
15 8 656510
16 23 2257220
16 20 870200
16 6 1789640
16 13 1417610
17 14 1499100
17 13 2826300
17 19 547750
17 25 3390200
18 22 274760
18 25 4395980
18 19 282780
19 17 547750
19 18 282780
19 22 119550
20 16 870200
20 25 2933780
20 23 2183670
21 24 1400490
21 23 941280
21 7 2399300
22 18 274760
22 19 119550
23 21 941280
23 24 1447560
23 16 2257220
23 20 2183670
24 21 1400490
24 23 1447560
25 20 2933780
25 18 4395980
25 17 3390200
