0 4 59180
0 2 1
1 2 750190
1 5 1053860
1 3 391020
2 1 750190
2 0 1
2 4 634890
3 4 403030
3 1 391020
3 5 63530
4 0 59180
4 3 403030
4 2 634890
4 11 1078160
5 1 1053860
5 3 63530
5 7 634810
5 6 542910
6 8 158810
6 7 207330
6 5 542910
6 11 99030
6 16 465740
7 6 207330
7 21 683620
7 5 634810
8 6 158810
8 10 140
8 15 145700
9 12 142220
9 10 48200
10 15 1099440
10 8 140
10 11 1053860
10 9 48200
11 4 1078160
11 6 99030
11 10 1053860
12 9 142220
12 14 178100
12 13 85320
12 15 466100
13 12 85320
13 15 848820
13 17 748890
13 16 372980
14 17 175220
14 12 178100
15 10 1099440
15 13 848820
15 12 466100
15 8 145700
16 23 662960
16 20 210300
16 6 465740
16 13 372980
17 14 175220
17 13 748890
17 19 179540
17 25 673600
18 22 58050
18 25 1029570
18 19 119900
19 17 179540
19 18 119900
19 22 121540
20 16 210300
20 25 598770
20 23 457880
21 24 476400
21 23 338490
21 7 683620
22 18 58050
22 19 121540
23 21 338490
23 24 508700
23 16 662960
23 20 457880
24 21 476400
24 23 508700
25 20 598770
25 18 1029570
25 17 673600
