0 4 785880
0 2 154970
1 2 2977770
1 5 4284560
1 3 1330690
2 1 2977770
2 0 154970
2 4 3959620
3 4 1624680
3 1 1330690
3 5 287470
4 0 785880
4 3 1624680
4 2 3959620
4 11 6528930
5 1 4284560
5 3 287470
5 7 1951500
5 6 2846940
6 8 587500
6 7 964060
6 5 2846940
6 11 479270
6 16 2764080
7 6 964060
7 21 3381710
7 5 1951500
8 6 587500
8 10 142380
8 15 771800
9 12 239960
9 10 380570
10 15 5681360
10 8 142380
10 11 6230920
10 9 380570
11 4 6528930
11 6 479270
11 10 6230920
12 9 239960
12 14 1140820
12 13 922410
12 15 2434670
13 12 922410
13 15 4182580
13 17 4094810
13 16 1959150
14 17 1183870
14 12 1140820
15 10 5681360
15 13 4182580
15 12 2434670
15 8 771800
16 23 3112340
16 20 1429890
16 6 2764080
16 13 1959150
17 14 1183870
17 13 4094810
17 19 726690
17 25 3588990
18 22 430990
18 25 5549880
18 19 249410
19 17 726690
19 18 249410
19 22 377450
20 16 1429890
20 25 5471080
20 23 4262090
21 24 1553650
21 23 2073630
21 7 3381710
22 18 430990
22 19 377450
23 21 2073630
23 24 1971020
23 16 3112340
23 20 4262090
24 21 1553650
24 23 1971020
25 20 5471080
25 18 5549880
25 17 3588990
