0 4 174530
0 2 58880
1 2 747490
1 5 1178610
1 3 76000
2 1 747490
2 0 58880
2 4 957170
3 4 142740
3 1 76000
3 5 113250
4 0 174530
4 3 142740
4 2 957170
4 11 1345150
5 1 1178610
5 3 113250
5 7 519500
5 6 805910
6 8 114290
6 7 258720
6 5 805910
6 11 190850
6 16 779130
7 6 258720
7 21 595090
7 5 519500
8 6 114290
8 10 49530
8 15 171040
9 12 104310
9 10 18900
10 15 1206420
10 8 49530
10 11 1257530
10 9 18900
11 4 1345150
11 6 190850
11 10 1257530
12 9 104310
12 14 364510
12 13 306570
12 15 730410
13 12 306570
13 15 711530
13 17 644030
13 16 462400
14 17 338340
14 12 364510
15 10 1206420
15 13 711530
15 12 730410
15 8 171040
16 23 743720
16 20 472790
16 6 779130
16 13 462400
17 14 338340
17 13 644030
17 19 75760
17 25 821370
18 22 127950
18 25 1300970
18 19 125050
19 17 75760
19 18 125050
19 22 44800
20 16 472790
20 25 1041060
20 23 553230
21 24 447310
21 23 168750
21 7 595090
22 18 127950
22 19 44800
23 21 168750
23 24 392840
23 16 743720
23 20 553230
24 21 447310
24 23 392840
25 20 1041060
25 18 1300970
25 17 821370
