0 4 447150
0 2 111530
1 2 969280
1 5 1879230
1 3 326000
2 1 969280
2 0 111530
2 4 1257430
3 4 338260
3 1 326000
3 5 98200
4 0 447150
4 3 338260
4 2 1257430
4 11 2176400
5 1 1879230
5 3 98200
5 7 786620
5 6 1332990
6 8 559830
6 7 721930
6 5 1332990
6 11 223610
6 16 1325990
7 6 721930
7 21 1149910
7 5 786620
8 6 559830
8 10 112610
8 15 566890
9 12 244250
9 10 86560
10 15 1936220
10 8 112610
10 11 1948730
10 9 86560
11 4 2176400
11 6 223610
11 10 1948730
12 9 244250
12 14 636530
12 13 470190
12 15 823470
13 12 470190
13 15 1701640
13 17 1620250
13 16 875620
14 17 763770
14 12 636530
15 10 1936220
15 13 1701640
15 12 823470
15 8 566890
16 23 1311260
16 20 989590
16 6 1325990
16 13 875620
17 14 763770
17 13 1620250
17 19 263900
17 25 1789380
18 22 133980
18 25 2713210
18 19 64170
19 17 263900
19 18 64170
19 22 87300
20 16 989590
20 25 1840790
20 23 961480
21 24 595010
21 23 640430
21 7 1149910
22 18 133980
22 19 87300
23 21 640430
23 24 830220
23 16 1311260
23 20 961480
24 21 595010
24 23 830220
25 20 1840790
25 18 2713210
25 17 1789380
