0 4 235760
0 2 48670
1 2 1564350
1 5 2831140
1 3 527010
2 1 1564350
2 0 48670
2 4 1085750
3 4 623710
3 1 527010
3 5 163620
4 0 235760
4 3 623710
4 2 1085750
4 11 2171980
5 1 2831140
5 3 163620
5 7 1395580
5 6 1780640
6 8 241770
6 7 373430
6 5 1780640
6 11 169100
6 16 1946410
7 6 373430
7 21 1945560
7 5 1395580
8 6 241770
8 10 232170
8 15 112780
9 12 128710
9 10 121200
10 15 1908110
10 8 232170
10 11 2012910
10 9 121200
11 4 2171980
11 6 169100
11 10 2012910
12 9 128710
12 14 440320
12 13 472380
12 15 724130
13 12 472380
13 15 1409330
13 17 1207000
13 16 901820
14 17 496280
14 12 440320
15 10 1908110
15 13 1409330
15 12 724130
15 8 112780
16 23 1704680
16 20 1066610
16 6 1946410
16 13 901820
17 14 496280
17 13 1207000
17 19 277230
17 25 1158590
18 22 158260
18 25 2853850
18 19 252280
19 17 277230
19 18 252280
19 22 233510
20 16 1066610
20 25 2310690
20 23 1428160
21 24 1092780
21 23 870770
21 7 1945560
22 18 158260
22 19 233510
23 21 870770
23 24 1001310
23 16 1704680
23 20 1428160
24 21 1092780
24 23 1001310
25 20 2310690
25 18 2853850
25 17 1158590
