0 4 150810
0 2 64870
1 2 1181210
1 5 2046790
1 3 274650
2 1 1181210
2 0 64870
2 4 1482880
3 4 331760
3 1 274650
3 5 91270
4 0 150810
4 3 331760
4 2 1482880
4 11 2139170
5 1 2046790
5 3 91270
5 7 817490
5 6 1416270
6 8 326000
6 7 514170
6 5 1416270
6 11 221150
6 16 1288410
7 6 514170
7 21 1242510
7 5 817490
8 6 326000
8 10 57650
8 15 368700
9 12 178290
9 10 216670
10 15 1777220
10 8 57650
10 11 2012870
10 9 216670
11 4 2139170
11 6 221150
11 10 2012870
12 9 178290
12 14 435210
12 13 266480
12 15 688880
13 12 266480
13 15 1445980
13 17 1362490
13 16 560780
14 17 525600
14 12 435210
15 10 1777220
15 13 1445980
15 12 688880
15 8 368700
16 23 1029450
16 20 900650
16 6 1288410
16 13 560780
17 14 525600
17 13 1362490
17 19 288690
17 25 1264120
18 22 149480
18 25 2318070
18 19 150020
19 17 288690
19 18 150020
19 22 204560
20 16 900650
20 25 1876020
20 23 1079970
21 24 656090
21 23 585480
21 7 1242510
22 18 149480
22 19 204560
23 21 585480
23 24 799290
23 16 1029450
23 20 1079970
24 21 656090
24 23 799290
25 20 1876020
25 18 2318070
25 17 1264120
