0 4 260890
0 2 98080
1 2 1781240
1 5 2329610
1 3 237200
2 1 1781240
2 0 98080
2 4 1304470
3 4 555230
3 1 237200
3 5 244450
4 0 260890
4 3 555230
4 2 1304470
4 11 2441980
5 1 2329610
5 3 244450
5 7 1279740
5 6 1538570
6 8 348230
6 7 491160
6 5 1538570
6 11 224650
6 16 1479330
7 6 491160
7 21 2113380
7 5 1279740
8 6 348230
8 10 187040
8 15 402760
9 12 266770
9 10 42540
10 15 2504410
10 8 187040
10 11 2455060
10 9 42540
11 4 2441980
11 6 224650
11 10 2455060
12 9 266770
12 14 774120
12 13 352400
12 15 730870
13 12 352400
13 15 2237470
13 17 2055710
13 16 1011690
14 17 746620
14 12 774120
15 10 2504410
15 13 2237470
15 12 730870
15 8 402760
16 23 1600880
16 20 888440
16 6 1479330
16 13 1011690
17 14 746620
17 13 2055710
17 19 468340
17 25 1935240
18 22 162020
18 25 4063080
18 19 231290
19 17 468340
19 18 231290
19 22 212540
20 16 888440
20 25 2753650
20 23 2001990
21 24 1251180
21 23 1046580
21 7 2113380
22 18 162020
22 19 212540
23 21 1046580
23 24 1409180
23 16 1600880
23 20 2001990
24 21 1251180
24 23 1409180
25 20 2753650
25 18 4063080
25 17 1935240
