0 4 511720
0 2 39720
1 2 2031120
1 5 3802050
1 3 824650
2 1 2031120
2 0 39720
2 4 2924350
3 4 1008160
3 1 824650
3 5 122150
4 0 511720
4 3 1008160
4 2 2924350
4 11 4894580
5 1 3802050
5 3 122150
5 7 1581260
5 6 2474420
6 8 532550
6 7 1402860
6 5 2474420
6 11 764240
6 16 2566060
7 6 1402860
7 21 2557980
7 5 1581260
8 6 532550
8 10 226380
8 15 528180
9 12 365350
9 10 241330
10 15 4362430
10 8 226380
10 11 4277560
10 9 241330
11 4 4894580
11 6 764240
11 10 4277560
12 9 365350
12 14 1415670
12 13 1105350
12 15 2023040
13 12 1105350
13 15 3036250
13 17 3037070
13 16 1837800
14 17 1470510
14 12 1415670
15 10 4362430
15 13 3036250
15 12 2023040
15 8 528180
16 23 2731110
16 20 1439020
16 6 2566060
16 13 1837800
17 14 1470510
17 13 3037070
17 19 390100
17 25 3503620
18 22 362860
18 25 5330240
18 19 227250
19 17 390100
19 18 227250
19 22 184750
20 16 1439020
20 25 3528900
20 23 2199390
21 24 1383990
21 23 1241370
21 7 2557980
22 18 362860
22 19 184750
23 21 1241370
23 24 1516600
23 16 2731110
23 20 2199390
24 21 1383990
24 23 1516600
25 20 3528900
25 18 5330240
25 17 3503620
