0 4 159560
0 2 70180
1 2 781520
1 5 1380260
1 3 189910
2 1 781520
2 0 70180
2 4 1044850
3 4 171120
3 1 189910
3 5 36940
4 0 159560
4 3 171120
4 2 1044850
4 11 1436520
5 1 1380260
5 3 36940
5 7 447690
5 6 1025740
6 8 129380
6 7 262310
6 5 1025740
6 11 146920
6 16 1031800
7 6 262310
7 21 967780
7 5 447690
8 6 129380
8 10 78230
8 15 127470
9 12 109730
9 10 66810
10 15 1333450
10 8 78230
10 11 1394680
10 9 66810
11 4 1436520
11 6 146920
11 10 1394680
12 9 109730
12 14 397720
12 13 141140
12 15 581080
13 12 141140
13 15 963050
13 17 985200
13 16 395350
14 17 376000
14 12 397720
15 10 1333450
15 13 963050
15 12 581080
15 8 127470
16 23 768620
16 20 691280
16 6 1031800
16 13 395350
17 14 376000
17 13 985200
17 19 97000
17 25 1108860
18 22 75430
18 25 1785230
18 19 22480
19 17 97000
19 18 22480
19 22 57960
20 16 691280
20 25 1517260
20 23 863560
21 24 471070
21 23 573670
21 7 967780
22 18 75430
22 19 57960
23 21 573670
23 24 511370
23 16 768620
23 20 863560
24 21 471070
24 23 511370
25 20 1517260
25 18 1785230
25 17 1108860
