0 4 632010
0 2 156560
1 2 2778580
1 5 5958830
1 3 587230
2 1 2778580
2 0 156560
2 4 4049130
3 4 914200
3 1 587230
3 5 240290
4 0 632010
4 3 914200
4 2 4049130
4 11 5961390
5 1 5958830
5 3 240290
5 7 2085130
5 6 4674550
6 8 783950
6 7 909350
6 5 4674550
6 11 578250
6 16 4318860
7 6 909350
7 21 3310630
7 5 2085130
8 6 783950
8 10 467640
8 15 829170
9 12 455090
9 10 275480
10 15 5702430
10 8 467640
10 11 5674560
10 9 275480
11 4 5961390
11 6 578250
11 10 5674560
12 9 455090
12 14 1568300
12 13 1209340
12 15 1880230
13 12 1209340
13 15 4481370
13 17 4317500
13 16 2422480
14 17 1710740
14 12 1568300
15 10 5702430
15 13 4481370
15 12 1880230
15 8 829170
16 23 4472450
16 20 2328550
16 6 4318860
16 13 2422480
17 14 1710740
17 13 4317500
17 19 856510
17 25 4270520
18 22 175970
18 25 6851940
18 19 108830
19 17 856510
19 18 108830
19 22 602530
20 16 2328550
20 25 5082240
20 23 2884690
21 24 1476930
21 23 1979550
21 7 3310630
22 18 175970
22 19 602530
23 21 1979550
23 24 1922580
23 16 4472450
23 20 2884690
24 21 1476930
24 23 1922580
25 20 5082240
25 18 6851940
25 17 4270520
