0 4 63630
0 2 44080
1 2 1118440
1 5 1531300
1 3 176800
2 1 1118440
2 0 44080
2 4 1258740
3 4 210200
3 1 176800
3 5 155440
4 0 63630
4 3 210200
4 2 1258740
4 11 1451350
5 1 1531300
5 3 155440
5 7 815560
5 6 975080
6 8 261720
6 7 316480
6 5 975080
6 11 57900
6 16 925550
7 6 316480
7 21 1233430
7 5 815560
8 6 261720
8 10 37920
8 15 269070
9 12 121770
9 10 93340
10 15 1481670
10 8 37920
10 11 1474930
10 9 93340
11 4 1451350
11 6 57900
11 10 1474930
12 9 121770
12 14 769040
12 13 170040
12 15 602760
13 12 170040
13 15 1237160
13 17 1245260
13 16 473340
14 17 634540
14 12 769040
15 10 1481670
15 13 1237160
15 12 602760
15 8 269070
16 23 677000
16 20 671960
16 6 925550
16 13 473340
17 14 634540
17 13 1245260
17 19 206730
17 25 1425130
18 22 43650
18 25 1790250
18 19 51030
19 17 206730
19 18 51030
19 22 109700
20 16 671960
20 25 1655760
20 23 1076870
21 24 567680
21 23 846870
21 7 1233430
22 18 43650
22 19 109700
23 21 846870
23 24 682970
23 16 677000
23 20 1076870
24 21 567680
24 23 682970
25 20 1655760
25 18 1790250
25 17 1425130
