0 4 735410
0 2 227200
1 2 2945790
1 5 4493450
1 3 1411940
2 1 2945790
2 0 227200
2 4 4137880
3 4 1458700
3 1 1411940
3 5 403480
4 0 735410
4 3 1458700
4 2 4137880
4 11 6895020
5 1 4493450
5 3 403480
5 7 2168820
5 6 3064120
6 8 1966200
6 7 2497030
6 5 3064120
6 11 938510
6 16 2851820
7 6 2497030
7 21 3983140
7 5 2168820
8 6 1966200
8 10 498180
8 15 1638850
9 12 297420
9 10 357790
10 15 6025330
10 8 498180
10 11 6168760
10 9 357790
11 4 6895020
11 6 938510
11 10 6168760
12 9 297420
12 14 1615630
12 13 1179180
12 15 2993470
13 12 1179180
13 15 4985370
13 17 4840600
13 16 2429720
14 17 1689120
14 12 1615630
15 10 6025330
15 13 4985370
15 12 2993470
15 8 1638850
16 23 3420690
16 20 2026210
16 6 2851820
16 13 2429720
17 14 1689120
17 13 4840600
17 19 646830
17 25 4849160
18 22 549620
18 25 7039890
18 19 368710
19 17 646830
19 18 368710
19 22 323060
20 16 2026210
20 25 5437540
20 23 3763290
21 24 2470390
21 23 1554320
21 7 3983140
22 18 549620
22 19 323060
23 21 1554320
23 24 2701730
23 16 3420690
23 20 3763290
24 21 2470390
24 23 2701730
25 20 5437540
25 18 7039890
25 17 4849160
