0 4 239420
0 2 31410
1 2 958560
1 5 1721680
1 3 537770
2 1 958560
2 0 31410
2 4 2002970
3 4 516460
3 1 537770
3 5 178850
4 0 239420
4 3 516460
4 2 2002970
4 11 2814230
5 1 1721680
5 3 178850
5 7 631400
5 6 1407810
6 8 251600
6 7 528230
6 5 1407810
6 11 326300
6 16 1226340
7 6 528230
7 21 1965950
7 5 631400
8 6 251600
8 10 76810
8 15 234250
9 12 124330
9 10 220430
10 15 2668970
10 8 76810
10 11 2696190
10 9 220430
11 4 2814230
11 6 326300
11 10 2696190
12 9 124330
12 14 373870
12 13 799000
12 15 1072120
13 12 799000
13 15 2100820
13 17 1934510
13 16 1391230
14 17 536600
14 12 373870
15 10 2668970
15 13 2100820
15 12 1072120
15 8 234250
16 23 1630740
16 20 921720
16 6 1226340
16 13 1391230
17 14 536600
17 13 1934510
17 19 297970
17 25 1827270
18 22 215020
18 25 3063500
18 19 143270
19 17 297970
19 18 143270
19 22 179420
20 16 921720
20 25 2643410
20 23 2011400
21 24 967330
21 23 1025780
21 7 1965950
22 18 215020
22 19 179420
23 21 1025780
23 24 1125900
23 16 1630740
23 20 2011400
24 21 967330
24 23 1125900
25 20 2643410
25 18 3063500
25 17 1827270
