0 4 144780
0 2 65870
1 2 1047320
1 5 1220960
1 3 191870
2 1 1047320
2 0 65870
2 4 1292190
3 4 286370
3 1 191870
3 5 74550
4 0 144780
4 3 286370
4 2 1292190
4 11 1728930
5 1 1220960
5 3 74550
5 7 657710
5 6 661260
6 8 316470
6 7 668840
6 5 661260
6 11 286940
6 16 560910
7 6 668840
7 21 1208950
7 5 657710
8 6 316470
8 10 70130
8 15 290800
9 12 131220
9 10 60530
10 15 1640710
10 8 70130
10 11 1621170
10 9 60530
11 4 1728930
11 6 286940
11 10 1621170
12 9 131220
12 14 617020
12 13 350600
12 15 626210
13 12 350600
13 15 1369510
13 17 1338790
13 16 664660
14 17 689130
14 12 617020
15 10 1640710
15 13 1369510
15 12 626210
15 8 290800
16 23 930850
16 20 368000
16 6 560910
16 13 664660
17 14 689130
17 13 1338790
17 19 293570
17 25 1586090
18 22 106280
18 25 2023200
18 19 136550
19 17 293570
19 18 136550
19 22 125530
20 16 368000
20 25 1409640
20 23 1067560
21 24 669840
21 23 673340
21 7 1208950
22 18 106280
22 19 125530
23 21 673340
23 24 711490
23 16 930850
23 20 1067560
24 21 669840
24 23 711490
25 20 1409640
25 18 2023200
25 17 1586090
