0 4 329870
0 2 148880
1 2 2368730
1 5 4456930
1 3 862260
2 1 2368730
2 0 148880
2 4 2790210
3 4 929870
3 1 862260
3 5 169900
4 0 329870
4 3 929870
4 2 2790210
4 11 4437930
5 1 4456930
5 3 169900
5 7 2006470
5 6 2740640
6 8 515660
6 7 1128580
6 5 2740640
6 11 633520
6 16 2839310
7 6 1128580
7 21 2746190
7 5 2006470
8 6 515660
8 10 265960
8 15 588450
9 12 324490
9 10 430360
10 15 4121860
10 8 265960
10 11 4298810
10 9 430360
11 4 4437930
11 6 633520
11 10 4298810
12 9 324490
12 14 1204520
12 13 915170
12 15 1386810
13 12 915170
13 15 3456450
13 17 3431920
13 16 1883040
14 17 1437140
14 12 1204520
15 10 4121860
15 13 3456450
15 12 1386810
15 8 588450
16 23 2723010
16 20 1789850
16 6 2839310
16 13 1883040
17 14 1437140
17 13 3431920
17 19 537020
17 25 3521350
18 22 470640
18 25 5498680
18 19 240520
19 17 537020
19 18 240520
19 22 127180
20 16 1789850
20 25 4052290
20 23 2557470
21 24 1500160
21 23 1372320
21 7 2746190
22 18 470640
22 19 127180
23 21 1372320
23 24 1872370
23 16 2723010
23 20 2557470
24 21 1500160
24 23 1872370
25 20 4052290
25 18 5498680
25 17 3521350
