0 4 184890
0 2 40660
1 2 843860
1 5 1105400
1 3 317590
2 1 843860
2 0 40660
2 4 790180
3 4 315540
3 1 317590
3 5 36010
4 0 184890
4 3 315540
4 2 790180
4 11 1344790
5 1 1105400
5 3 36010
5 7 496630
5 6 686000
6 8 125700
6 7 267930
6 5 686000
6 11 139040
6 16 645120
7 6 267930
7 21 710590
7 5 496630
8 6 125700
8 10 70960
8 15 112990
9 12 43840
9 10 109420
10 15 1171230
10 8 70960
10 11 1239010
10 9 109420
11 4 1344790
11 6 139040
11 10 1239010
12 9 43840
12 14 508150
12 13 220100
12 15 554710
13 12 220100
13 15 750570
13 17 719080
13 16 462380
14 17 570450
14 12 508150
15 10 1171230
15 13 750570
15 12 554710
15 8 112990
16 23 574840
16 20 474590
16 6 645120
16 13 462380
17 14 570450
17 13 719080
17 19 182880
17 25 894000
18 22 110860
18 25 1356270
18 19 11910
19 17 182880
19 18 11910
19 22 42360
20 16 474590
20 25 814600
20 23 410130
21 24 436280
21 23 250740
21 7 710590
22 18 110860
22 19 42360
23 21 250740
23 24 389610
23 16 574840
23 20 410130
24 21 436280
24 23 389610
25 20 814600
25 18 1356270
25 17 894000
