0 4 192790
0 2 76580
1 2 1022230
1 5 1399270
1 3 296320
2 1 1022230
2 0 76580
2 4 2185350
3 4 286260
3 1 296320
3 5 30630
4 0 192790
4 3 286260
4 2 2185350
4 11 2760110
5 1 1399270
5 3 30630
5 7 678910
5 6 930580
6 8 288460
6 7 543940
6 5 930580
6 11 290260
6 16 879450
7 6 543940
7 21 1784630
7 5 678910
8 6 288460
8 10 99250
8 15 321060
9 12 112440
9 10 38940
10 15 2533830
10 8 99250
10 11 2655370
10 9 38940
11 4 2760110
11 6 290260
11 10 2655370
12 9 112440
12 14 1078930
12 13 605400
12 15 1048370
13 12 605400
13 15 1973340
13 17 1795240
13 16 916670
14 17 1059190
14 12 1078930
15 10 2533830
15 13 1973340
15 12 1048370
15 8 321060
16 23 1511790
16 20 420100
16 6 879450
16 13 916670
17 14 1059190
17 13 1795240
17 19 319360
17 25 2540560
18 22 126550
18 25 3296970
18 19 115280
19 17 319360
19 18 115280
19 22 205650
20 16 420100
20 25 1939870
20 23 1476540
21 24 692350
21 23 1040380
21 7 1784630
22 18 126550
22 19 205650
23 21 1040380
23 24 967540
23 16 1511790
23 20 1476540
24 21 692350
24 23 967540
25 20 1939870
25 18 3296970
25 17 2540560
