0 4 239600
0 2 22610
1 2 1053830
1 5 1378480
1 3 409200
2 1 1053830
2 0 22610
2 4 895190
3 4 420760
3 1 409200
3 5 109140
4 0 239600
4 3 420760
4 2 895190
4 11 1750980
5 1 1378480
5 3 109140
5 7 844680
5 6 785430
6 8 548190
6 7 660310
6 5 785430
6 11 238860
6 16 662170
7 6 660310
7 21 1575180
7 5 844680
8 6 548190
8 10 126470
8 15 492740
9 12 59460
9 10 122250
10 15 1517790
10 8 126470
10 11 1593840
10 9 122250
11 4 1750980
11 6 238860
11 10 1593840
12 9 59460
12 14 539140
12 13 362080
12 15 904490
13 12 362080
13 15 1213960
13 17 1201560
13 16 835720
14 17 520310
14 12 539140
15 10 1517790
15 13 1213960
15 12 904490
15 8 492740
16 23 961220
16 20 394100
16 6 662170
16 13 835720
17 14 520310
17 13 1201560
17 19 382150
17 25 1137740
18 22 155790
18 25 2207600
18 19 114560
19 17 382150
19 18 114560
19 22 253510
20 16 394100
20 25 1112870
20 23 808460
21 24 818360
21 23 771880
21 7 1575180
22 18 155790
22 19 253510
23 21 771880
23 24 843040
23 16 961220
23 20 808460
24 21 818360
24 23 843040
25 20 1112870
25 18 2207600
25 17 1137740
