0 4 540740
0 2 99770
1 2 2564830
1 5 3167240
1 3 795530
2 1 2564830
2 0 99770
2 4 3678060
3 4 893750
3 1 795530
3 5 104120
4 0 540740
4 3 893750
4 2 3678060
4 11 5272890
5 1 3167240
5 3 104120
5 7 1431480
5 6 1979860
6 8 946770
6 7 1259070
6 5 1979860
6 11 410730
6 16 1887990
7 6 1259070
7 21 2914820
7 5 1431480
8 6 946770
8 10 217070
8 15 918010
9 12 337520
9 10 266980
10 15 5005540
10 8 217070
10 11 5064600
10 9 266980
11 4 5272890
11 6 410730
11 10 5064600
12 9 337520
12 14 1570570
12 13 597060
12 15 2333520
13 12 597060
13 15 3632840
13 17 3554880
13 16 1419430
14 17 1743340
14 12 1570570
15 10 5005540
15 13 3632840
15 12 2333520
15 8 918010
16 23 2474830
16 20 697330
16 6 1887990
16 13 1419430
17 14 1743340
17 13 3554880
17 19 503460
17 25 4339830
18 22 378210
18 25 6610120
18 19 306840
19 17 503460
19 18 306840
19 22 273340
20 16 697330
20 25 4059730
20 23 3674460
21 24 1144830
21 23 1841740
21 7 2914820
22 18 378210
22 19 273340
23 21 1841740
23 24 2005670
23 16 2474830
23 20 3674460
24 21 1144830
24 23 2005670
25 20 4059730
25 18 6610120
25 17 4339830
