0 4 422160
0 2 251890
1 2 2314100
1 5 4655860
1 3 724040
2 1 2314100
2 0 251890
2 4 3408790
3 4 831070
3 1 724040
3 5 171890
4 0 422160
4 3 831070
4 2 3408790
4 11 4783900
5 1 4655860
5 3 171890
5 7 1896890
5 6 3330290
6 8 1284320
6 7 1413860
6 5 3330290
6 11 429000
6 16 3105990
7 6 1413860
7 21 3184420
7 5 1896890
8 6 1284320
8 10 490560
8 15 889900
9 12 380570
9 10 279590
10 15 4614790
10 8 490560
10 11 4735860
10 9 279590
11 4 4783900
11 6 429000
11 10 4735860
12 9 380570
12 14 1297650
12 13 846430
12 15 2009190
13 12 846430
13 15 3665170
13 17 3341000
13 16 1699600
14 17 1542660
14 12 1297650
15 10 4614790
15 13 3665170
15 12 2009190
15 8 889900
16 23 2964510
16 20 2004580
16 6 3105990
16 13 1699600
17 14 1542660
17 13 3341000
17 19 560390
17 25 4039580
18 22 232410
18 25 7379690
18 19 407610
19 17 560390
19 18 407610
19 22 248470
20 16 2004580
20 25 5586750
20 23 3839520
21 24 1599590
21 23 1787010
21 7 3184420
22 18 232410
22 19 248470
23 21 1787010
23 24 2219660
23 16 2964510
23 20 3839520
24 21 1599590
24 23 2219660
25 20 5586750
25 18 7379690
25 17 4039580
