0 4 256630
0 2 200440
1 2 1900350
1 5 2287140
1 3 341040
2 1 1900350
2 0 200440
2 4 2373250
3 4 420880
3 1 341040
3 5 198560
4 0 256630
4 3 420880
4 2 2373250
4 11 3210720
5 1 2287140
5 3 198560
5 7 1003370
5 6 1542230
6 8 428870
6 7 832910
6 5 1542230
6 11 434800
6 16 1545470
7 6 832910
7 21 2305850
7 5 1003370
8 6 428870
8 10 208060
8 15 471730
9 12 219470
9 10 74490
10 15 2891280
10 8 208060
10 11 2965320
10 9 74490
11 4 3210720
11 6 434800
11 10 2965320
12 9 219470
12 14 979430
12 13 446140
12 15 553800
13 12 446140
13 15 2808220
13 17 2889440
13 16 978070
14 17 1106220
14 12 979430
15 10 2891280
15 13 2808220
15 12 553800
15 8 471730
16 23 1350220
16 20 1074470
16 6 1545470
16 13 978070
17 14 1106220
17 13 2889440
17 19 661490
17 25 2811070
18 22 365250
18 25 4390170
18 19 267420
19 17 661490
19 18 267420
19 22 189720
20 16 1074470
20 25 2905390
20 23 1950880
21 24 1074020
21 23 1272290
21 7 2305850
22 18 365250
22 19 189720
23 21 1272290
23 24 1213500
23 16 1350220
23 20 1950880
24 21 1074020
24 23 1213500
25 20 2905390
25 18 4390170
25 17 2811070
