0 4 791830
0 2 146530
1 2 4074640
1 5 6784410
1 3 553280
2 1 4074640
2 0 146530
2 4 4199790
3 4 745250
3 1 553280
3 5 371410
4 0 791830
4 3 745250
4 2 4199790
4 11 5962120
5 1 6784410
5 3 371410
5 7 2977950
5 6 4554890
6 8 1153250
6 7 1428160
6 5 4554890
6 11 610680
6 16 4388440
7 6 1428160
7 21 5289260
7 5 2977950
8 6 1153250
8 10 307930
8 15 1135560
9 12 537960
9 10 316770
10 15 5554640
10 8 307930
10 11 5448980
10 9 316770
11 4 5962120
11 6 610680
11 10 5448980
12 9 537960
12 14 2235030
12 13 1180700
12 15 1602090
13 12 1180700
13 15 5398840
13 17 5113170
13 16 2477160
14 17 2222780
14 12 2235030
15 10 5554640
15 13 5398840
15 12 1602090
15 8 1135560
16 23 3918000
16 20 2716170
16 6 4388440
16 13 2477160
17 14 2222780
17 13 5113170
17 19 931950
17 25 5719200
18 22 371680
18 25 10088370
18 19 307950
19 17 931950
19 18 307950
19 22 690770
20 16 2716170
20 25 6867750
20 23 4623270
21 24 2132130
21 23 3125750
21 7 5289260
22 18 371680
22 19 690770
23 21 3125750
23 24 2309390
23 16 3918000
23 20 4623270
24 21 2132130
24 23 2309390
25 20 6867750
25 18 10088370
25 17 5719200
