0 4 377090
0 2 86360
1 2 1418320
1 5 2772890
1 3 988350
2 1 1418320
2 0 86360
2 4 2702880
3 4 1074390
3 1 988350
3 5 92780
4 0 377090
4 3 1074390
4 2 2702880
4 11 4159620
5 1 2772890
5 3 92780
5 7 1009250
5 6 2018330
6 8 568230
6 7 701690
6 5 2018330
6 11 319520
6 16 1891750
7 6 701690
7 21 2276330
7 5 1009250
8 6 568230
8 10 245660
8 15 443100
9 12 325860
9 10 240960
10 15 3617220
10 8 245660
10 11 3741370
10 9 240960
11 4 4159620
11 6 319520
11 10 3741370
12 9 325860
12 14 966090
12 13 564050
12 15 1541550
13 12 564050
13 15 2588710
13 17 2380220
13 16 1050900
14 17 859100
14 12 966090
15 10 3617220
15 13 2588710
15 12 1541550
15 8 443100
16 23 1714200
16 20 1268110
16 6 1891750
16 13 1050900
17 14 859100
17 13 2380220
17 19 354650
17 25 2538770
18 22 166520
18 25 3887350
18 19 132470
19 17 354650
19 18 132470
19 22 93860
20 16 1268110
20 25 2956700
20 23 1926020
21 24 828150
21 23 1664020
21 7 2276330
22 18 166520
22 19 93860
23 21 1664020
23 24 1019450
23 16 1714200
23 20 1926020
24 21 828150
24 23 1019450
25 20 2956700
25 18 3887350
25 17 2538770
