0 4 280740
0 2 148810
1 2 1712130
1 5 2681200
1 3 856890
2 1 1712130
2 0 148810
2 4 1908880
3 4 947670
3 1 856890
3 5 206140
4 0 280740
4 3 947670
4 2 1908880
4 11 3349420
5 1 2681200
5 3 206140
5 7 1112440
5 6 2022560
6 8 296430
6 7 492140
6 5 2022560
6 11 245140
6 16 1989330
7 6 492140
7 21 2598610
7 5 1112440
8 6 296430
8 10 106550
8 15 349450
9 12 113110
9 10 165740
10 15 2989260
10 8 106550
10 11 3182950
10 9 165740
11 4 3349420
11 6 245140
11 10 3182950
12 9 113110
12 14 1024420
12 13 705410
12 15 1345250
13 12 705410
13 15 2186550
13 17 2034050
13 16 1450140
14 17 1244600
14 12 1024420
15 10 2989260
15 13 2186550
15 12 1345250
15 8 349450
16 23 2426420
16 20 946230
16 6 1989330
16 13 1450140
17 14 1244600
17 13 2034050
17 19 523980
17 25 2309310
18 22 267910
18 25 3420250
18 19 223130
19 17 523980
19 18 223130
19 22 236970
20 16 946230
20 25 2976160
20 23 2230160
21 24 911270
21 23 1949800
21 7 2598610
22 18 267910
22 19 236970
23 21 1949800
23 24 1476400
23 16 2426420
23 20 2230160
24 21 911270
24 23 1476400
25 20 2976160
25 18 3420250
25 17 2309310
