0 4 480620
0 2 1
1 2 1842450
1 5 3059980
1 3 866870
2 1 1842450
2 0 1
2 4 2074040
3 4 904260
3 1 866870
3 5 276430
4 0 480620
4 3 904260
4 2 2074040
4 11 3968300
5 1 3059980
5 3 276430
5 7 1006100
5 6 2553290
6 8 719390
6 7 1321460
6 5 2553290
6 11 716720
6 16 2516370
7 6 1321460
7 21 3379990
7 5 1006100
8 6 719390
8 10 180600
8 15 558850
9 12 338610
9 10 158640
10 15 3687440
10 8 180600
10 11 3616540
10 9 158640
11 4 3968300
11 6 716720
11 10 3616540
12 9 338610
12 14 916820
12 13 727690
12 15 1571720
13 12 727690
13 15 2867070
13 17 2456540
13 16 1499980
14 17 978120
14 12 916820
15 10 3687440
15 13 2867070
15 12 1571720
15 8 558850
16 23 2470210
16 20 1559210
16 6 2516370
16 13 1499980
17 14 978120
17 13 2456540
17 19 333700
17 25 2703570
18 22 252310
18 25 4669470
18 19 223500
19 17 333700
19 18 223500
19 22 102220
20 16 1559210
20 25 3949930
20 23 2509520
21 24 1294220
21 23 2211240
21 7 3379990
22 18 252310
22 19 102220
23 21 2211240
23 24 1321560
23 16 2470210
23 20 2509520
24 21 1294220
24 23 1321560
25 20 3949930
25 18 4669470
25 17 2703570
