0 4 565970
0 2 200090
1 2 3493260
1 5 4630470
1 3 681040
2 1 3493260
2 0 200090
2 4 3595230
3 4 887950
3 1 681040
3 5 313350
4 0 565970
4 3 887950
4 2 3595230
4 11 5244620
5 1 4630470
5 3 313350
5 7 2069170
5 6 3053170
6 8 902200
6 7 1117750
6 5 3053170
6 11 659490
6 16 2709770
7 6 1117750
7 21 3100380
7 5 2069170
8 6 902200
8 10 274550
8 15 895220
9 12 451170
9 10 292080
10 15 4459020
10 8 274550
10 11 4745330
10 9 292080
11 4 5244620
11 6 659490
11 10 4745330
12 9 451170
12 14 1415620
12 13 1141830
12 15 1822820
13 12 1141830
13 15 3451950
13 17 3565270
13 16 2033150
14 17 1539420
14 12 1415620
15 10 4459020
15 13 3451950
15 12 1822820
15 8 895220
16 23 3185590
16 20 1727590
16 6 2709770
16 13 2033150
17 14 1539420
17 13 3565270
17 19 719840
17 25 3929850
18 22 269360
18 25 6564980
18 19 217550
19 17 719840
19 18 217550
19 22 361970
20 16 1727590
20 25 4506180
20 23 2852790
21 24 1598640
21 23 1878570
21 7 3100380
22 18 269360
22 19 361970
23 21 1878570
23 24 2058880
23 16 3185590
23 20 2852790
24 21 1598640
24 23 2058880
25 20 4506180
25 18 6564980
25 17 3929850
