0 4 226080
0 2 43680
1 2 439010
1 5 791890
1 3 338980
2 1 439010
2 0 43680
2 4 681510
3 4 369020
3 1 338980
3 5 59720
4 0 226080
4 3 369020
4 2 681510
4 11 1279660
5 1 791890
5 3 59720
5 7 177530
5 6 701010
6 8 171240
6 7 250800
6 5 701010
6 11 122020
6 16 691670
7 6 250800
7 21 710050
7 5 177530
8 6 171240
8 10 50210
8 15 155330
9 12 79950
9 10 22870
10 15 1215690
10 8 50210
10 11 1227160
10 9 22870
11 4 1279660
11 6 122020
11 10 1227160
12 9 79950
12 14 341470
12 13 234260
12 15 469560
13 12 234260
13 15 887330
13 17 878720
13 16 483340
14 17 377650
14 12 341470
15 10 1215690
15 13 887330
15 12 469560
15 8 155330
16 23 666040
16 20 529250
16 6 691670
16 13 483340
17 14 377650
17 13 878720
17 19 137500
17 25 879590
18 22 22970
18 25 1492620
18 19 158690
19 17 137500
19 18 158690
19 22 100100
20 16 529250
20 25 882390
20 23 478650
21 24 347760
21 23 374230
21 7 710050
22 18 22970
22 19 100100
23 21 374230
23 24 444460
23 16 666040
23 20 478650
24 21 347760
24 23 444460
25 20 882390
25 18 1492620
25 17 879590
