0 4 486500
0 2 20400
1 2 2458680
1 5 3505910
1 3 522240
2 1 2458680
2 0 20400
2 4 2211860
3 4 601880
3 1 522240
3 5 206880
4 0 486500
4 3 601880
4 2 2211860
4 11 3539430
5 1 3505910
5 3 206880
5 7 1543350
5 6 2410110
6 8 435530
6 7 933410
6 5 2410110
6 11 496270
6 16 2354670
7 6 933410
7 21 3188320
7 5 1543350
8 6 435530
8 10 215610
8 15 583220
9 12 337600
9 10 153710
10 15 2855740
10 8 215610
10 11 3135240
10 9 153710
11 4 3539430
11 6 496270
11 10 3135240
12 9 337600
12 14 1176590
12 13 621230
12 15 1059560
13 12 621230
13 15 2586130
13 17 2461510
13 16 1455590
14 17 1533650
14 12 1176590
15 10 2855740
15 13 2586130
15 12 1059560
15 8 583220
16 23 2015050
16 20 1706340
16 6 2354670
16 13 1455590
17 14 1533650
17 13 2461510
17 19 431440
17 25 2912440
18 22 169370
18 25 5526330
18 19 175140
19 17 431440
19 18 175140
19 22 223630
20 16 1706340
20 25 4263050
20 23 2889160
21 24 1695330
21 23 1806040
21 7 3188320
22 18 169370
22 19 223630
23 21 1806040
23 24 1305300
23 16 2015050
23 20 2889160
24 21 1695330
24 23 1305300
25 20 4263050
25 18 5526330
25 17 2912440
