0 4 129800
0 2 3990
1 2 1019070
1 5 1115910
1 3 212640
2 1 1019070
2 0 3990
2 4 1010030
3 4 385270
3 1 212640
3 5 36600
4 0 129800
4 3 385270
4 2 1010030
4 11 1563720
5 1 1115910
5 3 36600
5 7 613690
5 6 639570
6 8 205520
6 7 359970
6 5 639570
6 11 152180
6 16 665140
7 6 359970
7 21 1065920
7 5 613690
8 6 205520
8 10 58680
8 15 235570
9 12 186810
9 10 59050
10 15 1368970
10 8 58680
10 11 1407250
10 9 59050
11 4 1563720
11 6 152180
11 10 1407250
12 9 186810
12 14 494390
12 13 288660
12 15 274140
13 12 288660
13 15 1319120
13 17 1167110
13 16 608310
14 17 512340
14 12 494390
15 10 1368970
15 13 1319120
15 12 274140
15 8 235570
16 23 893500
16 20 385660
16 6 665140
16 13 608310
17 14 512340
17 13 1167110
17 19 238000
17 25 1315870
18 22 179640
18 25 2182170
18 19 62870
19 17 238000
19 18 62870
19 22 77500
20 16 385660
20 25 1198350
20 23 852510
21 24 540790
21 23 638160
21 7 1065920
22 18 179640
22 19 77500
23 21 638160
23 24 597190
23 16 893500
23 20 852510
24 21 540790
24 23 597190
25 20 1198350
25 18 2182170
25 17 1315870
