0 4 160320
0 2 126460
1 2 1354010
1 5 1506440
1 3 256200
2 1 1354010
2 0 126460
2 4 1967800
3 4 309550
3 1 256200
3 5 8880
4 0 160320
4 3 309550
4 2 1967800
4 11 2567930
5 1 1506440
5 3 8880
5 7 499940
5 6 1159670
6 8 449010
6 7 598710
6 5 1159670
6 11 218540
6 16 1135200
7 6 598710
7 21 1407050
7 5 499940
8 6 449010
8 10 91280
8 15 467690
9 12 304590
9 10 53040
10 15 2364190
10 8 91280
10 11 2423710
10 9 53040
11 4 2567930
11 6 218540
11 10 2423710
12 9 304590
12 14 1070900
12 13 397350
12 15 1155680
13 12 397350
13 15 1973240
13 17 1829970
13 16 685590
14 17 904000
14 12 1070900
15 10 2364190
15 13 1973240
15 12 1155680
15 8 467690
16 23 1477790
16 20 307980
16 6 1135200
16 13 685590
17 14 904000
17 13 1829970
17 19 271260
17 25 2405110
18 22 54460
18 25 3280350
18 19 132080
19 17 271260
19 18 132080
19 22 129890
20 16 307980
20 25 1520210
20 23 1212860
21 24 530450
21 23 885230
21 7 1407050
22 18 54460
22 19 129890
23 21 885230
23 24 887490
23 16 1477790
23 20 1212860
24 21 530450
24 23 887490
25 20 1520210
25 18 3280350
25 17 2405110
