0 4 37190
0 2 3660
1 2 356230
1 5 516790
1 3 166530
2 1 356230
2 0 3660
2 4 407100
3 4 158640
3 1 166530
3 5 57580
4 0 37190
4 3 158640
4 2 407100
4 11 705470
5 1 516790
5 3 57580
5 7 341990
5 6 350130
6 8 227130
6 7 244970
6 5 350130
6 11 86380
6 16 297590
7 6 244970
7 21 951910
7 5 341990
8 6 227130
8 10 83320
8 15 216800
9 12 68330
9 10 45830
10 15 763990
10 8 83320
10 11 725800
10 9 45830
11 4 705470
11 6 86380
11 10 725800
12 9 68330
12 14 419220
12 13 273310
12 15 372560
13 12 273310
13 15 644340
13 17 566240
13 16 529950
14 17 489650
14 12 419220
15 10 763990
15 13 644340
15 12 372560
15 8 216800
16 23 527610
16 20 258370
16 6 297590
16 13 529950
17 14 489650
17 13 566240
17 19 133490
17 25 815910
18 22 68310
18 25 1720910
18 19 61050
19 17 133490
19 18 61050
19 22 92750
20 16 258370
20 25 1267490
20 23 1075490
21 24 336370
21 23 700560
21 7 951910
22 18 68310
22 19 92750
23 21 700560
23 24 519970
23 16 527610
23 20 1075490
24 21 336370
24 23 519970
25 20 1267490
25 18 1720910
25 17 815910
