0 4 390910
0 2 99970
1 2 960340
1 5 1799000
1 3 280890
2 1 960340
2 0 99970
2 4 1324240
3 4 288350
3 1 280890
3 5 75880
4 0 390910
4 3 288350
4 2 1324240
4 11 2116580
5 1 1799000
5 3 75880
5 7 852230
5 6 1147970
6 8 554030
6 7 709880
6 5 1147970
6 11 207470
6 16 1145850
7 6 709880
7 21 965740
7 5 852230
8 6 554030
8 10 118780
8 15 548170
9 12 199060
9 10 78260
10 15 1948050
10 8 118780
10 11 1979430
10 9 78260
11 4 2116580
11 6 207470
11 10 1979430
12 9 199060
12 14 618710
12 13 414280
12 15 817780
13 12 414280
13 15 1742080
13 17 1654350
13 16 818010
14 17 718280
14 12 618710
15 10 1948050
15 13 1742080
15 12 817780
15 8 548170
16 23 1179520
16 20 847700
16 6 1145850
16 13 818010
17 14 718280
17 13 1654350
17 19 197680
17 25 1877660
18 22 128510
18 25 2472420
18 19 59700
19 17 197680
19 18 59700
19 22 63660
20 16 847700
20 25 1530290
20 23 783170
21 24 520780
21 23 505910
21 7 965740
22 18 128510
22 19 63660
23 21 505910
23 24 821470
23 16 1179520
23 20 783170
24 21 520780
24 23 821470
25 20 1530290
25 18 2472420
25 17 1877660
