0 4 342430
0 2 59220
1 2 1763050
1 5 2801430
1 3 547600
2 1 1763050
2 0 59220
2 4 2630100
3 4 742230
3 1 547600
3 5 233650
4 0 342430
4 3 742230
4 2 2630100
4 11 4109610
5 1 2801430
5 3 233650
5 7 1678870
5 6 1410940
6 8 363540
6 7 999140
6 5 1410940
6 11 505990
6 16 1470070
7 6 999140
7 21 3108160
7 5 1678870
8 6 363540
8 10 300830
8 15 441100
9 12 339670
9 10 212410
10 15 3575030
10 8 300830
10 11 3814580
10 9 212410
11 4 4109610
11 6 505990
11 10 3814580
12 9 339670
12 14 1270800
12 13 899530
12 15 1640630
13 12 899530
13 15 2593490
13 17 2395550
13 16 1514850
14 17 1128250
14 12 1270800
15 10 3575030
15 13 2593490
15 12 1640630
15 8 441100
16 23 2183270
16 20 827630
16 6 1470070
16 13 1514850
17 14 1128250
17 13 2395550
17 19 349360
17 25 3029620
18 22 121420
18 25 5099290
18 19 257370
19 17 349360
19 18 257370
19 22 155640
20 16 827630
20 25 3642460
20 23 3229960
21 24 1309820
21 23 1710730
21 7 3108160
22 18 121420
22 19 155640
23 21 1710730
23 24 1465120
23 16 2183270
23 20 3229960
24 21 1309820
24 23 1465120
25 20 3642460
25 18 5099290
25 17 3029620
