0 4 180540
0 2 83470
1 2 1555610
1 5 2411300
1 3 236360
2 1 1555610
2 0 83470
2 4 1135420
3 4 309600
3 1 236360
3 5 66970
4 0 180540
4 3 309600
4 2 1135420
4 11 1795050
5 1 2411300
5 3 66970
5 7 986430
5 6 1715350
6 8 363700
6 7 710220
6 5 1715350
6 11 362830
6 16 1559420
7 6 710220
7 21 1651040
7 5 986430
8 6 363700
8 10 83350
8 15 446180
9 12 145990
9 10 128450
10 15 1487090
10 8 83350
10 11 1597200
10 9 128450
11 4 1795050
11 6 362830
11 10 1597200
12 9 145990
12 14 563620
12 13 265400
12 15 634810
13 12 265400
13 15 1290070
13 17 1244020
13 16 589300
14 17 463400
14 12 563620
15 10 1487090
15 13 1290070
15 12 634810
15 8 446180
16 23 1086580
16 20 1048270
16 6 1559420
16 13 589300
17 14 463400
17 13 1244020
17 19 214490
17 25 1361980
18 22 157610
18 25 3285150
18 19 162390
19 17 214490
19 18 162390
19 22 98040
20 16 1048270
20 25 2699460
20 23 1855940
21 24 847770
21 23 929830
21 7 1651040
22 18 157610
22 19 98040
23 21 929830
23 24 820530
23 16 1086580
23 20 1855940
24 21 847770
24 23 820530
25 20 2699460
25 18 3285150
25 17 1361980
