0 4 279070
0 2 39270
1 2 2332360
1 5 3220890
1 3 368730
2 1 2332360
2 0 39270
2 4 1512830
3 4 411260
3 1 368730
3 5 186870
4 0 279070
4 3 411260
4 2 1512830
4 11 2301330
5 1 3220890
5 3 186870
5 7 1409660
5 6 2061560
6 8 593020
6 7 767920
6 5 2061560
6 11 340700
6 16 2060890
7 6 767920
7 21 1575630
7 5 1409660
8 6 593020
8 10 146440
8 15 530100
9 12 303450
9 10 99630
10 15 2073310
10 8 146440
10 11 2167650
10 9 99630
11 4 2301330
11 6 340700
11 10 2167650
12 9 303450
12 14 1190050
12 13 557780
12 15 836870
13 12 557780
13 15 1741370
13 17 1767970
13 16 869410
14 17 1235330
14 12 1190050
15 10 2073310
15 13 1741370
15 12 836870
15 8 530100
16 23 2242330
16 20 688500
16 6 2060890
16 13 869410
17 14 1235330
17 13 1767970
17 19 365880
17 25 2411870
18 22 181030
18 25 3382430
18 19 203500
19 17 365880
19 18 203500
19 22 247580
20 16 688500
20 25 2199470
20 23 1825040
21 24 940530
21 23 937960
21 7 1575630
22 18 181030
22 19 247580
23 21 937960
23 24 1183620
23 16 2242330
23 20 1825040
24 21 940530
24 23 1183620
25 20 2199470
25 18 3382430
25 17 2411870
