0 4 145290
0 2 72770
1 2 787170
1 5 1205980
1 3 352830
2 1 787170
2 0 72770
2 4 708650
3 4 294180
3 1 352830
3 5 100540
4 0 145290
4 3 294180
4 2 708650
4 11 1217820
5 1 1205980
5 3 100540
5 7 422060
5 6 963410
6 8 129570
6 7 224470
6 5 963410
6 11 102720
6 16 948340
7 6 224470
7 21 548770
7 5 422060
8 6 129570
8 10 66300
8 15 99980
9 12 70010
9 10 94890
10 15 1116090
10 8 66300
10 11 1144060
10 9 94890
11 4 1217820
11 6 102720
11 10 1144060
12 9 70010
12 14 285240
12 13 181430
12 15 404030
13 12 181430
13 15 801730
13 17 812040
13 16 404050
14 17 303030
14 12 285240
15 10 1116090
15 13 801730
15 12 404030
15 8 99980
16 23 943180
16 20 407820
16 6 948340
16 13 404050
17 14 303030
17 13 812040
17 19 165300
17 25 909120
18 22 80560
18 25 1097420
18 19 60920
19 17 165300
19 18 60920
19 22 74660
20 16 407820
20 25 706630
20 23 389630
21 24 294240
21 23 212620
21 7 548770
22 18 80560
22 19 74660
23 21 212620
23 24 343840
23 16 943180
23 20 389630
24 21 294240
24 23 343840
25 20 706630
25 18 1097420
25 17 909120
