0 4 495670
0 2 85170
1 2 1276370
1 5 2766640
1 3 804320
2 1 1276370
2 0 85170
2 4 3598630
3 4 1035010
3 1 804320
3 5 243640
4 0 495670
4 3 1035010
4 2 3598630
4 11 5215800
5 1 2766640
5 3 243640
5 7 1556100
5 6 1856020
6 8 825260
6 7 979460
6 5 1856020
6 11 417110
6 16 1836670
7 6 979460
7 21 2600150
7 5 1556100
8 6 825260
8 10 149870
8 15 877660
9 12 265390
9 10 286720
10 15 4778710
10 8 149870
10 11 5208360
10 9 286720
11 4 5215800
11 6 417110
11 10 5208360
12 9 265390
12 14 1405290
12 13 1405860
12 15 2070080
13 12 1405860
13 15 3854520
13 17 3676030
13 16 2364450
14 17 1243650
14 12 1405290
15 10 4778710
15 13 3854520
15 12 2070080
15 8 877660
16 23 2794500
16 20 1336020
16 6 1836670
16 13 2364450
17 14 1243650
17 13 3676030
17 19 437390
17 25 4011120
18 22 369550
18 25 6419650
18 19 276260
19 17 437390
19 18 276260
19 22 219190
20 16 1336020
20 25 3872620
20 23 2811470
21 24 1249480
21 23 1433160
21 7 2600150
22 18 369550
22 19 219190
23 21 1433160
23 24 1709890
23 16 2794500
23 20 2811470
24 21 1249480
24 23 1709890
25 20 3872620
25 18 6419650
25 17 4011120
