0 4 465310
0 2 67450
1 2 2341650
1 5 4799840
1 3 742910
2 1 2341650
2 0 67450
2 4 2972670
3 4 1007890
3 1 742910
3 5 191670
4 0 465310
4 3 1007890
4 2 2972670
4 11 4475850
5 1 4799840
5 3 191670
5 7 2313040
5 6 3111390
6 8 620610
6 7 747950
6 5 3111390
6 11 359000
6 16 3019020
7 6 747950
7 21 2500830
7 5 2313040
8 6 620610
8 10 183330
8 15 624340
9 12 317020
9 10 215410
10 15 4554250
10 8 183330
10 11 4439970
10 9 215410
11 4 4475850
11 6 359000
11 10 4439970
12 9 317020
12 14 965990
12 13 826210
12 15 1703540
13 12 826210
13 15 3824040
13 17 3292750
13 16 1822890
14 17 795500
14 12 965990
15 10 4554250
15 13 3824040
15 12 1703540
15 8 624340
16 23 3010070
16 20 2010390
16 6 3019020
16 13 1822890
17 14 795500
17 13 3292750
17 19 700970
17 25 2848380
18 22 396340
18 25 6181240
18 19 341760
19 17 700970
19 18 341760
19 22 245800
20 16 2010390
20 25 4407130
20 23 2426100
21 24 1509150
21 23 1409850
21 7 2500830
22 18 396340
22 19 245800
23 21 1409850
23 24 1740710
23 16 3010070
23 20 2426100
24 21 1509150
24 23 1740710
25 20 4407130
25 18 6181240
25 17 2848380
