0 4 556800
0 2 243680
1 2 3636870
1 5 5119030
1 3 1687830
2 1 3636870
2 0 243680
2 4 5719370
3 4 1731120
3 1 1687830
3 5 450620
4 0 556800
4 3 1731120
4 2 5719370
4 11 8684880
5 1 5119030
5 3 450620
5 7 2330330
5 6 3455930
6 8 1995770
6 7 2524090
6 5 3455930
6 11 790590
6 16 3305600
7 6 2524090
7 21 5123630
7 5 2330330
8 6 1995770
8 10 408000
8 15 2101240
9 12 402440
9 10 403550
10 15 7592120
10 8 408000
10 11 7950030
10 9 403550
11 4 8684880
11 6 790590
11 10 7950030
12 9 402440
12 14 1725990
12 13 1251710
12 15 3995300
13 12 1251710
13 15 6055190
13 17 6240550
13 16 2899910
14 17 1838410
14 12 1725990
15 10 7592120
15 13 6055190
15 12 3995300
15 8 2101240
16 23 4322540
16 20 2104080
16 6 3305600
16 13 2899910
17 14 1838410
17 13 6240550
17 19 883630
17 25 5850540
18 22 699220
18 25 8509190
18 19 340550
19 17 883630
19 18 340550
19 22 486040
20 16 2104080
20 25 6837770
20 23 5047560
21 24 2465900
21 23 2954010
21 7 5123630
22 18 699220
22 19 486040
23 21 2954010
23 24 2969610
23 16 4322540
23 20 5047560
24 21 2465900
24 23 2969610
25 20 6837770
25 18 8509190
25 17 5850540
