0 4 759810
0 2 367900
1 2 4876430
1 5 6519990
1 3 1757320
2 1 4876430
2 0 367900
2 4 5559600
3 4 1757020
3 1 1757320
3 5 334900
4 0 759810
4 3 1757020
4 2 5559600
4 11 8783110
5 1 6519990
5 3 334900
5 7 3225930
5 6 4366340
6 8 3247440
6 7 3367700
6 5 4366340
6 11 566250
6 16 4164380
7 6 3367700
7 21 5083640
7 5 3225930
8 6 3247440
8 10 494140
8 15 2946420
9 12 520450
9 10 555000
10 15 8173300
10 8 494140
10 11 8641660
10 9 555000
11 4 8783110
11 6 566250
11 10 8641660
12 9 520450
12 14 2184090
12 13 1548570
12 15 5493290
13 12 1548570
13 15 5883630
13 17 5444350
13 16 2966100
14 17 1806340
14 12 2184090
15 10 8173300
15 13 5883630
15 12 5493290
15 8 2946420
16 23 4151460
16 20 3149450
16 6 4164380
16 13 2966100
17 14 1806340
17 13 5444350
17 19 923070
17 25 5351050
18 22 512390
18 25 10066930
18 19 671840
19 17 923070
19 18 671840
19 22 569870
20 16 3149450
20 25 8121970
20 23 5439440
21 24 2398970
21 23 3003590
21 7 5083640
22 18 512390
22 19 569870
23 21 3003590
23 24 2862530
23 16 4151460
23 20 5439440
24 21 2398970
24 23 2862530
25 20 8121970
25 18 10066930
25 17 5351050
