0 4 394520
0 2 43390
1 2 1635530
1 5 2955350
1 3 211460
2 1 1635530
2 0 43390
2 4 1804250
3 4 279730
3 1 211460
3 5 204070
4 0 394520
4 3 279730
4 2 1804250
4 11 2765040
5 1 2955350
5 3 204070
5 7 1318200
5 6 2253650
6 8 769850
6 7 864760
6 5 2253650
6 11 334150
6 16 2041450
7 6 864760
7 21 2299660
7 5 1318200
8 6 769850
8 10 256490
8 15 598740
9 12 254010
9 10 176900
10 15 2543150
10 8 256490
10 11 2751330
10 9 176900
11 4 2765040
11 6 334150
11 10 2751330
12 9 254010
12 14 1010120
12 13 886460
12 15 1004730
13 12 886460
13 15 2358500
13 17 2026560
13 16 1659750
14 17 900310
14 12 1010120
15 10 2543150
15 13 2358500
15 12 1004730
15 8 598740
16 23 2371550
16 20 1158350
16 6 2041450
16 13 1659750
17 14 900310
17 13 2026560
17 19 335310
17 25 2225820
18 22 86860
18 25 3874630
18 19 308460
19 17 335310
19 18 308460
19 22 71320
20 16 1158350
20 25 3104700
20 23 2293290
21 24 1252780
21 23 1038120
21 7 2299660
22 18 86860
22 19 71320
23 21 1038120
23 24 1359960
23 16 2371550
23 20 2293290
24 21 1252780
24 23 1359960
25 20 3104700
25 18 3874630
25 17 2225820
