0 4 26420
0 2 1480
1 2 575630
1 5 1186350
1 3 58200
2 1 575630
2 0 1480
2 4 981790
3 4 92060
3 1 58200
3 5 12180
4 0 26420
4 3 92060
4 2 981790
4 11 1273370
5 1 1186350
5 3 12180
5 7 538170
5 6 606940
6 8 216370
6 7 188880
6 5 606940
6 11 51910
6 16 651150
7 6 188880
7 21 371480
7 5 538170
8 6 216370
8 10 32520
8 15 204390
9 12 141250
9 10 28850
10 15 1263000
10 8 32520
10 11 1278930
10 9 28850
11 4 1273370
11 6 51910
11 10 1278930
12 9 141250
12 14 233350
12 13 215480
12 15 385340
13 12 215480
13 15 1202730
13 17 1240760
13 16 399240
14 17 313640
14 12 233350
15 10 1263000
15 13 1202730
15 12 385340
15 8 204390
16 23 595620
16 20 488540
16 6 651150
16 13 399240
17 14 313640
17 13 1240760
17 19 275850
17 25 1074830
18 22 101450
18 25 1391310
18 19 17070
19 17 275850
19 18 17070
19 22 106930
20 16 488540
20 25 1200440
20 23 796680
21 24 211780
21 23 258960
21 7 371480
22 18 101450
22 19 106930
23 21 258960
23 24 475070
23 16 595620
23 20 796680
24 21 211780
24 23 475070
25 20 1200440
25 18 1391310
25 17 1074830
