0 4 139030
0 2 19240
1 2 1064980
1 5 1350530
1 3 361100
2 1 1064980
2 0 19240
2 4 1758530
3 4 382320
3 1 361100
3 5 145670
4 0 139030
4 3 382320
4 2 1758530
4 11 2305990
5 1 1350530
5 3 145670
5 7 633960
5 6 972590
6 8 468600
6 7 572530
6 5 972590
6 11 179670
6 16 1039850
7 6 572530
7 21 769420
7 5 633960
8 6 468600
8 10 76380
8 15 392730
9 12 84110
9 10 25760
10 15 2245130
10 8 76380
10 11 2244770
10 9 25760
11 4 2305990
11 6 179670
11 10 2244770
12 9 84110
12 14 736940
12 13 274000
12 15 1204520
13 12 274000
13 15 1409780
13 17 1344500
13 16 608700
14 17 819860
14 12 736940
15 10 2245130
15 13 1409780
15 12 1204520
15 8 392730
16 23 1012790
16 20 617240
16 6 1039850
16 13 608700
17 14 819860
17 13 1344500
17 19 225110
17 25 1677080
18 22 70250
18 25 2174500
18 19 107620
19 17 225110
19 18 107620
19 22 152980
20 16 617240
20 25 1342470
20 23 771990
21 24 541860
21 23 341970
21 7 769420
22 18 70250
22 19 152980
23 21 341970
23 24 720850
23 16 1012790
23 20 771990
24 21 541860
24 23 720850
25 20 1342470
25 18 2174500
25 17 1677080
