0 4 516610
0 2 52320
1 2 2156770
1 5 3550380
1 3 911400
2 1 2156770
2 0 52320
2 4 2705460
3 4 1085230
3 1 911400
3 5 84950
4 0 516610
4 3 1085230
4 2 2705460
4 11 4713650
5 1 3550380
5 3 84950
5 7 1562430
5 6 2226750
6 8 609000
6 7 1290660
6 5 2226750
6 11 667190
6 16 2276570
7 6 1290660
7 21 2476460
7 5 1562430
8 6 609000
8 10 277440
8 15 599950
9 12 363600
9 10 299060
10 15 4232660
10 8 277440
10 11 4279520
10 9 299060
11 4 4713650
11 6 667190
11 10 4279520
12 9 363600
12 14 1347700
12 13 1300880
12 15 2134780
13 12 1300880
13 15 2833130
13 17 2889000
13 16 1954280
14 17 1473230
14 12 1347700
15 10 4232660
15 13 2833130
15 12 2134780
15 8 599950
16 23 2789880
16 20 1351700
16 6 2276570
16 13 1954280
17 14 1473230
17 13 2889000
17 19 329700
17 25 3436060
18 22 405180
18 25 5565130
18 19 236910
19 17 329700
19 18 236910
19 22 108000
20 16 1351700
20 25 3518500
20 23 2230580
21 24 1272250
21 23 1133270
21 7 2476460
22 18 405180
22 19 108000
23 21 1133270
23 24 1693670
23 16 2789880
23 20 2230580
24 21 1272250
24 23 1693670
25 20 3518500
25 18 5565130
25 17 3436060
