0 4 363980
0 2 66190
1 2 1252670
1 5 2428780
1 3 139540
2 1 1252670
2 0 66190
2 4 1265400
3 4 329270
3 1 139540
3 5 97510
4 0 363980
4 3 329270
4 2 1265400
4 11 1816620
5 1 2428780
5 3 97510
5 7 1043040
5 6 1654600
6 8 644520
6 7 897420
6 5 1654600
6 11 196350
6 16 1588690
7 6 897420
7 21 1507120
7 5 1043040
8 6 644520
8 10 164990
8 15 551190
9 12 182950
9 10 153790
10 15 1669700
10 8 164990
10 11 1745900
10 9 153790
11 4 1816620
11 6 196350
11 10 1745900
12 9 182950
12 14 453800
12 13 646210
12 15 598910
13 12 646210
13 15 1690470
13 17 1614750
13 16 1082390
14 17 527730
14 12 453800
15 10 1669700
15 13 1690470
15 12 598910
15 8 551190
16 23 1440140
16 20 1231600
16 6 1588690
16 13 1082390
17 14 527730
17 13 1614750
17 19 283740
17 25 1676270
18 22 74090
18 25 3200440
18 19 190480
19 17 283740
19 18 190480
19 22 150020
20 16 1231600
20 25 2342170
20 23 1214820
21 24 961980
21 23 655530
21 7 1507120
22 18 74090
22 19 150020
23 21 655530
23 24 963850
23 16 1440140
23 20 1214820
24 21 961980
24 23 963850
25 20 2342170
25 18 3200440
25 17 1676270
