0 4 123600
0 2 35690
1 2 843590
1 5 1056970
1 3 128730
2 1 843590
2 0 35690
2 4 726700
3 4 172020
3 1 128730
3 5 89890
4 0 123600
4 3 172020
4 2 726700
4 11 1038160
5 1 1056970
5 3 89890
5 7 525370
5 6 632720
6 8 210600
6 7 286060
6 5 632720
6 11 121040
6 16 635220
7 6 286060
7 21 501850
7 5 525370
8 6 210600
8 10 44730
8 15 191820
9 12 79230
9 10 55180
10 15 895950
10 8 44730
10 11 957980
10 9 55180
11 4 1038160
11 6 121040
11 10 957980
12 9 79230
12 14 372870
12 13 229090
12 15 414240
13 12 229090
13 15 781730
13 17 658250
13 16 453160
14 17 374730
14 12 372870
15 10 895950
15 13 781730
15 12 414240
15 8 191820
16 23 701040
16 20 394670
16 6 635220
16 13 453160
17 14 374730
17 13 658250
17 19 130170
17 25 812950
18 22 100310
18 25 1335590
18 19 41570
19 17 130170
19 18 41570
19 22 89440
20 16 394670
20 25 656680
20 23 308710
21 24 327140
21 23 162160
21 7 501850
22 18 100310
22 19 89440
23 21 162160
23 24 403190
23 16 701040
23 20 308710
24 21 327140
24 23 403190
25 20 656680
25 18 1335590
25 17 812950
