0 4 540390
0 2 122570
1 2 2607250
1 5 3214830
1 3 743250
2 1 2607250
2 0 122570
2 4 3163300
3 4 861050
3 1 743250
3 5 119550
4 0 540390
4 3 861050
4 2 3163300
4 11 4837550
5 1 3214830
5 3 119550
5 7 1648580
5 6 1937410
6 8 975130
6 7 1338580
6 5 1937410
6 11 478500
6 16 1822680
7 6 1338580
7 21 3222950
7 5 1648580
8 6 975130
8 10 242450
8 15 937850
9 12 223700
9 10 236280
10 15 4635410
10 8 242450
10 11 4584010
10 9 236280
11 4 4837550
11 6 478500
11 10 4584010
12 9 223700
12 14 1005920
12 13 613140
12 15 2169630
13 12 613140
13 15 3566780
13 17 3331730
13 16 1419430
14 17 1235560
14 12 1005920
15 10 4635410
15 13 3566780
15 12 2169630
15 8 937850
16 23 2512830
16 20 672060
16 6 1822680
16 13 1419430
17 14 1235560
17 13 3331730
17 19 435970
17 25 3868230
18 22 368340
18 25 6193470
18 19 310580
19 17 435970
19 18 310580
19 22 254450
20 16 672060
20 25 4120750
20 23 3754170
21 24 1216250
21 23 2047060
21 7 3222950
22 18 368340
22 19 254450
23 21 2047060
23 24 1851380
23 16 2512830
23 20 3754170
24 21 1216250
24 23 1851380
25 20 4120750
25 18 6193470
25 17 3868230
