0 4 285690
0 2 70840
1 2 1776900
1 5 2106610
1 3 353820
2 1 1776900
2 0 70840
2 4 1121550
3 4 517380
3 1 353820
3 5 204420
4 0 285690
4 3 517380
4 2 1121550
4 11 2026570
5 1 2106610
5 3 204420
5 7 843950
5 6 1513650
6 8 299740
6 7 384610
6 5 1513650
6 11 197350
6 16 1516940
7 6 384610
7 21 1288900
7 5 843950
8 6 299740
8 10 155260
8 15 306120
9 12 150640
9 10 61000
10 15 1908430
10 8 155260
10 11 1943900
10 9 61000
11 4 2026570
11 6 197350
11 10 1943900
12 9 150640
12 14 630290
12 13 451870
12 15 762420
13 12 451870
13 15 1616410
13 17 1543670
13 16 726000
14 17 517530
14 12 630290
15 10 1908430
15 13 1616410
15 12 762420
15 8 306120
16 23 1294550
16 20 965830
16 6 1516940
16 13 726000
17 14 517530
17 13 1543670
17 19 281310
17 25 1520290
18 22 116240
18 25 3608090
18 19 127350
19 17 281310
19 18 127350
19 22 161940
20 16 965830
20 25 2409790
20 23 1550170
21 24 756390
21 23 718840
21 7 1288900
22 18 116240
22 19 161940
23 21 718840
23 24 906470
23 16 1294550
23 20 1550170
24 21 756390
24 23 906470
25 20 2409790
25 18 3608090
25 17 1520290
