0 4 60250
0 2 29650
1 2 603570
1 5 980430
1 3 240110
2 1 603570
2 0 29650
2 4 688280
3 4 270940
3 1 240110
3 5 50930
4 0 60250
4 3 270940
4 2 688280
4 11 1066180
5 1 980430
5 3 50930
5 7 602670
5 6 510400
6 8 155240
6 7 216920
6 5 510400
6 11 124860
6 16 460120
7 6 216920
7 21 720720
7 5 602670
8 6 155240
8 10 38220
8 15 99290
9 12 64830
9 10 50400
10 15 1062650
10 8 38220
10 11 1030400
10 9 50400
11 4 1066180
11 6 124860
11 10 1030400
12 9 64830
12 14 340170
12 13 72490
12 15 302850
13 12 72490
13 15 838670
13 17 870730
13 16 383580
14 17 373330
14 12 340170
15 10 1062650
15 13 838670
15 12 302850
15 8 99290
16 23 671720
16 20 251680
16 6 460120
16 13 383580
17 14 373330
17 13 870730
17 19 104010
17 25 956840
18 22 61920
18 25 1454680
18 19 50920
19 17 104010
19 18 50920
19 22 21270
20 16 251680
20 25 766460
20 23 545520
21 24 374050
21 23 294940
21 7 720720
22 18 61920
22 19 21270
23 21 294940
23 24 439650
23 16 671720
23 20 545520
24 21 374050
24 23 439650
25 20 766460
25 18 1454680
25 17 956840
