0 4 574590
0 2 82080
1 2 3552930
1 5 3856600
1 3 1116830
2 1 3552930
2 0 82080
2 4 2895670
3 4 1124050
3 1 1116830
3 5 281960
4 0 574590
4 3 1124050
4 2 2895670
4 11 5067960
5 1 3856600
5 3 281960
5 7 1938240
5 6 2530100
6 8 895690
6 7 1407960
6 5 2530100
6 11 524270
6 16 2528810
7 6 1407960
7 21 3621950
7 5 1938240
8 6 895690
8 10 341960
8 15 824840
9 12 438410
9 10 305290
10 15 4580660
10 8 341960
10 11 4851360
10 9 305290
11 4 5067960
11 6 524270
11 10 4851360
12 9 438410
12 14 1251740
12 13 726310
12 15 1827590
13 12 726310
13 15 3873880
13 17 3701460
13 16 1711380
14 17 1477100
14 12 1251740
15 10 4580660
15 13 3873880
15 12 1827590
15 8 824840
16 23 2489650
16 20 1730480
16 6 2528810
16 13 1711380
17 14 1477100
17 13 3701460
17 19 800610
17 25 3348830
18 22 282160
18 25 5825780
18 19 525220
19 17 800610
19 18 525220
19 22 503690
20 16 1730480
20 25 5117400
20 23 3593130
21 24 1704180
21 23 1989250
21 7 3621950
22 18 282160
22 19 503690
23 21 1989250
23 24 2235770
23 16 2489650
23 20 3593130
24 21 1704180
24 23 2235770
25 20 5117400
25 18 5825780
25 17 3348830
