0 4 117230
0 2 50710
1 2 1058720
1 5 1616950
1 3 175740
2 1 1058720
2 0 50710
2 4 944080
3 4 268560
3 1 175740
3 5 53700
4 0 117230
4 3 268560
4 2 944080
4 11 1447050
5 1 1616950
5 3 53700
5 7 768930
5 6 934130
6 8 95410
6 7 126480
6 5 934130
6 11 98890
6 16 942670
7 6 126480
7 21 848240
7 5 768930
8 6 95410
8 10 90990
8 15 84890
9 12 116240
9 10 7200
10 15 1364550
10 8 90990
10 11 1330940
10 9 7200
11 4 1447050
11 6 98890
11 10 1330940
12 9 116240
12 14 404740
12 13 278160
12 15 511110
13 12 278160
13 15 1029360
13 17 921380
13 16 499840
14 17 311580
14 12 404740
15 10 1364550
15 13 1029360
15 12 511110
15 8 84890
16 23 910930
16 20 535170
16 6 942670
16 13 499840
17 14 311580
17 13 921380
17 19 197120
17 25 912540
18 22 77020
18 25 1672460
18 19 29690
19 17 197120
19 18 29690
19 22 101630
20 16 535170
20 25 916810
20 23 479990
21 24 411200
21 23 409320
21 7 848240
22 18 77020
22 19 101630
23 21 409320
23 24 584860
23 16 910930
23 20 479990
24 21 411200
24 23 584860
25 20 916810
25 18 1672460
25 17 912540
