0 4 111390
0 2 48500
1 2 1028480
1 5 1579120
1 3 493390
2 1 1028480
2 0 48500
2 4 1827910
3 4 476440
3 1 493390
3 5 23300
4 0 111390
4 3 476440
4 2 1827910
4 11 2583860
5 1 1579120
5 3 23300
5 7 951430
5 6 703870
6 8 326330
6 7 376180
6 5 703870
6 11 111730
6 16 788430
7 6 376180
7 21 1230140
7 5 951430
8 6 326330
8 10 156130
8 15 261910
9 12 218050
9 10 93400
10 15 2724980
10 8 156130
10 11 2774980
10 9 93400
11 4 2583860
11 6 111730
11 10 2774980
12 9 218050
12 14 945190
12 13 274270
12 15 1179110
13 12 274270
13 15 1943180
13 17 1836780
13 16 736310
14 17 1064060
14 12 945190
15 10 2724980
15 13 1943180
15 12 1179110
15 8 261910
16 23 1051310
16 20 534940
16 6 788430
16 13 736310
17 14 1064060
17 13 1836780
17 19 359860
17 25 2309770
18 22 184330
18 25 3468740
18 19 120170
19 17 359860
19 18 120170
19 22 164690
20 16 534940
20 25 1864730
20 23 1329250
21 24 548430
21 23 528400
21 7 1230140
22 18 184330
22 19 164690
23 21 528400
23 24 1100550
23 16 1051310
23 20 1329250
24 21 548430
24 23 1100550
25 20 1864730
25 18 3468740
25 17 2309770
