0 4 190250
0 2 68180
1 2 1438050
1 5 2254490
1 3 134440
2 1 1438050
2 0 68180
2 4 1193670
3 4 224540
3 1 134440
3 5 76690
4 0 190250
4 3 224540
4 2 1193670
4 11 1589950
5 1 2254490
5 3 76690
5 7 801850
5 6 1507090
6 8 257490
6 7 404880
6 5 1507090
6 11 191160
6 16 1516230
7 6 404880
7 21 920180
7 5 801850
8 6 257490
8 10 36950
8 15 307670
9 12 140880
9 10 20180
10 15 1684760
10 8 36950
10 11 1541420
10 9 20180
11 4 1589950
11 6 191160
11 10 1541420
12 9 140880
12 14 491270
12 13 481020
12 15 484430
13 12 481020
13 15 1481640
13 17 1420610
13 16 845690
14 17 629710
14 12 491270
15 10 1684760
15 13 1481640
15 12 484430
15 8 307670
16 23 1639000
16 20 841040
16 6 1516230
16 13 845690
17 14 629710
17 13 1420610
17 19 180280
17 25 1455470
18 22 131200
18 25 1886790
18 19 97970
19 17 180280
19 18 97970
19 22 90940
20 16 841040
20 25 1738660
20 23 896060
21 24 580990
21 23 359190
21 7 920180
22 18 131200
22 19 90940
23 21 359190
23 24 754870
23 16 1639000
23 20 896060
24 21 580990
24 23 754870
25 20 1738660
25 18 1886790
25 17 1455470
