0 4 397120
0 2 51700
1 2 3522900
1 5 4643670
1 3 1040020
2 1 3522900
2 0 51700
2 4 3134910
3 4 1106070
3 1 1040020
3 5 206990
4 0 397120
4 3 1106070
4 2 3134910
4 11 4905190
5 1 4643670
5 3 206990
5 7 1964820
5 6 3146880
6 8 880780
6 7 1498570
6 5 3146880
6 11 506530
6 16 3127300
7 6 1498570
7 21 2689810
7 5 1964820
8 6 880780
8 10 181310
8 15 1087710
9 12 495890
9 10 341330
10 15 4718010
10 8 181310
10 11 4816120
10 9 341330
11 4 4905190
11 6 506530
11 10 4816120
12 9 495890
12 14 1766340
12 13 807850
12 15 2516540
13 12 807850
13 15 3527810
13 17 2868670
13 16 1746660
14 17 1899330
14 12 1766340
15 10 4718010
15 13 3527810
15 12 2516540
15 8 1087710
16 23 2931260
16 20 1936140
16 6 3127300
16 13 1746660
17 14 1899330
17 13 2868670
17 19 782680
17 25 3480470
18 22 406390
18 25 5656620
18 19 248900
19 17 782680
19 18 248900
19 22 512050
20 16 1936140
20 25 4128000
20 23 2408460
21 24 1518850
21 23 1290580
21 7 2689810
22 18 406390
22 19 512050
23 21 1290580
23 24 2173390
23 16 2931260
23 20 2408460
24 21 1518850
24 23 2173390
25 20 4128000
25 18 5656620
25 17 3480470
