0 4 600790
0 2 92200
1 2 2508240
1 5 3613680
1 3 869930
2 1 2508240
2 0 92200
2 4 3369290
3 4 1353860
3 1 869930
3 5 270500
4 0 600790
4 3 1353860
4 2 3369290
4 11 5449380
5 1 3613680
5 3 270500
5 7 2053180
5 6 2195810
6 8 828120
6 7 1115970
6 5 2195810
6 11 471230
6 16 1908180
7 6 1115970
7 21 2210180
7 5 2053180
8 6 828120
8 10 280810
8 15 727980
9 12 319750
9 10 244160
10 15 5176890
10 8 280810
10 11 5397590
10 9 244160
11 4 5449380
11 6 471230
11 10 5397590
12 9 319750
12 14 1934630
12 13 612850
12 15 2015400
13 12 612850
13 15 3896010
13 17 3971840
13 16 1142580
14 17 2020180
14 12 1934630
15 10 5176890
15 13 3896010
15 12 2015400
15 8 727980
16 23 2084840
16 20 1028310
16 6 1908180
16 13 1142580
17 14 2020180
17 13 3971840
17 19 375410
17 25 4893690
18 22 158150
18 25 5638820
18 19 211760
19 17 375410
19 18 211760
19 22 218410
20 16 1028310
20 25 3336730
20 23 2496140
21 24 1551480
21 23 880520
21 7 2210180
22 18 158150
22 19 218410
23 21 880520
23 24 1398070
23 16 2084840
23 20 2496140
24 21 1551480
24 23 1398070
25 20 3336730
25 18 5638820
25 17 4893690
