0 4 639920
0 2 117530
1 2 1999440
1 5 3439030
1 3 324830
2 1 1999440
2 0 117530
2 4 2688390
3 4 326490
3 1 324830
3 5 133970
4 0 639920
4 3 326490
4 2 2688390
4 11 3973840
5 1 3439030
5 3 133970
5 7 1524700
5 6 2319840
6 8 345350
6 7 704420
6 5 2319840
6 11 463060
6 16 2269270
7 6 704420
7 21 3229520
7 5 1524700
8 6 345350
8 10 158070
8 15 453370
9 12 231250
9 10 248280
10 15 3463440
10 8 158070
10 11 3780280
10 9 248280
11 4 3973840
11 6 463060
11 10 3780280
12 9 231250
12 14 740900
12 13 722700
12 15 803030
13 12 722700
13 15 3503950
13 17 3234300
13 16 1571230
14 17 903530
14 12 740900
15 10 3463440
15 13 3503950
15 12 803030
15 8 453370
16 23 2184420
16 20 1626970
16 6 2269270
16 13 1571230
17 14 903530
17 13 3234300
17 19 579980
17 25 3081310
18 22 164990
18 25 4990760
18 19 122190
19 17 579980
19 18 122190
19 22 239000
20 16 1626970
20 25 4661440
20 23 3207880
21 24 1359300
21 23 1887580
21 7 3229520
22 18 164990
22 19 239000
23 21 1887580
23 24 1552010
23 16 2184420
23 20 3207880
24 21 1359300
24 23 1552010
25 20 4661440
25 18 4990760
25 17 3081310
