0 4 77240
0 2 8130
1 2 740620
1 5 1248770
1 3 560040
2 1 740620
2 0 8130
2 4 1283650
3 4 564180
3 1 560040
3 5 34150
4 0 77240
4 3 564180
4 2 1283650
4 11 1905790
5 1 1248770
5 3 34150
5 7 424500
5 6 840160
6 8 96460
6 7 176090
6 5 840160
6 11 19340
6 16 826020
7 6 176090
7 21 867230
7 5 424500
8 6 96460
8 10 98440
8 15 72050
9 12 70400
9 10 94600
10 15 1709030
10 8 98440
10 11 1919250
10 9 94600
11 4 1905790
11 6 19340
11 10 1919250
12 9 70400
12 14 197470
12 13 76560
12 15 978390
13 12 76560
13 15 848500
13 17 856850
13 16 178060
14 17 237080
14 12 197470
15 10 1709030
15 13 848500
15 12 978390
15 8 72050
16 23 451730
16 20 621910
16 6 826020
16 13 178060
17 14 237080
17 13 856850
17 19 87370
17 25 937270
18 22 63950
18 25 1542050
18 19 20400
19 17 87370
19 18 20400
19 22 34070
20 16 621910
20 25 1268560
20 23 706000
21 24 446010
21 23 514230
21 7 867230
22 18 63950
22 19 34070
23 21 514230
23 24 313010
23 16 451730
23 20 706000
24 21 446010
24 23 313010
25 20 1268560
25 18 1542050
25 17 937270
