0 4 459510
0 2 62640
1 2 2144700
1 5 2958430
1 3 886250
2 1 2144700
2 0 62640
2 4 3110990
3 4 1092080
3 1 886250
3 5 142780
4 0 459510
4 3 1092080
4 2 3110990
4 11 4975250
5 1 2958430
5 3 142780
5 7 1457650
5 6 1876510
6 8 1117050
6 7 1343880
6 5 1876510
6 11 363050
6 16 1730310
7 6 1343880
7 21 1878230
7 5 1457650
8 6 1117050
8 10 295930
8 15 890050
9 12 258210
9 10 321260
10 15 4487290
10 8 295930
10 11 4823200
10 9 321260
11 4 4975250
11 6 363050
11 10 4823200
12 9 258210
12 14 962990
12 13 887760
12 15 2123360
13 12 887760
13 15 3198480
13 17 3163890
13 16 1298350
14 17 970540
14 12 962990
15 10 4487290
15 13 3198480
15 12 2123360
15 8 890050
16 23 2335210
16 20 830580
16 6 1730310
16 13 1298350
17 14 970540
17 13 3163890
17 19 285450
17 25 3549100
18 22 213800
18 25 4365430
18 19 253980
19 17 285450
19 18 253980
19 22 131450
20 16 830580
20 25 2360010
20 23 1669610
21 24 1340010
21 23 707600
21 7 1878230
22 18 213800
22 19 131450
23 21 707600
23 24 1095560
23 16 2335210
23 20 1669610
24 21 1340010
24 23 1095560
25 20 2360010
25 18 4365430
25 17 3549100
