0 4 313010
0 2 86180
1 2 1661060
1 5 2213940
1 3 456450
2 1 1661060
2 0 86180
2 4 1983170
3 4 504110
3 1 456450
3 5 166090
4 0 313010
4 3 504110
4 2 1983170
4 11 2975920
5 1 2213940
5 3 166090
5 7 857720
5 6 1631650
6 8 260250
6 7 512920
6 5 1631650
6 11 341040
6 16 1647260
7 6 512920
7 21 1942980
7 5 857720
8 6 260250
8 10 172050
8 15 227870
9 12 107720
9 10 125230
10 15 2741280
10 8 172050
10 11 2776550
10 9 125230
11 4 2975920
11 6 341040
11 10 2776550
12 9 107720
12 14 691940
12 13 398710
12 15 1240330
13 12 398710
13 15 1816010
13 17 1649890
13 16 738490
14 17 703260
14 12 691940
15 10 2741280
15 13 1816010
15 12 1240330
15 8 227870
16 23 1354500
16 20 978940
16 6 1647260
16 13 738490
17 14 703260
17 13 1649890
17 19 170130
17 25 2103580
18 22 275380
18 25 3683230
18 19 229970
19 17 170130
19 18 229970
19 22 137300
20 16 978940
20 25 2972740
20 23 2182450
21 24 780590
21 23 1041440
21 7 1942980
22 18 275380
22 19 137300
23 21 1041440
23 24 797740
23 16 1354500
23 20 2182450
24 21 780590
24 23 797740
25 20 2972740
25 18 3683230
25 17 2103580
