0 4 184610
0 2 211580
1 2 1707100
1 5 2909160
1 3 624830
2 1 1707100
2 0 211580
2 4 2693660
3 4 687620
3 1 624830
3 5 224630
4 0 184610
4 3 687620
4 2 2693660
4 11 3676740
5 1 2909160
5 3 224630
5 7 1150030
5 6 1964270
6 8 398100
6 7 525850
6 5 1964270
6 11 298290
6 16 1843400
7 6 525850
7 21 1930140
7 5 1150030
8 6 398100
8 10 243930
8 15 467900
9 12 275350
9 10 110470
10 15 3214850
10 8 243930
10 11 3432840
10 9 110470
11 4 3676740
11 6 298290
11 10 3432840
12 9 275350
12 14 724160
12 13 341540
12 15 627020
13 12 341540
13 15 3131270
13 17 2890370
13 16 932420
14 17 725200
14 12 724160
15 10 3214850
15 13 3131270
15 12 627020
15 8 467900
16 23 1634150
16 20 1023220
16 6 1843400
16 13 932420
17 14 725200
17 13 2890370
17 19 435940
17 25 2646840
18 22 264560
18 25 3975560
18 19 178760
19 17 435940
19 18 178760
19 22 131030
20 16 1023220
20 25 2788030
20 23 2004430
21 24 779500
21 23 1200450
21 7 1930140
22 18 264560
22 19 131030
23 21 1200450
23 24 1214130
23 16 1634150
23 20 2004430
24 21 779500
24 23 1214130
25 20 2788030
25 18 3975560
25 17 2646840
