0 4 325320
0 2 84310
1 2 1214670
1 5 1992040
1 3 247620
2 1 1214670
2 0 84310
2 4 2807030
3 4 399020
3 1 247620
3 5 189270
4 0 325320
4 3 399020
4 2 2807030
4 11 3722740
5 1 1992040
5 3 189270
5 7 952330
5 6 1356070
6 8 773610
6 7 879230
6 5 1356070
6 11 240890
6 16 1230500
7 6 879230
7 21 1792940
7 5 952330
8 6 773610
8 10 131570
8 15 832850
9 12 161120
9 10 194610
10 15 3543350
10 8 131570
10 11 3641160
10 9 194610
11 4 3722740
11 6 240890
11 10 3641160
12 9 161120
12 14 655820
12 13 528280
12 15 1252790
13 12 528280
13 15 3194390
13 17 3044170
13 16 1076170
14 17 610380
14 12 655820
15 10 3543350
15 13 3194390
15 12 1252790
15 8 832850
16 23 1659750
16 20 564570
16 6 1230500
16 13 1076170
17 14 610380
17 13 3044170
17 19 481570
17 25 2787380
18 22 114260
18 25 3151300
18 19 128620
19 17 481570
19 18 128620
19 22 159600
20 16 564570
20 25 2252100
20 23 1770020
21 24 861570
21 23 843380
21 7 1792940
22 18 114260
22 19 159600
23 21 843380
23 24 926720
23 16 1659750
23 20 1770020
24 21 861570
24 23 926720
25 20 2252100
25 18 3151300
25 17 2787380
