0 4 212990
0 2 109130
1 2 2066100
1 5 2827750
1 3 408420
2 1 2066100
2 0 109130
2 4 1495570
3 4 390470
3 1 408420
3 5 103530
4 0 212990
4 3 390470
4 2 1495570
4 11 2247610
5 1 2827750
5 3 103530
5 7 1466090
5 6 1620830
6 8 490030
6 7 487430
6 5 1620830
6 11 101860
6 16 1449610
7 6 487430
7 21 1586060
7 5 1466090
8 6 490030
8 10 52610
8 15 473110
9 12 150730
9 10 175790
10 15 2185770
10 8 52610
10 11 2156460
10 9 175790
11 4 2247610
11 6 101860
11 10 2156460
12 9 150730
12 14 706210
12 13 646930
12 15 737640
13 12 646930
13 15 1955030
13 17 1841890
13 16 1228790
14 17 791600
14 12 706210
15 10 2185770
15 13 1955030
15 12 737640
15 8 473110
16 23 1836640
16 20 847400
16 6 1449610
16 13 1228790
17 14 791600
17 13 1841890
17 19 292040
17 25 1837510
18 22 103270
18 25 3356450
18 19 79610
19 17 292040
19 18 79610
19 22 104470
20 16 847400
20 25 2446720
20 23 1810920
21 24 665910
21 23 1010760
21 7 1586060
22 18 103270
22 19 104470
23 21 1010760
23 24 953620
23 16 1836640
23 20 1810920
24 21 665910
24 23 953620
25 20 2446720
25 18 3356450
25 17 1837510
