0 4 389140
0 2 136000
1 2 1803470
1 5 3467170
1 3 768310
2 1 1803470
2 0 136000
2 4 3034750
3 4 797160
3 1 768310
3 5 157580
4 0 389140
4 3 797160
4 2 3034750
4 11 4265000
5 1 3467170
5 3 157580
5 7 1248670
5 6 2389510
6 8 455810
6 7 657630
6 5 2389510
6 11 337790
6 16 2336150
7 6 657630
7 21 2399260
7 5 1248670
8 6 455810
8 10 166570
8 15 471640
9 12 273010
9 10 128200
10 15 3603310
10 8 166570
10 11 3847470
10 9 128200
11 4 4265000
11 6 337790
11 10 3847470
12 9 273010
12 14 678660
12 13 489920
12 15 1000400
13 12 489920
13 15 3115480
13 17 2892160
13 16 1001660
14 17 728730
14 12 678660
15 10 3603310
15 13 3115480
15 12 1000400
15 8 471640
16 23 2016690
16 20 1202920
16 6 2336150
16 13 1001660
17 14 728730
17 13 2892160
17 19 400480
17 25 2830890
18 22 244650
18 25 3961490
18 19 171550
19 17 400480
19 18 171550
19 22 141630
20 16 1202920
20 25 3167070
20 23 2199530
21 24 841920
21 23 1648030
21 7 2399260
22 18 244650
22 19 141630
23 21 1648030
23 24 1044680
23 16 2016690
23 20 2199530
24 21 841920
24 23 1044680
25 20 3167070
25 18 3961490
25 17 2830890
