0 4 879780
0 2 313500
1 2 4779430
1 5 7077150
1 3 1129130
2 1 4779430
2 0 313500
2 4 4363240
3 4 1350050
3 1 1129130
3 5 170390
4 0 879780
4 3 1350050
4 2 4363240
4 11 6950880
5 1 7077150
5 3 170390
5 7 2521810
5 6 4903770
6 8 1655510
6 7 2207380
6 5 4903770
6 11 854290
6 16 4878260
7 6 2207380
7 21 5882330
7 5 2521810
8 6 1655510
8 10 353080
8 15 2019930
9 12 853200
9 10 428330
10 15 6321650
10 8 353080
10 11 6401510
10 9 428330
11 4 6950880
11 6 854290
11 10 6401510
12 9 853200
12 14 2361100
12 13 936350
12 15 2962690
13 12 936350
13 15 5616950
13 17 4950990
13 16 2523610
14 17 2659770
14 12 2361100
15 10 6321650
15 13 5616950
15 12 2962690
15 8 2019930
16 23 5091430
16 20 2422440
16 6 4878260
16 13 2523610
17 14 2659770
17 13 4950990
17 19 927800
17 25 5675470
18 22 551500
18 25 9997280
18 19 465330
19 17 927800
19 18 465330
19 22 615310
20 16 2422440
20 25 7302750
20 23 5597620
21 24 2615140
21 23 3441880
21 7 5882330
22 18 551500
22 19 615310
23 21 3441880
23 24 2943340
23 16 5091430
23 20 5597620
24 21 2615140
24 23 2943340
25 20 7302750
25 18 9997280
25 17 5675470
