0 4 403030
0 2 85890
1 2 1609060
1 5 3173580
1 3 297160
2 1 1609060
2 0 85890
2 4 1881610
3 4 473880
3 1 297160
3 5 97400
4 0 403030
4 3 473880
4 2 1881610
4 11 2846000
5 1 3173580
5 3 97400
5 7 1598070
5 6 1795190
6 8 315690
6 7 637490
6 5 1795190
6 11 414130
6 16 1782070
7 6 637490
7 21 1227400
7 5 1598070
8 6 315690
8 10 176210
8 15 397710
9 12 350490
9 10 89850
10 15 2598170
10 8 176210
10 11 2564410
10 9 89850
11 4 2846000
11 6 414130
11 10 2564410
12 9 350490
12 14 959720
12 13 547370
12 15 1258770
13 12 547370
13 15 1858090
13 17 1453550
13 16 1265660
14 17 1166100
14 12 959720
15 10 2598170
15 13 1858090
15 12 1258770
15 8 397710
16 23 1660490
16 20 1410150
16 6 1782070
16 13 1265660
17 14 1166100
17 13 1453550
17 19 207440
17 25 2017790
18 22 288330
18 25 3212370
18 19 128050
19 17 207440
19 18 128050
19 22 94240
20 16 1410150
20 25 2441490
20 23 1214450
21 24 704100
21 23 592620
21 7 1227400
22 18 288330
22 19 94240
23 21 592620
23 24 1089750
23 16 1660490
23 20 1214450
24 21 704100
24 23 1089750
25 20 2441490
25 18 3212370
25 17 2017790
