0 4 147960
0 2 64500
1 2 622810
1 5 772960
1 3 73850
2 1 622810
2 0 64500
2 4 866730
3 4 144890
3 1 73850
3 5 53530
4 0 147960
4 3 144890
4 2 866730
4 11 1182060
5 1 772960
5 3 53530
5 7 377030
5 6 533430
6 8 340720
6 7 438700
6 5 533430
6 11 127640
6 16 486150
7 6 438700
7 21 688970
7 5 377030
8 6 340720
8 10 14210
8 15 369310
9 12 107840
9 10 41040
10 15 1109280
10 8 14210
10 11 1065650
10 9 41040
11 4 1182060
11 6 127640
11 10 1065650
12 9 107840
12 14 229390
12 13 118030
12 15 562990
13 12 118030
13 15 962230
13 17 900760
13 16 299200
14 17 282070
14 12 229390
15 10 1109280
15 13 962230
15 12 562990
15 8 369310
16 23 409070
16 20 436560
16 6 486150
16 13 299200
17 14 282070
17 13 900760
17 19 195540
17 25 919410
18 22 81450
18 25 1647820
18 19 52530
19 17 195540
19 18 52530
19 22 118020
20 16 436560
20 25 1045010
20 23 654630
21 24 406430
21 23 276380
21 7 688970
22 18 81450
22 19 118020
23 21 276380
23 24 365180
23 16 409070
23 20 654630
24 21 406430
24 23 365180
25 20 1045010
25 18 1647820
25 17 919410
