0 4 504350
0 2 95160
1 2 2381110
1 5 3614090
1 3 866130
2 1 2381110
2 0 95160
2 4 3106970
3 4 914130
3 1 866130
3 5 273770
4 0 504350
4 3 914130
4 2 3106970
4 11 4807790
5 1 3614090
5 3 273770
5 7 2088610
5 6 2204530
6 8 1580160
6 7 2016850
6 5 2204530
6 11 412340
6 16 2027830
7 6 2016850
7 21 3229420
7 5 2088610
8 6 1580160
8 10 230200
8 15 1650600
9 12 197080
9 10 221930
10 15 4560800
10 8 230200
10 11 4635890
10 9 221930
11 4 4807790
11 6 412340
11 10 4635890
12 9 197080
12 14 961490
12 13 963200
12 15 2961010
13 12 963200
13 15 3281110
13 17 2932550
13 16 1806400
14 17 833310
14 12 961490
15 10 4560800
15 13 3281110
15 12 2961010
15 8 1650600
16 23 2409670
16 20 1285530
16 6 2027830
16 13 1806400
17 14 833310
17 13 2932550
17 19 317270
17 25 3144750
18 22 251120
18 25 6570080
18 19 134190
19 17 317270
19 18 134190
19 22 147590
20 16 1285530
20 25 5066760
20 23 4022480
21 24 1332040
21 23 1955430
21 7 3229420
22 18 251120
22 19 147590
23 21 1955430
23 24 1981950
23 16 2409670
23 20 4022480
24 21 1332040
24 23 1981950
25 20 5066760
25 18 6570080
25 17 3144750
