0 4 597160
0 2 65910
1 2 2823990
1 5 4147740
1 3 487510
2 1 2823990
2 0 65910
2 4 2452550
3 4 732040
3 1 487510
3 5 364210
4 0 597160
4 3 732040
4 2 2452550
4 11 4056630
5 1 4147740
5 3 364210
5 7 1755170
5 6 2719980
6 8 484310
6 7 1231800
6 5 2719980
6 11 582010
6 16 2644780
7 6 1231800
7 21 2683370
7 5 1755170
8 6 484310
8 10 161280
8 15 363130
9 12 251090
9 10 181850
10 15 3956380
10 8 161280
10 11 3730260
10 9 181850
11 4 4056630
11 6 582010
11 10 3730260
12 9 251090
12 14 1111140
12 13 671040
12 15 1074700
13 12 671040
13 15 3622780
13 17 3380790
13 16 1713840
14 17 1225710
14 12 1111140
15 10 3956380
15 13 3622780
15 12 1074700
15 8 363130
16 23 3121080
16 20 1074140
16 6 2644780
16 13 1713840
17 14 1225710
17 13 3380790
17 19 494710
17 25 3419020
18 22 155240
18 25 4293130
18 19 224730
19 17 494710
19 18 224730
19 22 282120
20 16 1074140
20 25 3227730
20 23 2359900
21 24 1582120
21 23 1228970
21 7 2683370
22 18 155240
22 19 282120
23 21 1228970
23 24 1815210
23 16 3121080
23 20 2359900
24 21 1582120
24 23 1815210
25 20 3227730
25 18 4293130
25 17 3419020
