0 4 153150
0 2 123130
1 2 1129640
1 5 1329380
1 3 303940
2 1 1129640
2 0 123130
2 4 1549220
3 4 323010
3 1 303940
3 5 73980
4 0 153150
4 3 323010
4 2 1549220
4 11 2260430
5 1 1329380
5 3 73980
5 7 697260
5 6 854600
6 8 425470
6 7 450960
6 5 854600
6 11 167760
6 16 745240
7 6 450960
7 21 1230590
7 5 697260
8 6 425470
8 10 195040
8 15 339910
9 12 199220
9 10 48840
10 15 2010110
10 8 195040
10 11 2078050
10 9 48840
11 4 2260430
11 6 167760
11 10 2078050
12 9 199220
12 14 605660
12 13 347270
12 15 583640
13 12 347270
13 15 1911510
13 17 1699210
13 16 1076420
14 17 673350
14 12 605660
15 10 2010110
15 13 1911510
15 12 583640
15 8 339910
16 23 1241780
16 20 444830
16 6 745240
16 13 1076420
17 14 673350
17 13 1699210
17 19 301170
17 25 1730160
18 22 129200
18 25 2412250
18 19 96930
19 17 301170
19 18 96930
19 22 191220
20 16 444830
20 25 1821750
20 23 1469640
21 24 559320
21 23 808450
21 7 1230590
22 18 129200
22 19 191220
23 21 808450
23 24 1131100
23 16 1241780
23 20 1469640
24 21 559320
24 23 1131100
25 20 1821750
25 18 2412250
25 17 1730160
