0 4 137280
0 2 51080
1 2 664110
1 5 1254770
1 3 50760
2 1 664110
2 0 51080
2 4 782410
3 4 76480
3 1 50760
3 5 23220
4 0 137280
4 3 76480
4 2 782410
4 11 1060540
5 1 1254770
5 3 23220
5 7 376580
5 6 1043350
6 8 451960
6 7 507890
6 5 1043350
6 11 89310
6 16 1052880
7 6 507890
7 21 836230
7 5 376580
8 6 451960
8 10 113180
8 15 473260
9 12 92520
9 10 47860
10 15 964560
10 8 113180
10 11 1065810
10 9 47860
11 4 1060540
11 6 89310
11 10 1065810
12 9 92520
12 14 469680
12 13 370420
12 15 521290
13 12 370420
13 15 939900
13 17 933120
13 16 553090
14 17 419180
14 12 469680
15 10 964560
15 13 939900
15 12 521290
15 8 473260
16 23 912800
16 20 595720
16 6 1052880
16 13 553090
17 14 419180
17 13 933120
17 19 138780
17 25 973750
18 22 73860
18 25 1653750
18 19 39480
19 17 138780
19 18 39480
19 22 43500
20 16 595720
20 25 1375120
20 23 857070
21 24 434900
21 23 521700
21 7 836230
22 18 73860
22 19 43500
23 21 521700
23 24 392860
23 16 912800
23 20 857070
24 21 434900
24 23 392860
25 20 1375120
25 18 1653750
25 17 973750
