0 4 97390
0 2 128560
1 2 1304670
1 5 1826370
1 3 246150
2 1 1304670
2 0 128560
2 4 1367350
3 4 266480
3 1 246150
3 5 78210
4 0 97390
4 3 266480
4 2 1367350
4 11 1831290
5 1 1826370
5 3 78210
5 7 1113780
5 6 898310
6 8 135430
6 7 235910
6 5 898310
6 11 74590
6 16 814240
7 6 235910
7 21 1027820
7 5 1113780
8 6 135430
8 10 76980
8 15 152120
9 12 146590
9 10 69650
10 15 1906820
10 8 76980
10 11 1888600
10 9 69650
11 4 1831290
11 6 74590
11 10 1888600
12 9 146590
12 14 310400
12 13 348530
12 15 522450
13 12 348530
13 15 1513560
13 17 1541090
13 16 754620
14 17 506390
14 12 310400
15 10 1906820
15 13 1513560
15 12 522450
15 8 152120
16 23 980970
16 20 565300
16 6 814240
16 13 754620
17 14 506390
17 13 1541090
17 19 278760
17 25 1331080
18 22 86860
18 25 2080290
18 19 106690
19 17 278760
19 18 106690
19 22 85050
20 16 565300
20 25 1214830
20 23 813680
21 24 718670
21 23 268870
21 7 1027820
22 18 86860
22 19 85050
23 21 268870
23 24 758200
23 16 980970
23 20 813680
24 21 718670
24 23 758200
25 20 1214830
25 18 2080290
25 17 1331080
