0 4 57250
0 2 45200
1 2 476660
1 5 956550
1 3 167770
2 1 476660
2 0 45200
2 4 527500
3 4 226480
3 1 167770
3 5 88920
4 0 57250
4 3 226480
4 2 527500
4 11 867810
5 1 956550
5 3 88920
5 7 398100
5 6 597350
6 8 281650
6 7 234190
6 5 597350
6 11 55210
6 16 545150
7 6 234190
7 21 627410
7 5 398100
8 6 281650
8 10 91390
8 15 265850
9 12 125990
9 10 48050
10 15 903840
10 8 91390
10 11 935070
10 9 48050
11 4 867810
11 6 55210
11 10 935070
12 9 125990
12 14 397240
12 13 105920
12 15 401140
13 12 105920
13 15 888060
13 17 775360
13 16 277020
14 17 358840
14 12 397240
15 10 903840
15 13 888060
15 12 401140
15 8 265850
16 23 539690
16 20 232310
16 6 545150
16 13 277020
17 14 358840
17 13 775360
17 19 122410
17 25 887350
18 22 47020
18 25 1054910
18 19 53320
19 17 122410
19 18 53320
19 22 84530
20 16 232310
20 25 811500
20 23 571810
21 24 284790
21 23 398900
21 7 627410
22 18 47020
22 19 84530
23 21 398900
23 24 310630
23 16 539690
23 20 571810
24 21 284790
24 23 310630
25 20 811500
25 18 1054910
25 17 887350
