0 4 57010
0 2 1
1 2 704470
1 5 758570
1 3 116750
2 1 704470
2 0 1
2 4 671820
3 4 112050
3 1 116750
3 5 41100
4 0 57010
4 3 112050
4 2 671820
4 11 916510
5 1 758570
5 3 41100
5 7 380910
5 6 463300
6 8 448480
6 7 448370
6 5 463300
6 11 87500
6 16 454660
7 6 448370
7 21 804540
7 5 380910
8 6 448480
8 10 155950
8 15 437470
9 12 105760
9 10 36850
10 15 728060
10 8 155950
10 11 877700
10 9 36850
11 4 916510
11 6 87500
11 10 877700
12 9 105760
12 14 267850
12 13 295340
12 15 496390
13 12 295340
13 15 714390
13 17 726610
13 16 525480
14 17 272040
14 12 267850
15 10 728060
15 13 714390
15 12 496390
15 8 437470
16 23 708290
16 20 235350
16 6 454660
16 13 525480
17 14 272040
17 13 726610
17 19 109330
17 25 633290
18 22 91370
18 25 1111670
18 19 151840
19 17 109330
19 18 151840
19 22 30630
20 16 235350
20 25 966020
20 23 746100
21 24 342380
21 23 395210
21 7 804540
22 18 91370
22 19 30630
23 21 395210
23 24 578900
23 16 708290
23 20 746100
24 21 342380
24 23 578900
25 20 966020
25 18 1111670
25 17 633290
