0 4 395170
0 2 73910
1 2 3090170
1 5 3295820
1 3 604750
2 1 3090170
2 0 73910
2 4 2966640
3 4 774390
3 1 604750
3 5 355510
4 0 395170
4 3 774390
4 2 2966640
4 11 4311690
5 1 3295820
5 3 355510
5 7 1841080
5 6 1919610
6 8 519450
6 7 1159310
6 5 1919610
6 11 825440
6 16 1851230
7 6 1159310
7 21 3301720
7 5 1841080
8 6 519450
8 10 316430
8 15 411860
9 12 321380
9 10 294380
10 15 4011230
10 8 316430
10 11 4003880
10 9 294380
11 4 4311690
11 6 825440
11 10 4003880
12 9 321380
12 14 721180
12 13 857960
12 15 1023820
13 12 857960
13 15 3637500
13 17 3097980
13 16 1915140
14 17 711030
14 12 721180
15 10 4011230
15 13 3637500
15 12 1023820
15 8 411860
16 23 2679910
16 20 1230970
16 6 1851230
16 13 1915140
17 14 711030
17 13 3097980
17 19 683390
17 25 2682790
18 22 257880
18 25 4727020
18 19 292920
19 17 683390
19 18 292920
19 22 400910
20 16 1230970
20 25 3503050
20 23 2424230
21 24 1467240
21 23 1908300
21 7 3301720
22 18 257880
22 19 400910
23 21 1908300
23 24 2060990
23 16 2679910
23 20 2424230
24 21 1467240
24 23 2060990
25 20 3503050
25 18 4727020
25 17 2682790
