0 4 187550
0 2 1
1 2 964320
1 5 1344070
1 3 187570
2 1 964320
2 0 1
2 4 927660
3 4 220770
3 1 187570
3 5 34160
4 0 187550
4 3 220770
4 2 927660
4 11 1365380
5 1 1344070
5 3 34160
5 7 588120
5 6 835300
6 8 270480
6 7 288800
6 5 835300
6 11 109160
6 16 770310
7 6 288800
7 21 743010
7 5 588120
8 6 270480
8 10 77940
8 15 107530
9 12 64310
9 10 74000
10 15 1218150
10 8 77940
10 11 1257520
10 9 74000
11 4 1365380
11 6 109160
11 10 1257520
12 9 64310
12 14 238330
12 13 270030
12 15 427810
13 12 270030
13 15 1047220
13 17 810680
13 16 618770
14 17 257570
14 12 238330
15 10 1218150
15 13 1047220
15 12 427810
15 8 107530
16 23 811180
16 20 535100
16 6 770310
16 13 618770
17 14 257570
17 13 810680
17 19 70110
17 25 914480
18 22 28230
18 25 1760950
18 19 93620
19 17 70110
19 18 93620
19 22 42820
20 16 535100
20 25 1084070
20 23 673940
21 24 426660
21 23 343910
21 7 743010
22 18 28230
22 19 42820
23 21 343910
23 24 498990
23 16 811180
23 20 673940
24 21 426660
24 23 498990
25 20 1084070
25 18 1760950
25 17 914480
