0 4 137560
0 2 18100
1 2 383830
1 5 1232680
1 3 220630
2 1 383830
2 0 18100
2 4 585620
3 4 262370
3 1 220630
3 5 169730
4 0 137560
4 3 262370
4 2 585620
4 11 1079670
5 1 1232680
5 3 169730
5 7 405520
5 6 1120440
6 8 370020
6 7 411840
6 5 1120440
6 11 120980
6 16 1096950
7 6 411840
7 21 596890
7 5 405520
8 6 370020
8 10 64880
8 15 348160
9 12 91810
9 10 49560
10 15 869490
10 8 64880
10 11 1002970
10 9 49560
11 4 1079670
11 6 120980
11 10 1002970
12 9 91810
12 14 580550
12 13 54840
12 15 542190
13 12 54840
13 15 619870
13 17 634350
13 16 265390
14 17 495660
14 12 580550
15 10 869490
15 13 619870
15 12 542190
15 8 348160
16 23 842030
16 20 378150
16 6 1096950
16 13 265390
17 14 495660
17 13 634350
17 19 135310
17 25 926300
18 22 14740
18 25 1319260
18 19 45670
19 17 135310
19 18 45670
19 22 30970
20 16 378150
20 25 682480
20 23 383020
21 24 374260
21 23 275850
21 7 596890
22 18 14740
22 19 30970
23 21 275850
23 24 384210
23 16 842030
23 20 383020
24 21 374260
24 23 384210
25 20 682480
25 18 1319260
25 17 926300
