0 4 161960
0 2 130070
1 2 1366040
1 5 1518060
1 3 286020
2 1 1366040
2 0 130070
2 4 1271770
3 4 322530
3 1 286020
3 5 139340
4 0 161960
4 3 322530
4 2 1271770
4 11 1906830
5 1 1518060
5 3 139340
5 7 732550
5 6 922030
6 8 357820
6 7 453710
6 5 922030
6 11 155180
6 16 886790
7 6 453710
7 21 1207780
7 5 732550
8 6 357820
8 10 28540
8 15 353320
9 12 50630
9 10 248110
10 15 1553710
10 8 28540
10 11 1796720
10 9 248110
11 4 1906830
11 6 155180
11 10 1796720
12 9 50630
12 14 537340
12 13 215930
12 15 685570
13 12 215930
13 15 1131300
13 17 1097120
13 16 619650
14 17 677400
14 12 537340
15 10 1553710
15 13 1131300
15 12 685570
15 8 353320
16 23 1089710
16 20 417260
16 6 886790
16 13 619650
17 14 677400
17 13 1097120
17 19 266980
17 25 1170490
18 22 185450
18 25 2094890
18 19 171550
19 17 266980
19 18 171550
19 22 132320
20 16 417260
20 25 1981210
20 23 1681110
21 24 424670
21 23 780620
21 7 1207780
22 18 185450
22 19 132320
23 21 780620
23 24 904240
23 16 1089710
23 20 1681110
24 21 424670
24 23 904240
25 20 1981210
25 18 2094890
25 17 1170490
