0 4 175850
0 2 72330
1 2 1027650
1 5 2549550
1 3 446200
2 1 1027650
2 0 72330
2 4 2282600
3 4 459420
3 1 446200
3 5 112890
4 0 175850
4 3 459420
4 2 2282600
4 11 2973480
5 1 2549550
5 3 112890
5 7 1193750
5 6 1621740
6 8 625210
6 7 747850
6 5 1621740
6 11 129730
6 16 1661340
7 6 747850
7 21 1863650
7 5 1193750
8 6 625210
8 10 133920
8 15 685550
9 12 170230
9 10 58770
10 15 2719630
10 8 133920
10 11 2861180
10 9 58770
11 4 2973480
11 6 129730
11 10 2861180
12 9 170230
12 14 520140
12 13 335290
12 15 1493140
13 12 335290
13 15 1935120
13 17 1923480
13 16 927670
14 17 732830
14 12 520140
15 10 2719630
15 13 1935120
15 12 1493140
15 8 685550
16 23 1387550
16 20 1280600
16 6 1661340
16 13 927670
17 14 732830
17 13 1923480
17 19 265070
17 25 2046150
18 22 152810
18 25 3393850
18 19 67740
19 17 265070
19 18 67740
19 22 168740
20 16 1280600
20 25 2907650
20 23 1661000
21 24 712980
21 23 1146090
21 7 1863650
22 18 152810
22 19 168740
23 21 1146090
23 24 1071750
23 16 1387550
23 20 1661000
24 21 712980
24 23 1071750
25 20 2907650
25 18 3393850
25 17 2046150
