0 4 639760
0 2 105570
1 2 2681160
1 5 4294740
1 3 805350
2 1 2681160
2 0 105570
2 4 3107560
3 4 980550
3 1 805350
3 5 337070
4 0 639760
4 3 980550
4 2 3107560
4 11 4739340
5 1 4294740
5 3 337070
5 7 2328310
5 6 2708720
6 8 784160
6 7 895030
6 5 2708720
6 11 358090
6 16 2496120
7 6 895030
7 21 3326000
7 5 2328310
8 6 784160
8 10 178090
8 15 437320
9 12 523920
9 10 328800
10 15 4382510
10 8 178090
10 11 4499060
10 9 328800
11 4 4739340
11 6 358090
11 10 4499060
12 9 523920
12 14 1687050
12 13 432010
12 15 1320160
13 12 432010
13 15 3719660
13 17 3520270
13 16 1505690
14 17 1935340
14 12 1687050
15 10 4382510
15 13 3719660
15 12 1320160
15 8 437320
16 23 2650240
16 20 1305170
16 6 2496120
16 13 1505690
17 14 1935340
17 13 3520270
17 19 609420
17 25 4350190
18 22 560220
18 25 6571400
18 19 336390
19 17 609420
19 18 336390
19 22 223080
20 16 1305170
20 25 4154710
20 23 3159030
21 24 1540550
21 23 1951740
21 7 3326000
22 18 560220
22 19 223080
23 21 1951740
23 24 2196200
23 16 2650240
23 20 3159030
24 21 1540550
24 23 2196200
25 20 4154710
25 18 6571400
25 17 4350190
