0 4 121300
0 2 41860
1 2 565270
1 5 918820
1 3 219050
2 1 565270
2 0 41860
2 4 978520
3 4 248080
3 1 219050
3 5 72690
4 0 121300
4 3 248080
4 2 978520
4 11 1442180
5 1 918820
5 3 72690
5 7 439040
5 6 583590
6 8 42810
6 7 154700
6 5 583590
6 11 145900
6 16 590090
7 6 154700
7 21 606280
7 5 439040
8 6 42810
8 10 13320
8 15 81250
9 12 73580
9 10 108190
10 15 1392480
10 8 13320
10 11 1373480
10 9 108190
11 4 1442180
11 6 145900
11 10 1373480
12 9 73580
12 14 202350
12 13 90030
12 15 505490
13 12 90030
13 15 1024990
13 17 1006770
13 16 263170
14 17 144390
14 12 202350
15 10 1392480
15 13 1024990
15 12 505490
15 8 81250
16 23 556500
16 20 318890
16 6 590090
16 13 263170
17 14 144390
17 13 1006770
17 19 186340
17 25 912780
18 22 56440
18 25 1337810
18 19 63780
19 17 186340
19 18 63780
19 22 102490
20 16 318890
20 25 703930
20 23 472260
21 24 388270
21 23 249830
21 7 606280
22 18 56440
22 19 102490
23 21 249830
23 24 412020
23 16 556500
23 20 472260
24 21 388270
24 23 412020
25 20 703930
25 18 1337810
25 17 912780
