0 4 147410
0 2 102510
1 2 1821690
1 5 2362500
1 3 339740
2 1 1821690
2 0 102510
2 4 1626560
3 4 474960
3 1 339740
3 5 225190
4 0 147410
4 3 474960
4 2 1626560
4 11 2245500
5 1 2362500
5 3 225190
5 7 1090810
5 6 1658100
6 8 777820
6 7 894730
6 5 1658100
6 11 231110
6 16 1482050
7 6 894730
7 21 1499330
7 5 1090810
8 6 777820
8 10 177700
8 15 713860
9 12 176270
9 10 139940
10 15 2153620
10 8 177700
10 11 2238100
10 9 139940
11 4 2245500
11 6 231110
11 10 2238100
12 9 176270
12 14 741070
12 13 518570
12 15 1076420
13 12 518570
13 15 1694640
13 17 1665060
13 16 1086010
14 17 868230
14 12 741070
15 10 2153620
15 13 1694640
15 12 1076420
15 8 713860
16 23 1686760
16 20 931070
16 6 1482050
16 13 1086010
17 14 868230
17 13 1665060
17 19 270200
17 25 1772790
18 22 214820
18 25 3291460
18 19 125060
19 17 270200
19 18 125060
19 22 100720
20 16 931070
20 25 2233960
20 23 1442010
21 24 740850
21 23 839850
21 7 1499330
22 18 214820
22 19 100720
23 21 839850
23 24 1146890
23 16 1686760
23 20 1442010
24 21 740850
24 23 1146890
25 20 2233960
25 18 3291460
25 17 1772790
