0 4 335600
0 2 55330
1 2 856080
1 5 1492760
1 3 280110
2 1 856080
2 0 55330
2 4 1139800
3 4 298330
3 1 280110
3 5 129410
4 0 335600
4 3 298330
4 2 1139800
4 11 1984830
5 1 1492760
5 3 129410
5 7 631380
5 6 1039830
6 8 472300
6 7 652780
6 5 1039830
6 11 261160
6 16 963030
7 6 652780
7 21 1010360
7 5 631380
8 6 472300
8 10 115640
8 15 438440
9 12 170440
9 10 106040
10 15 1711650
10 8 115640
10 11 1823130
10 9 106040
11 4 1984830
11 6 261160
11 10 1823130
12 9 170440
12 14 571740
12 13 320790
12 15 816760
13 12 320790
13 15 1365300
13 17 1245540
13 16 621990
14 17 627170
14 12 571740
15 10 1711650
15 13 1365300
15 12 816760
15 8 438440
16 23 1005050
16 20 705910
16 6 963030
16 13 621990
17 14 627170
17 13 1245540
17 19 206470
17 25 1480570
18 22 93120
18 25 2315270
18 19 115260
19 17 206470
19 18 115260
19 22 34440
20 16 705910
20 25 1469260
20 23 972710
21 24 596420
21 23 606590
21 7 1010360
22 18 93120
22 19 34440
23 21 606590
23 24 747940
23 16 1005050
23 20 972710
24 21 596420
24 23 747940
25 20 1469260
25 18 2315270
25 17 1480570
