0 4 944350
0 2 256400
1 2 4194770
1 5 6427060
1 3 1482050
2 1 4194770
2 0 256400
2 4 5713090
3 4 1627260
3 1 1482050
3 5 544560
4 0 944350
4 3 1627260
4 2 5713090
4 11 8696180
5 1 6427060
5 3 544560
5 7 3758580
5 6 3836440
6 8 2654120
6 7 3019980
6 5 3836440
6 11 520860
6 16 3699740
7 6 3019980
7 21 6085540
7 5 3758580
8 6 2654120
8 10 415880
8 15 2479730
9 12 771430
9 10 421500
10 15 8148570
10 8 415880
10 11 8491940
10 9 421500
11 4 8696180
11 6 520860
11 10 8491940
12 9 771430
12 14 2568040
12 13 1365670
12 15 4994460
13 12 1365670
13 15 6217890
13 17 5695950
13 16 2975850
14 17 2290770
14 12 2568040
15 10 8148570
15 13 6217890
15 12 4994460
15 8 2479730
16 23 3902740
16 20 2990030
16 6 3699740
16 13 2975850
17 14 2290770
17 13 5695950
17 19 1102460
17 25 5479650
18 22 523140
18 25 11162730
18 19 726890
19 17 1102460
19 18 726890
19 22 566780
20 16 2990030
20 25 9298410
20 23 6830110
21 24 2827580
21 23 3762570
21 7 6085540
22 18 523140
22 19 566780
23 21 3762570
23 24 3312950
23 16 3902740
23 20 6830110
24 21 2827580
24 23 3312950
25 20 9298410
25 18 11162730
25 17 5479650
