0 4 353030
0 2 75210
1 2 1653890
1 5 2664450
1 3 400850
2 1 1653890
2 0 75210
2 4 2860930
3 4 599320
3 1 400850
3 5 185230
4 0 353030
4 3 599320
4 2 2860930
4 11 4201700
5 1 2664450
5 3 185230
5 7 1525440
5 6 1422160
6 8 471780
6 7 1011100
6 5 1422160
6 11 493520
6 16 1480540
7 6 1011100
7 21 2861200
7 5 1525440
8 6 471780
8 10 278180
8 15 551480
9 12 388930
9 10 251980
10 15 3742450
10 8 278180
10 11 3959200
10 9 251980
11 4 4201700
11 6 493520
11 10 3959200
12 9 388930
12 14 1305360
12 13 698320
12 15 1653240
13 12 698320
13 15 2906250
13 17 2630980
13 16 1474250
14 17 1143400
14 12 1305360
15 10 3742450
15 13 2906250
15 12 1653240
15 8 551480
16 23 2027610
16 20 953020
16 6 1480540
16 13 1474250
17 14 1143400
17 13 2630980
17 19 317520
17 25 3207010
18 22 156090
18 25 5425380
18 19 283910
19 17 317520
19 18 283910
19 22 183930
20 16 953020
20 25 3442350
20 23 2895830
21 24 1318810
21 23 1413290
21 7 2861200
22 18 156090
22 19 183930
23 21 1413290
23 24 1626040
23 16 2027610
23 20 2895830
24 21 1318810
24 23 1626040
25 20 3442350
25 18 5425380
25 17 3207010
