0 4 461190
0 2 261650
1 2 2153530
1 5 4832390
1 3 665830
2 1 2153530
2 0 261650
2 4 3594710
3 4 883080
3 1 665830
3 5 252690
4 0 461190
4 3 883080
4 2 3594710
4 11 4992460
5 1 4832390
5 3 252690
5 7 2352540
5 6 3152150
6 8 1152660
6 7 1314470
6 5 3152150
6 11 541050
6 16 2868790
7 6 1314470
7 21 3802530
7 5 2352540
8 6 1152660
8 10 490010
8 15 813590
9 12 408800
9 10 343870
10 15 4975000
10 8 490010
10 11 4974940
10 9 343870
11 4 4992460
11 6 541050
11 10 4974940
12 9 408800
12 14 1394360
12 13 816870
12 15 1988110
13 12 816870
13 15 3895750
13 17 3521890
13 16 1840060
14 17 1591420
14 12 1394360
15 10 4975000
15 13 3895750
15 12 1988110
15 8 813590
16 23 2896780
16 20 1915880
16 6 2868790
16 13 1840060
17 14 1591420
17 13 3521890
17 19 578350
17 25 4091240
18 22 318810
18 25 6924920
18 19 262530
19 17 578350
19 18 262530
19 22 320210
20 16 1915880
20 25 4878160
20 23 3289290
21 24 1790450
21 23 2172520
21 7 3802530
22 18 318810
22 19 320210
23 21 2172520
23 24 2197320
23 16 2896780
23 20 3289290
24 21 1790450
24 23 2197320
25 20 4878160
25 18 6924920
25 17 4091240
