0 4 382690
0 2 14340
1 2 2216740
1 5 3147060
1 3 273530
2 1 2216740
2 0 14340
2 4 2802420
3 4 411400
3 1 273530
3 5 268860
4 0 382690
4 3 411400
4 2 2802420
4 11 3783140
5 1 3147060
5 3 268860
5 7 1648480
5 6 2544600
6 8 881490
6 7 1179280
6 5 2544600
6 11 433160
6 16 2209510
7 6 1179280
7 21 2768140
7 5 1648480
8 6 881490
8 10 350000
8 15 973760
9 12 325890
9 10 158700
10 15 3362880
10 8 350000
10 11 3718020
10 9 158700
11 4 3783140
11 6 433160
11 10 3718020
12 9 325890
12 14 1169780
12 13 665940
12 15 1371360
13 12 665940
13 15 3207850
13 17 3036500
13 16 1503270
14 17 1149780
14 12 1169780
15 10 3362880
15 13 3207850
15 12 1371360
15 8 973760
16 23 2373970
16 20 1531480
16 6 2209510
16 13 1503270
17 14 1149780
17 13 3036500
17 19 592280
17 25 3038090
18 22 310630
18 25 5296430
18 19 413050
19 17 592280
19 18 413050
19 22 322930
20 16 1531480
20 25 3505070
20 23 2124340
21 24 1412570
21 23 1557910
21 7 2768140
22 18 310630
22 19 322930
23 21 1557910
23 24 1771950
23 16 2373970
23 20 2124340
24 21 1412570
24 23 1771950
25 20 3505070
25 18 5296430
25 17 3038090
