0 4 402710
0 2 96750
1 2 3010240
1 5 4784720
1 3 1304520
2 1 3010240
2 0 96750
2 4 2899610
3 4 1367100
3 1 1304520
3 5 281390
4 0 402710
4 3 1367100
4 2 2899610
4 11 4842040
5 1 4784720
5 3 281390
5 7 2090230
5 6 3042510
6 8 625370
6 7 1076700
6 5 3042510
6 11 342450
6 16 2996390
7 6 1076700
7 21 2535680
7 5 2090230
8 6 625370
8 10 208320
8 15 743770
9 12 283430
9 10 303320
10 15 4648130
10 8 208320
10 11 4866800
10 9 303320
11 4 4842040
11 6 342450
11 10 4866800
12 9 283430
12 14 1006710
12 13 462660
12 15 2073450
13 12 462660
13 15 3301980
13 17 3137930
13 16 1653350
14 17 1123780
14 12 1006710
15 10 4648130
15 13 3301980
15 12 2073450
15 8 743770
16 23 2584620
16 20 2093320
16 6 2996390
16 13 1653350
17 14 1123780
17 13 3137930
17 19 575950
17 25 2752660
18 22 359040
18 25 5195560
18 19 203210
19 17 575950
19 18 203210
19 22 138050
20 16 2093320
20 25 4240430
20 23 2480480
21 24 1365690
21 23 1286800
21 7 2535680
22 18 359040
22 19 138050
23 21 1286800
23 24 2286340
23 16 2584620
23 20 2480480
24 21 1365690
24 23 2286340
25 20 4240430
25 18 5195560
25 17 2752660
