0 4 107140
0 2 39020
1 2 741070
1 5 1209970
1 3 191260
2 1 741070
2 0 39020
2 4 793810
3 4 174210
3 1 191260
3 5 101810
4 0 107140
4 3 174210
4 2 793810
4 11 1094700
5 1 1209970
5 3 101810
5 7 446720
5 6 915470
6 8 260490
6 7 278120
6 5 915470
6 11 137940
6 16 818090
7 6 278120
7 21 664200
7 5 446720
8 6 260490
8 10 27120
8 15 290730
9 12 82160
9 10 64330
10 15 1067970
10 8 27120
10 11 1057870
10 9 64330
11 4 1094700
11 6 137940
11 10 1057870
12 9 82160
12 14 327710
12 13 223410
12 15 425920
13 12 223410
13 15 852640
13 17 772660
13 16 505900
14 17 379710
14 12 327710
15 10 1067970
15 13 852640
15 12 425920
15 8 290730
16 23 792470
16 20 568880
16 6 818090
16 13 505900
17 14 379710
17 13 772660
17 19 101550
17 25 814680
18 22 117970
18 25 1455350
18 19 52350
19 17 101550
19 18 52350
19 22 57390
20 16 568880
20 25 1305180
20 23 771550
21 24 436050
21 23 322920
21 7 664200
22 18 117970
22 19 57390
23 21 322920
23 24 552780
23 16 792470
23 20 771550
24 21 436050
24 23 552780
25 20 1305180
25 18 1455350
25 17 814680
