0 4 126710
0 2 13500
1 2 480730
1 5 1043810
1 3 165030
2 1 480730
2 0 13500
2 4 595790
3 4 231820
3 1 165030
3 5 79870
4 0 126710
4 3 231820
4 2 595790
4 11 1115720
5 1 1043810
5 3 79870
5 7 486490
5 6 729240
6 8 363810
6 7 447390
6 5 729240
6 11 116360
6 16 770430
7 6 447390
7 21 681750
7 5 486490
8 6 363810
8 10 41760
8 15 323030
9 12 132070
9 10 48990
10 15 954230
10 8 41760
10 11 1013540
10 9 48990
11 4 1115720
11 6 116360
11 10 1013540
12 9 132070
12 14 632110
12 13 75510
12 15 482310
13 12 75510
13 15 792640
13 17 775080
13 16 225660
14 17 587110
14 12 632110
15 10 954230
15 13 792640
15 12 482310
15 8 323030
16 23 522400
16 20 397460
16 6 770430
16 13 225660
17 14 587110
17 13 775080
17 19 182790
17 25 1092110
18 22 29400
18 25 1422050
18 19 63670
19 17 182790
19 18 63670
19 22 43050
20 16 397460
20 25 733820
20 23 430200
21 24 401010
21 23 318240
21 7 681750
22 18 29400
22 19 43050
23 21 318240
23 24 293990
23 16 522400
23 20 430200
24 21 401010
24 23 293990
25 20 733820
25 18 1422050
25 17 1092110
