0 4 72660
0 2 7950
1 2 381850
1 5 843570
1 3 37870
2 1 381850
2 0 7950
2 4 736170
3 4 34630
3 1 37870
3 5 27890
4 0 72660
4 3 34630
4 2 736170
4 11 880670
5 1 843570
5 3 27890
5 7 352170
5 6 578710
6 8 61970
6 7 139320
6 5 578710
6 11 81550
6 16 508150
7 6 139320
7 21 747490
7 5 352170
8 6 61970
8 10 19570
8 15 107950
9 12 51630
9 10 34790
10 15 849420
10 8 19570
10 11 854450
10 9 34790
11 4 880670
11 6 81550
11 10 854450
12 9 51630
12 14 373960
12 13 290420
12 15 302860
13 12 290420
13 15 653150
13 17 694230
13 16 501360
14 17 388890
14 12 373960
15 10 849420
15 13 653150
15 12 302860
15 8 107950
16 23 630860
16 20 346340
16 6 508150
16 13 501360
17 14 388890
17 13 694230
17 19 120930
17 25 800370
18 22 9270
18 25 1457610
18 19 13840
19 17 120930
19 18 13840
19 22 75160
20 16 346340
20 25 1079130
20 23 815700
21 24 256010
21 23 492050
21 7 747490
22 18 9270
22 19 75160
23 21 492050
23 24 393650
23 16 630860
23 20 815700
24 21 256010
24 23 393650
25 20 1079130
25 18 1457610
25 17 800370
