0 4 790340
0 2 142440
1 2 3163960
1 5 4358290
1 3 1362760
2 1 3163960
2 0 142440
2 4 3090560
3 4 1584740
3 1 1362760
3 5 297680
4 0 790340
4 3 1584740
4 2 3090560
4 11 5697040
5 1 4358290
5 3 297680
5 7 2139010
5 6 2634920
6 8 894490
6 7 1520720
6 5 2634920
6 11 635560
6 16 2814350
7 6 1520720
7 21 4600910
7 5 2139010
8 6 894490
8 10 342330
8 15 821820
9 12 612630
9 10 340990
10 15 5053360
10 8 342330
10 11 5312880
10 9 340990
11 4 5697040
11 6 635560
11 10 5312880
12 9 612630
12 14 1910660
12 13 536120
12 15 2024590
13 12 536120
13 15 3966040
13 17 3452190
13 16 1847020
14 17 2230090
14 12 1910660
15 10 5053360
15 13 3966040
15 12 2024590
15 8 821820
16 23 2515490
16 20 1934940
16 6 2814350
16 13 1847020
17 14 2230090
17 13 3452190
17 19 602890
17 25 4409360
18 22 452620
18 25 7534860
18 19 866430
19 17 602890
19 18 866430
19 22 293580
20 16 1934940
20 25 5585660
20 23 4074380
21 24 2041330
21 23 2746180
21 7 4600910
22 18 452620
22 19 293580
23 21 2746180
23 24 2447410
23 16 2515490
23 20 4074380
24 21 2041330
24 23 2447410
25 20 5585660
25 18 7534860
25 17 4409360
