0 4 73150
0 2 33890
1 2 790980
1 5 971210
1 3 146200
2 1 790980
2 0 33890
2 4 890390
3 4 183170
3 1 146200
3 5 91880
4 0 73150
4 3 183170
4 2 890390
4 11 1121150
5 1 971210
5 3 91880
5 7 463650
5 6 646650
6 8 176010
6 7 225160
6 5 646650
6 11 83800
6 16 668100
7 6 225160
7 21 422330
7 5 463650
8 6 176010
8 10 40610
8 15 176590
9 12 132760
9 10 25580
10 15 1064630
10 8 40610
10 11 1126550
10 9 25580
11 4 1121150
11 6 83800
11 10 1126550
12 9 132760
12 14 541630
12 13 232860
12 15 371780
13 12 232860
13 15 875540
13 17 936420
13 16 344400
14 17 526720
14 12 541630
15 10 1064630
15 13 875540
15 12 371780
15 8 176590
16 23 644090
16 20 423110
16 6 668100
16 13 344400
17 14 526720
17 13 936420
17 19 197270
17 25 1162870
18 22 48130
18 25 1586500
18 19 24000
19 17 197270
19 18 24000
19 22 52820
20 16 423110
20 25 887940
20 23 486060
21 24 338450
21 23 92320
21 7 422330
22 18 48130
22 19 52820
23 21 92320
23 24 521360
23 16 644090
23 20 486060
24 21 338450
24 23 521360
25 20 887940
25 18 1586500
25 17 1162870
