0 4 372020
0 2 103790
1 2 2145890
1 5 3217530
1 3 359180
2 1 2145890
2 0 103790
2 4 2242940
3 4 517440
3 1 359180
3 5 307610
4 0 372020
4 3 517440
4 2 2242940
4 11 3164060
5 1 3217530
5 3 307610
5 7 1782560
5 6 2054640
6 8 1004680
6 7 1200610
6 5 2054640
6 11 341470
6 16 2311480
7 6 1200610
7 21 3264510
7 5 1782560
8 6 1004680
8 10 223460
8 15 802190
9 12 201370
9 10 318740
10 15 3073100
10 8 223460
10 11 3134660
10 9 318740
11 4 3164060
11 6 341470
11 10 3134660
12 9 201370
12 14 2117240
12 13 737170
12 15 1623190
13 12 737170
13 15 2484820
13 17 2436890
13 16 1556810
14 17 1984200
14 12 2117240
15 10 3073100
15 13 2484820
15 12 1623190
15 8 802190
16 23 2401420
16 20 1487320
16 6 2311480
16 13 1556810
17 14 1984200
17 13 2436890
17 19 567180
17 25 3478060
18 22 396340
18 25 5621860
18 19 191650
19 17 567180
19 18 191650
19 22 331810
20 16 1487320
20 25 3534940
20 23 2396640
21 24 1776950
21 23 1627710
21 7 3264510
22 18 396340
22 19 331810
23 21 1627710
23 24 1567750
23 16 2401420
23 20 2396640
24 21 1776950
24 23 1567750
25 20 3534940
25 18 5621860
25 17 3478060
