0 4 503890
0 2 97980
1 2 3449830
1 5 4262940
1 3 734940
2 1 3449830
2 0 97980
2 4 3454780
3 4 903540
3 1 734940
3 5 117720
4 0 503890
4 3 903540
4 2 3454780
4 11 5129000
5 1 4262940
5 3 117720
5 7 2095260
5 6 2466160
6 8 1008730
6 7 1194450
6 5 2466160
6 11 399530
6 16 2396740
7 6 1194450
7 21 3277900
7 5 2095260
8 6 1008730
8 10 490020
8 15 658740
9 12 390680
9 10 310720
10 15 4479170
10 8 490020
10 11 4831470
10 9 310720
11 4 5129000
11 6 399530
11 10 4831470
12 9 390680
12 14 2085010
12 13 384460
12 15 1796930
13 12 384460
13 15 3426830
13 17 3461180
13 16 1358650
14 17 2316970
14 12 2085010
15 10 4479170
15 13 3426830
15 12 1796930
15 8 658740
16 23 2335800
16 20 1440790
16 6 2396740
16 13 1358650
17 14 2316970
17 13 3461180
17 19 538000
17 25 4278800
18 22 618740
18 25 5873740
18 19 202210
19 17 538000
19 18 202210
19 22 268210
20 16 1440790
20 25 4295130
20 23 3128830
21 24 1447170
21 23 1918130
21 7 3277900
22 18 618740
22 19 268210
23 21 1918130
23 24 2103420
23 16 2335800
23 20 3128830
24 21 1447170
24 23 2103420
25 20 4295130
25 18 5873740
25 17 4278800
