0 4 235440
0 2 27830
1 2 2191660
1 5 3168760
1 3 254590
2 1 2191660
2 0 27830
2 4 2613100
3 4 419070
3 1 254590
3 5 116940
4 0 235440
4 3 419070
4 2 2613100
4 11 3536010
5 1 3168760
5 3 116940
5 7 1202940
5 6 2579420
6 8 604210
6 7 520800
6 5 2579420
6 11 157280
6 16 2388290
7 6 520800
7 21 2762740
7 5 1202940
8 6 604210
8 10 326810
8 15 535790
9 12 445820
9 10 290480
10 15 3569740
10 8 326810
10 11 3391750
10 9 290480
11 4 3536010
11 6 157280
11 10 3391750
12 9 445820
12 14 1001960
12 13 512090
12 15 1297000
13 12 512090
13 15 2808440
13 17 2669440
13 16 1536600
14 17 1082680
14 12 1001960
15 10 3569740
15 13 2808440
15 12 1297000
15 8 535790
16 23 2202270
16 20 1470530
16 6 2388290
16 13 1536600
17 14 1082680
17 13 2669440
17 19 492370
17 25 2849640
18 22 231590
18 25 5519660
18 19 188770
19 17 492370
19 18 188770
19 22 219960
20 16 1470530
20 25 4344030
20 23 2940120
21 24 1100440
21 23 1903430
21 7 2762740
22 18 231590
22 19 219960
23 21 1903430
23 24 1197970
23 16 2202270
23 20 2940120
24 21 1100440
24 23 1197970
25 20 4344030
25 18 5519660
25 17 2849640
