0 4 153790
0 2 34020
1 2 749460
1 5 1126140
1 3 241550
2 1 749460
2 0 34020
2 4 918570
3 4 332080
3 1 241550
3 5 62890
4 0 153790
4 3 332080
4 2 918570
4 11 1432990
5 1 1126140
5 3 62890
5 7 595610
5 6 598840
6 8 354800
6 7 518460
6 5 598840
6 11 154240
6 16 597180
7 6 518460
7 21 897880
7 5 595610
8 6 354800
8 10 75350
8 15 382150
9 12 58820
9 10 48600
10 15 1285320
10 8 75350
10 11 1355260
10 9 48600
11 4 1432990
11 6 154240
11 10 1355260
12 9 58820
12 14 275520
12 13 82470
12 15 788200
13 12 82470
13 15 965740
13 17 882250
13 16 286070
14 17 211830
14 12 275520
15 10 1285320
15 13 965740
15 12 788200
15 8 382150
16 23 490050
16 20 402230
16 6 597180
16 13 286070
17 14 211830
17 13 882250
17 19 163480
17 25 757160
18 22 37700
18 25 1388260
18 19 99190
19 17 163480
19 18 99190
19 22 62510
20 16 402230
20 25 904420
20 23 579100
21 24 454630
21 23 418170
21 7 897880
22 18 37700
22 19 62510
23 21 418170
23 24 450880
23 16 490050
23 20 579100
24 21 454630
24 23 450880
25 20 904420
25 18 1388260
25 17 757160
