0 4 397000
0 2 140370
1 2 1937080
1 5 3561030
1 3 417750
2 1 1937080
2 0 140370
2 4 1363070
3 4 491710
3 1 417750
3 5 232270
4 0 397000
4 3 491710
4 2 1363070
4 11 2545260
5 1 3561030
5 3 232270
5 7 1461670
5 6 2517070
6 8 503310
6 7 680760
6 5 2517070
6 11 372020
6 16 2315550
7 6 680760
7 21 1897250
7 5 1461670
8 6 503310
8 10 106590
8 15 479640
9 12 243030
9 10 172460
10 15 2343050
10 8 106590
10 11 2264120
10 9 172460
11 4 2545260
11 6 372020
11 10 2264120
12 9 243030
12 14 849870
12 13 300500
12 15 792710
13 12 300500
13 15 2029160
13 17 1637060
13 16 772120
14 17 842400
14 12 849870
15 10 2343050
15 13 2029160
15 12 792710
15 8 479640
16 23 1859930
16 20 1216900
16 6 2315550
16 13 772120
17 14 842400
17 13 1637060
17 19 314310
17 25 2043100
18 22 200110
18 25 3899140
18 19 107330
19 17 314310
19 18 107330
19 22 237530
20 16 1216900
20 25 2735970
20 23 1666990
21 24 918830
21 23 1066550
21 7 1897250
22 18 200110
22 19 237530
23 21 1066550
23 24 938270
23 16 1859930
23 20 1666990
24 21 918830
24 23 938270
25 20 2735970
25 18 3899140
25 17 2043100
