0 4 506400
0 2 66880
1 2 2872440
1 5 4298580
1 3 342690
2 1 2872440
2 0 66880
2 4 3424780
3 4 334000
3 1 342690
3 5 311670
4 0 506400
4 3 334000
4 2 3424780
4 11 4462050
5 1 4298580
5 3 311670
5 7 2275670
5 6 2549340
6 8 1202350
6 7 1246940
6 5 2549340
6 11 380890
6 16 2527460
7 6 1246940
7 21 3677910
7 5 2275670
8 6 1202350
8 10 417280
8 15 903930
9 12 394440
9 10 210230
10 15 4235280
10 8 417280
10 11 4119200
10 9 210230
11 4 4462050
11 6 380890
11 10 4119200
12 9 394440
12 14 1444170
12 13 1191330
12 15 1528410
13 12 1191330
13 15 3831500
13 17 3483900
13 16 2177620
14 17 1359210
14 12 1444170
15 10 4235280
15 13 3831500
15 12 1528410
15 8 903930
16 23 2703550
16 20 1929800
16 6 2527460
16 13 2177620
17 14 1359210
17 13 3483900
17 19 790440
17 25 3583420
18 22 147420
18 25 6721240
18 19 395460
19 17 790440
19 18 395460
19 22 595720
20 16 1929800
20 25 4648940
20 23 2928060
21 24 1580480
21 23 2166500
21 7 3677910
22 18 147420
22 19 595720
23 21 2166500
23 24 1608800
23 16 2703550
23 20 2928060
24 21 1580480
24 23 1608800
25 20 4648940
25 18 6721240
25 17 3583420
