0 4 225700
0 2 17910
1 2 721440
1 5 1341870
1 3 371290
2 1 721440
2 0 17910
2 4 843660
3 4 414240
3 1 371290
3 5 116130
4 0 225700
4 3 414240
4 2 843660
4 11 1580830
5 1 1341870
5 3 116130
5 7 702520
5 6 864890
6 8 77030
6 7 261220
6 5 864890
6 11 217240
6 16 842450
7 6 261220
7 21 763150
7 5 702520
8 6 77030
8 10 26100
8 15 109990
9 12 62820
9 10 119130
10 15 1336600
10 8 26100
10 11 1422970
10 9 119130
11 4 1580830
11 6 217240
11 10 1422970
12 9 62820
12 14 269640
12 13 78410
12 15 496890
13 12 78410
13 15 953410
13 17 935400
13 16 221010
14 17 221790
14 12 269640
15 10 1336600
15 13 953410
15 12 496890
15 8 109990
16 23 558980
16 20 454350
16 6 842450
16 13 221010
17 14 221790
17 13 935400
17 19 185920
17 25 922100
18 22 86440
18 25 1429380
18 19 31760
19 17 185920
19 18 31760
19 22 90730
20 16 454350
20 25 846970
20 23 490810
21 24 507460
21 23 268190
21 7 763150
22 18 86440
22 19 90730
23 21 268190
23 24 281270
23 16 558980
23 20 490810
24 21 507460
24 23 281270
25 20 846970
25 18 1429380
25 17 922100
