0 4 169580
0 2 58350
1 2 705060
1 5 667030
1 3 223880
2 1 705060
2 0 58350
2 4 982650
3 4 269760
3 1 223880
3 5 61200
4 0 169580
4 3 269760
4 2 982650
4 11 1443580
5 1 667030
5 3 61200
5 7 289800
5 6 483350
6 8 98950
6 7 332440
6 5 483350
6 11 223360
6 16 449940
7 6 332440
7 21 655210
7 5 289800
8 6 98950
8 10 42130
8 15 93410
9 12 160700
9 10 38540
10 15 1321580
10 8 42130
10 11 1264000
10 9 38540
11 4 1443580
11 6 223360
11 10 1264000
12 9 160700
12 14 351070
12 13 348720
12 15 469240
13 12 348720
13 15 1023630
13 17 1006870
13 16 672030
14 17 392340
14 12 351070
15 10 1321580
15 13 1023630
15 12 469240
15 8 93410
16 23 840450
16 20 276650
16 6 449940
16 13 672030
17 14 392340
17 13 1006870
17 19 150800
17 25 965410
18 22 120280
18 25 1305360
18 19 58290
19 17 150800
19 18 58290
19 22 57820
20 16 276650
20 25 855740
20 23 654260
21 24 380670
21 23 310610
21 7 655210
22 18 120280
22 19 57820
23 21 310610
23 24 531630
23 16 840450
23 20 654260
24 21 380670
24 23 531630
25 20 855740
25 18 1305360
25 17 965410
