0 4 46090
0 2 3980
1 2 775140
1 5 975960
1 3 214520
2 1 775140
2 0 3980
2 4 898640
3 4 213820
3 1 214520
3 5 47110
4 0 46090
4 3 213820
4 2 898640
4 11 1271360
5 1 975960
5 3 47110
5 7 498910
5 6 531130
6 8 335630
6 7 530410
6 5 531130
6 11 123170
6 16 531320
7 6 530410
7 21 647310
7 5 498910
8 6 335630
8 10 88730
8 15 306950
9 12 89200
9 10 82560
10 15 1026980
10 8 88730
10 11 1219130
10 9 82560
11 4 1271360
11 6 123170
11 10 1219130
12 9 89200
12 14 232840
12 13 122560
12 15 468480
13 12 122560
13 15 914670
13 17 942920
13 16 318210
14 17 297540
14 12 232840
15 10 1026980
15 13 914670
15 12 468480
15 8 306950
16 23 495670
16 20 323340
16 6 531320
16 13 318210
17 14 297540
17 13 942920
17 19 103100
17 25 931660
18 22 105810
18 25 1279380
18 19 29750
19 17 103100
19 18 29750
19 22 40780
20 16 323340
20 25 930740
20 23 711150
21 24 415230
21 23 121500
21 7 647310
22 18 105810
22 19 40780
23 21 121500
23 24 532500
23 16 495670
23 20 711150
24 21 415230
24 23 532500
25 20 930740
25 18 1279380
25 17 931660
