0 4 323260
0 2 40740
1 2 853310
1 5 1402110
1 3 327000
2 1 853310
2 0 40740
2 4 1805510
3 4 265610
3 1 327000
3 5 46770
4 0 323260
4 3 265610
4 2 1805510
4 11 2394660
5 1 1402110
5 3 46770
5 7 457730
5 6 1063680
6 8 749870
6 7 1059290
6 5 1063680
6 11 360920
6 16 1012340
7 6 1059290
7 21 863620
7 5 457730
8 6 749870
8 10 139360
8 15 894160
9 12 162190
9 10 81230
10 15 2341770
10 8 139360
10 11 2417260
10 9 81230
11 4 2394660
11 6 360920
11 10 2417260
12 9 162190
12 14 693350
12 13 579030
12 15 1485380
13 12 579030
13 15 1831850
13 17 1703070
13 16 934850
14 17 618260
14 12 693350
15 10 2341770
15 13 1831850
15 12 1485380
15 8 894160
16 23 1101500
16 20 903030
16 6 1012340
16 13 934850
17 14 618260
17 13 1703070
17 19 160240
17 25 1953380
18 22 107920
18 25 3102640
18 19 113380
19 17 160240
19 18 113380
19 22 86540
20 16 903030
20 25 1938060
20 23 1108100
21 24 706840
21 23 344950
21 7 863620
22 18 107920
22 19 86540
23 21 344950
23 24 776230
23 16 1101500
23 20 1108100
24 21 706840
24 23 776230
25 20 1938060
25 18 3102640
25 17 1953380
