0 4 463850
0 2 60040
1 2 2151310
1 5 3102650
1 3 744260
2 1 2151310
2 0 60040
2 4 2972120
3 4 1084430
3 1 744260
3 5 186970
4 0 463850
4 3 1084430
4 2 2972120
4 11 4740300
5 1 3102650
5 3 186970
5 7 1705980
5 6 1792380
6 8 947980
6 7 1218900
6 5 1792380
6 11 462670
6 16 1603370
7 6 1218900
7 21 1958320
7 5 1705980
8 6 947980
8 10 359850
8 15 714610
9 12 268880
9 10 225240
10 15 4413290
10 8 359850
10 11 4604210
10 9 225240
11 4 4740300
11 6 462670
11 10 4604210
12 9 268880
12 14 1394270
12 13 446520
12 15 1934120
13 12 446520
13 15 3199380
13 17 3258560
13 16 988200
14 17 1461560
14 12 1394270
15 10 4413290
15 13 3199380
15 12 1934120
15 8 714610
16 23 1784540
16 20 991490
16 6 1603370
16 13 988200
17 14 1461560
17 13 3258560
17 19 302090
17 25 3851310
18 22 156370
18 25 4593340
18 19 220100
19 17 302090
19 18 220100
19 22 165300
20 16 991490
20 25 2837130
20 23 2033210
21 24 1367510
21 23 765040
21 7 1958320
22 18 156370
22 19 165300
23 21 765040
23 24 1289280
23 16 1784540
23 20 2033210
24 21 1367510
24 23 1289280
25 20 2837130
25 18 4593340
25 17 3851310
