0 4 57080
0 2 47280
1 2 681730
1 5 1273970
1 3 138260
2 1 681730
2 0 47280
2 4 725870
3 4 171700
3 1 138260
3 5 62200
4 0 57080
4 3 171700
4 2 725870
4 11 1017640
5 1 1273970
5 3 62200
5 7 397650
5 6 957720
6 8 188270
6 7 233200
6 5 957720
6 11 116430
6 16 914420
7 6 233200
7 21 728450
7 5 397650
8 6 188270
8 10 40860
8 15 146910
9 12 55080
9 10 38850
10 15 946850
10 8 40860
10 11 983860
10 9 38850
11 4 1017640
11 6 116430
11 10 983860
12 9 55080
12 14 535180
12 13 231040
12 15 376500
13 12 231040
13 15 673650
13 17 622760
13 16 362400
14 17 556800
14 12 535180
15 10 946850
15 13 673650
15 12 376500
15 8 146910
16 23 572450
16 20 718090
16 6 914420
16 13 362400
17 14 556800
17 13 622760
17 19 203200
17 25 961720
18 22 27450
18 25 1723250
18 19 11360
19 17 203200
19 18 11360
19 22 84930
20 16 718090
20 25 1387480
20 23 714270
21 24 406220
21 23 312230
21 7 728450
22 18 27450
22 19 84930
23 21 312230
23 24 302820
23 16 572450
23 20 714270
24 21 406220
24 23 302820
25 20 1387480
25 18 1723250
25 17 961720
