0 4 121190
0 2 37160
1 2 573520
1 5 604100
1 3 97150
2 1 573520
2 0 37160
2 4 822460
3 4 37530
3 1 97150
3 5 23790
4 0 121190
4 3 37530
4 2 822460
4 11 962830
5 1 604100
5 3 23790
5 7 358410
5 6 343300
6 8 167450
6 7 180550
6 5 343300
6 11 93360
6 16 378530
7 6 180550
7 21 853830
7 5 358410
8 6 167450
8 10 41720
8 15 202230
9 12 74150
9 10 29930
10 15 903620
10 8 41720
10 11 936050
10 9 29930
11 4 962830
11 6 93360
11 10 936050
12 9 74150
12 14 286720
12 13 63550
12 15 165220
13 12 63550
13 15 1056630
13 17 955470
13 16 229560
14 17 237020
14 12 286720
15 10 903620
15 13 1056630
15 12 165220
15 8 202230
16 23 428360
16 20 189320
16 6 378530
16 13 229560
17 14 237020
17 13 955470
17 19 157930
17 25 974160
18 22 52420
18 25 1288330
18 19 55860
19 17 157930
19 18 55860
19 22 62160
20 16 189320
20 25 1010840
20 23 867910
21 24 329140
21 23 583690
21 7 853830
22 18 52420
22 19 62160
23 21 583690
23 24 347670
23 16 428360
23 20 867910
24 21 329140
24 23 347670
25 20 1010840
25 18 1288330
25 17 974160
