0 4 46630
0 2 1
1 2 454980
1 5 858170
1 3 85080
2 1 454980
2 0 1
2 4 866990
3 4 156020
3 1 85080
3 5 30000
4 0 46630
4 3 156020
4 2 866990
4 11 1207330
5 1 858170
5 3 30000
5 7 446240
5 6 480620
6 8 187300
6 7 332450
6 5 480620
6 11 193920
6 16 467500
7 6 332450
7 21 577790
7 5 446240
8 6 187300
8 10 59500
8 15 194440
9 12 114000
9 10 35080
10 15 1078820
10 8 59500
10 11 1101680
10 9 35080
11 4 1207330
11 6 193920
11 10 1101680
12 9 114000
12 14 154480
12 13 150420
12 15 370540
13 12 150420
13 15 981170
13 17 790240
13 16 485010
14 17 144470
14 12 154480
15 10 1078820
15 13 981170
15 12 370540
15 8 194440
16 23 448950
16 20 446540
16 6 467500
16 13 485010
17 14 144470
17 13 790240
17 19 24740
17 25 837930
18 22 51570
18 25 1765990
18 19 63600
19 17 24740
19 18 63600
19 22 5930
20 16 446540
20 25 910810
20 23 509980
21 24 495720
21 23 177200
21 7 577790
22 18 51570
22 19 5930
23 21 177200
23 24 650710
23 16 448950
23 20 509980
24 21 495720
24 23 650710
25 20 910810
25 18 1765990
25 17 837930
