0 4 90480
0 2 6800
1 2 742420
1 5 1020900
1 3 107760
2 1 742420
2 0 6800
2 4 765940
3 4 86630
3 1 107760
3 5 32480
4 0 90480
4 3 86630
4 2 765940
4 11 1061100
5 1 1020900
5 3 32480
5 7 394490
5 6 646940
6 8 171520
6 7 329790
6 5 646940
6 11 137430
6 16 636640
7 6 329790
7 21 700970
7 5 394490
8 6 171520
8 10 34350
8 15 166080
9 12 106720
9 10 111740
10 15 860180
10 8 34350
10 11 1000780
10 9 111740
11 4 1061100
11 6 137430
11 10 1000780
12 9 106720
12 14 253280
12 13 150230
12 15 203720
13 12 150230
13 15 820810
13 17 779830
13 16 356780
14 17 323390
14 12 253280
15 10 860180
15 13 820810
15 12 203720
15 8 166080
16 23 646870
16 20 345070
16 6 636640
16 13 356780
17 14 323390
17 13 779830
17 19 110350
17 25 800970
18 22 99710
18 25 1424640
18 19 51390
19 17 110350
19 18 51390
19 22 31590
20 16 345070
20 25 1017700
20 23 728720
21 24 387840
21 23 236830
21 7 700970
22 18 99710
22 19 31590
23 21 236830
23 24 502160
23 16 646870
23 20 728720
24 21 387840
24 23 502160
25 20 1017700
25 18 1424640
25 17 800970
