0 4 161110
0 2 15160
1 2 416870
1 5 531490
1 3 134290
2 1 416870
2 0 15160
2 4 606390
3 4 162940
3 1 134290
3 5 43880
4 0 161110
4 3 162940
4 2 606390
4 11 946600
5 1 531490
5 3 43880
5 7 286720
5 6 392640
6 8 181440
6 7 271810
6 5 392640
6 11 128620
6 16 351050
7 6 271810
7 21 562980
7 5 286720
8 6 181440
8 10 51940
8 15 147130
9 12 45370
9 10 105940
10 15 853860
10 8 51940
10 11 928040
10 9 105940
11 4 946600
11 6 128620
11 10 928040
12 9 45370
12 14 378890
12 13 310680
12 15 430410
13 12 310680
13 15 570150
13 17 552190
13 16 513980
14 17 382070
14 12 378890
15 10 853860
15 13 570150
15 12 430410
15 8 147130
16 23 644680
16 20 214840
16 6 351050
16 13 513980
17 14 382070
17 13 552190
17 19 58760
17 25 752810
18 22 42310
18 25 1312180
18 19 40430
19 17 58760
19 18 40430
19 22 29800
20 16 214840
20 25 977860
20 23 764680
21 24 317160
21 23 215790
21 7 562980
22 18 42310
22 19 29800
23 21 215790
23 24 401600
23 16 644680
23 20 764680
24 21 317160
24 23 401600
25 20 977860
25 18 1312180
25 17 752810
