0 4 102580
0 2 149080
1 2 1884200
1 5 2380660
1 3 654170
2 1 1884200
2 0 149080
2 4 1956910
3 4 604230
3 1 654170
3 5 131710
4 0 102580
4 3 604230
4 2 1956910
4 11 2872310
5 1 2380660
5 3 131710
5 7 1126600
5 6 1713250
6 8 374920
6 7 697830
6 5 1713250
6 11 411780
6 16 1531230
7 6 697830
7 21 1904880
7 5 1126600
8 6 374920
8 10 137520
8 15 312650
9 12 188160
9 10 191730
10 15 2662040
10 8 137520
10 11 2728660
10 9 191730
11 4 2872310
11 6 411780
11 10 2728660
12 9 188160
12 14 684090
12 13 330110
12 15 849470
13 12 330110
13 15 1990340
13 17 1886970
13 16 981860
14 17 851810
14 12 684090
15 10 2662040
15 13 1990340
15 12 849470
15 8 312650
16 23 1749180
16 20 758390
16 6 1531230
16 13 981860
17 14 851810
17 13 1886970
17 19 223910
17 25 1953970
18 22 294940
18 25 3335640
18 19 178190
19 17 223910
19 18 178190
19 22 94630
20 16 758390
20 25 1699260
20 23 1011270
21 24 1047720
21 23 785960
21 7 1904880
22 18 294940
22 19 94630
23 21 785960
23 24 1346230
23 16 1749180
23 20 1011270
24 21 1047720
24 23 1346230
25 20 1699260
25 18 3335640
25 17 1953970
