0 4 84230
0 2 9270
1 2 549990
1 5 678150
1 3 133650
2 1 549990
2 0 9270
2 4 562310
3 4 199470
3 1 133650
3 5 70420
4 0 84230
4 3 199470
4 2 562310
4 11 895370
5 1 678150
5 3 70420
5 7 494850
5 6 299960
6 8 222130
6 7 262170
6 5 299960
6 11 65760
6 16 304520
7 6 262170
7 21 317790
7 5 494850
8 6 222130
8 10 74570
8 15 233570
9 12 92720
9 10 58360
10 15 906520
10 8 74570
10 11 861310
10 9 58360
11 4 895370
11 6 65760
11 10 861310
12 9 92720
12 14 406530
12 13 110150
12 15 409590
13 12 110150
13 15 793840
13 17 714670
13 16 322480
14 17 434880
14 12 406530
15 10 906520
15 13 793840
15 12 409590
15 8 233570
16 23 420590
16 20 151480
16 6 304520
16 13 322480
17 14 434880
17 13 714670
17 19 69960
17 25 933320
18 22 57630
18 25 1070480
18 19 70030
19 17 69960
19 18 70030
19 22 32920
20 16 151480
20 25 486160
20 23 488210
21 24 213550
21 23 101880
21 7 317790
22 18 57630
22 19 32920
23 21 101880
23 24 385850
23 16 420590
23 20 488210
24 21 213550
24 23 385850
25 20 486160
25 18 1070480
25 17 933320
