0 4 434750
0 2 135040
1 2 3097730
1 5 5362450
1 3 1355370
2 1 3097730
2 0 135040
2 4 3038520
3 4 1407210
3 1 1355370
3 5 292740
4 0 434750
4 3 1407210
4 2 3038520
4 11 4989210
5 1 5362450
5 3 292740
5 7 2440960
5 6 3216080
6 8 707910
6 7 1149820
6 5 3216080
6 11 261490
6 16 3237610
7 6 1149820
7 21 2430770
7 5 2440960
8 6 707910
8 10 287680
8 15 728020
9 12 302920
9 10 420710
10 15 4651090
10 8 287680
10 11 5044270
10 9 420710
11 4 4989210
11 6 261490
11 10 5044270
12 9 302920
12 14 1188990
12 13 525650
12 15 2072190
13 12 525650
13 15 3353380
13 17 3313830
13 16 1609320
14 17 1326350
14 12 1188990
15 10 4651090
15 13 3353380
15 12 2072190
15 8 728020
16 23 2635130
16 20 2434800
16 6 3237610
16 13 1609320
17 14 1326350
17 13 3313830
17 19 721440
17 25 3017570
18 22 377880
18 25 5349560
18 19 268160
19 17 721440
19 18 268160
19 22 197490
20 16 2434800
20 25 4745610
20 23 2506880
21 24 1332340
21 23 1084940
21 7 2430770
22 18 377880
22 19 197490
23 21 1084940
23 24 2504670
23 16 2635130
23 20 2506880
24 21 1332340
24 23 2504670
25 20 4745610
25 18 5349560
25 17 3017570
