0 4 420220
0 2 74170
1 2 1577490
1 5 3658140
1 3 337870
2 1 1577490
2 0 74170
2 4 1940000
3 4 404280
3 1 337870
3 5 140520
4 0 420220
4 3 404280
4 2 1940000
4 11 2918410
5 1 3658140
5 3 140520
5 7 2142190
5 6 1842280
6 8 308990
6 7 793730
6 5 1842280
6 11 424610
6 16 1838850
7 6 793730
7 21 1811260
7 5 2142190
8 6 308990
8 10 175770
8 15 410310
9 12 414660
9 10 132950
10 15 2663880
10 8 175770
10 11 2625610
10 9 132950
11 4 2918410
11 6 424610
11 10 2625610
12 9 414660
12 14 920450
12 13 653310
12 15 1066600
13 12 653310
13 15 2222200
13 17 1734400
13 16 1617630
14 17 1176730
14 12 920450
15 10 2663880
15 13 2222200
15 12 1066600
15 8 410310
16 23 2074570
16 20 1272230
16 6 1838850
16 13 1617630
17 14 1176730
17 13 1734400
17 19 191440
17 25 2198870
18 22 310050
18 25 3549480
18 19 101650
19 17 191440
19 18 101650
19 22 99880
20 16 1272230
20 25 2673520
20 23 1566300
21 24 1121680
21 23 756090
21 7 1811260
22 18 310050
22 19 99880
23 21 756090
23 24 1460610
23 16 2074570
23 20 1566300
24 21 1121680
24 23 1460610
25 20 2673520
25 18 3549480
25 17 2198870
