0 4 513530
0 2 208710
1 2 3448230
1 5 4471070
1 3 1074960
2 1 3448230
2 0 208710
2 4 3883280
3 4 1262990
3 1 1074960
3 5 283400
4 0 513530
4 3 1262990
4 2 3883280
4 11 5960860
5 1 4471070
5 3 283400
5 7 2313390
5 6 2672130
6 8 1392150
6 7 1613180
6 5 2672130
6 11 494010
6 16 2596660
7 6 1613180
7 21 3509050
7 5 2313390
8 6 1392150
8 10 147090
8 15 1468940
9 12 527600
9 10 119590
10 15 5701230
10 8 147090
10 11 5654560
10 9 119590
11 4 5960860
11 6 494010
11 10 5654560
12 9 527600
12 14 1634840
12 13 896420
12 15 3392970
13 12 896420
13 15 3911880
13 17 3886360
13 16 1711920
14 17 1711260
14 12 1634840
15 10 5701230
15 13 3911880
15 12 3392970
15 8 1468940
16 23 3117530
16 20 1413790
16 6 2596660
16 13 1711920
17 14 1711260
17 13 3886360
17 19 686010
17 25 4125760
18 22 486380
18 25 6804800
18 19 298740
19 17 686010
19 18 298740
19 22 322730
20 16 1413790
20 25 4262770
20 23 3046020
21 24 1536820
21 23 2450020
21 7 3509050
22 18 486380
22 19 322730
23 21 2450020
23 24 2052860
23 16 3117530
23 20 3046020
24 21 1536820
24 23 2052860
25 20 4262770
25 18 6804800
25 17 4125760
