0 4 88790
0 2 35800
1 2 512770
1 5 706460
1 3 142420
2 1 512770
2 0 35800
2 4 649280
3 4 119410
3 1 142420
3 5 57330
4 0 88790
4 3 119410
4 2 649280
4 11 891880
5 1 706460
5 3 57330
5 7 277480
5 6 652690
6 8 202080
6 7 299940
6 5 652690
6 11 70420
6 16 700960
7 6 299940
7 21 659610
7 5 277480
8 6 202080
8 10 83410
8 15 188220
9 12 79660
9 10 53210
10 15 860240
10 8 83410
10 11 836900
10 9 53210
11 4 891880
11 6 70420
11 10 836900
12 9 79660
12 14 250010
12 13 216110
12 15 326110
13 12 216110
13 15 859000
13 17 734780
13 16 401100
14 17 318750
14 12 250010
15 10 860240
15 13 859000
15 12 326110
15 8 188220
16 23 580450
16 20 477310
16 6 700960
16 13 401100
17 14 318750
17 13 734780
17 19 141640
17 25 810390
18 22 74120
18 25 1526950
18 19 49260
19 17 141640
19 18 49260
19 22 42980
20 16 477310
20 25 1282100
20 23 832030
21 24 324370
21 23 357520
21 7 659610
22 18 74120
22 19 42980
23 21 357520
23 24 507790
23 16 580450
23 20 832030
24 21 324370
24 23 507790
25 20 1282100
25 18 1526950
25 17 810390
