0 4 340790
0 2 122660
1 2 2910610
1 5 3972160
1 3 1061460
2 1 2910610
2 0 122660
2 4 2664500
3 4 1432760
3 1 1061460
3 5 347920
4 0 340790
4 3 1432760
4 2 2664500
4 11 4574560
5 1 3972160
5 3 347920
5 7 1832740
5 6 3104040
6 8 1033580
6 7 1203520
6 5 3104040
6 11 294470
6 16 2934800
7 6 1203520
7 21 3949320
7 5 1832740
8 6 1033580
8 10 376160
8 15 1031170
9 12 177960
9 10 194210
10 15 4617190
10 8 376160
10 11 4541380
10 9 194210
11 4 4574560
11 6 294470
11 10 4541380
12 9 177960
12 14 962440
12 13 318750
12 15 2012480
13 12 318750
13 15 4103110
13 17 3452630
13 16 1265280
14 17 1140390
14 12 962440
15 10 4617190
15 13 4103110
15 12 2012480
15 8 1031170
16 23 2270060
16 20 2102540
16 6 2934800
16 13 1265280
17 14 1140390
17 13 3452630
17 19 505340
17 25 3532680
18 22 366710
18 25 6891970
18 19 217470
19 17 505340
19 18 217470
19 22 158630
20 16 2102540
20 25 4983310
20 23 3454720
21 24 1556320
21 23 2639440
21 7 3949320
22 18 366710
22 19 158630
23 21 2639440
23 24 2000850
23 16 2270060
23 20 3454720
24 21 1556320
24 23 2000850
25 20 4983310
25 18 6891970
25 17 3532680
