0 4 239760
0 2 117000
1 2 552180
1 5 1419600
1 3 38710
2 1 552180
2 0 117000
2 4 1290860
3 4 119650
3 1 38710
3 5 48710
4 0 239760
4 3 119650
4 2 1290860
4 11 1704370
5 1 1419600
5 3 48710
5 7 382980
5 6 1195290
6 8 433360
6 7 552620
6 5 1195290
6 11 143380
6 16 1158490
7 6 552620
7 21 1079290
7 5 382980
8 6 433360
8 10 109310
8 15 383120
9 12 168980
9 10 40960
10 15 1664700
10 8 109310
10 11 1753510
10 9 40960
11 4 1704370
11 6 143380
11 10 1753510
12 9 168980
12 14 589510
12 13 167510
12 15 794210
13 12 167510
13 15 1358700
13 17 1249730
13 16 394820
14 17 462490
14 12 589510
15 10 1664700
15 13 1358700
15 12 794210
15 8 383120
16 23 867830
16 20 777580
16 6 1158490
16 13 394820
17 14 462490
17 13 1249730
17 19 290840
17 25 1261520
18 22 133040
18 25 2128590
18 19 41370
19 17 290840
19 18 41370
19 22 179900
20 16 777580
20 25 1492950
20 23 856830
21 24 456900
21 23 644770
21 7 1079290
22 18 133040
22 19 179900
23 21 644770
23 24 547200
23 16 867830
23 20 856830
24 21 456900
24 23 547200
25 20 1492950
25 18 2128590
25 17 1261520
