0 4 120040
0 2 3060
1 2 689380
1 5 996110
1 3 177280
2 1 689380
2 0 3060
2 4 710390
3 4 233830
3 1 177280
3 5 45070
4 0 120040
4 3 233830
4 2 710390
4 11 1139500
5 1 996110
5 3 45070
5 7 396960
5 6 652860
6 8 204530
6 7 216940
6 5 652860
6 11 93090
6 16 614690
7 6 216940
7 21 776330
7 5 396960
8 6 204530
8 10 70680
8 15 168750
9 12 85270
9 10 71780
10 15 1091700
10 8 70680
10 11 1078970
10 9 71780
11 4 1139500
11 6 93090
11 10 1078970
12 9 85270
12 14 255380
12 13 40510
12 15 404780
13 12 40510
13 15 886550
13 17 762280
13 16 327290
14 17 269240
14 12 255380
15 10 1091700
15 13 886550
15 12 404780
15 8 168750
16 23 491000
16 20 395170
16 6 614690
16 13 327290
17 14 269240
17 13 762280
17 19 44500
17 25 723450
18 22 16860
18 25 1622200
18 19 81830
19 17 44500
19 18 81830
19 22 19830
20 16 395170
20 25 1088420
20 23 759030
21 24 279220
21 23 552360
21 7 776330
22 18 16860
22 19 19830
23 21 552360
23 24 382440
23 16 491000
23 20 759030
24 21 279220
24 23 382440
25 20 1088420
25 18 1622200
25 17 723450
