0 4 267550
0 2 37540
1 2 882920
1 5 1546490
1 3 537750
2 1 882920
2 0 37540
2 4 1252960
3 4 529420
3 1 537750
3 5 64460
4 0 267550
4 3 529420
4 2 1252960
4 11 2288960
5 1 1546490
5 3 64460
5 7 588090
5 6 1168060
6 8 256720
6 7 489730
6 5 1168060
6 11 245510
6 16 1099850
7 6 489730
7 21 1086600
7 5 588090
8 6 256720
8 10 89210
8 15 313350
9 12 177180
9 10 80310
10 15 2095570
10 8 89210
10 11 2156250
10 9 80310
11 4 2288960
11 6 245510
11 10 2156250
12 9 177180
12 14 519220
12 13 172420
12 15 936030
13 12 172420
13 15 1530270
13 17 1477160
13 16 678290
14 17 627100
14 12 519220
15 10 2095570
15 13 1530270
15 12 936030
15 8 313350
16 23 914830
16 20 836840
16 6 1099850
16 13 678290
17 14 627100
17 13 1477160
17 19 239250
17 25 1608660
18 22 196370
18 25 2830500
18 19 105540
19 17 239250
19 18 105540
19 22 93290
20 16 836840
20 25 1673650
20 23 1028470
21 24 543820
21 23 640540
21 7 1086600
22 18 196370
22 19 93290
23 21 640540
23 24 873070
23 16 914830
23 20 1028470
24 21 543820
24 23 873070
25 20 1673650
25 18 2830500
25 17 1608660
