0 4 310360
0 2 51970
1 2 1282930
1 5 2124170
1 3 553880
2 1 1282930
2 0 51970
2 4 1655570
3 4 646030
3 1 553880
3 5 72770
4 0 310360
4 3 646030
4 2 1655570
4 11 2744070
5 1 2124170
5 3 72770
5 7 1035470
5 6 1236750
6 8 294230
6 7 561140
6 5 1236750
6 11 273030
6 16 1142390
7 6 561140
7 21 1713730
7 5 1035470
8 6 294230
8 10 50330
8 15 364050
9 12 173880
9 10 186940
10 15 2473030
10 8 50330
10 11 2678590
10 9 186940
11 4 2744070
11 6 273030
11 10 2678590
12 9 173880
12 14 442270
12 13 274120
12 15 818230
13 12 274120
13 15 2127160
13 17 1882590
13 16 817770
14 17 585370
14 12 442270
15 10 2473030
15 13 2127160
15 12 818230
15 8 364050
16 23 1137450
16 20 766000
16 6 1142390
16 13 817770
17 14 585370
17 13 1882590
17 19 267250
17 25 1823660
18 22 199450
18 25 3581730
18 19 135910
19 17 267250
19 18 135910
19 22 94260
20 16 766000
20 25 2485680
20 23 1897620
21 24 770210
21 23 1088700
21 7 1713730
22 18 199450
22 19 94260
23 21 1088700
23 24 1106060
23 16 1137450
23 20 1897620
24 21 770210
24 23 1106060
25 20 2485680
25 18 3581730
25 17 1823660
