0 4 154620
0 2 2450
1 2 1383000
1 5 1694620
1 3 459250
2 1 1383000
2 0 2450
2 4 1112480
3 4 340760
3 1 459250
3 5 248620
4 0 154620
4 3 340760
4 2 1112480
4 11 1740250
5 1 1694620
5 3 248620
5 7 907860
5 6 1043800
6 8 770490
6 7 939620
6 5 1043800
6 11 185710
6 16 904780
7 6 939620
7 21 1256450
7 5 907860
8 6 770490
8 10 101490
8 15 618350
9 12 216690
9 10 41200
10 15 1563660
10 8 101490
10 11 1585630
10 9 41200
11 4 1740250
11 6 185710
11 10 1585630
12 9 216690
12 14 303360
12 13 153640
12 15 979280
13 12 153640
13 15 1269520
13 17 1256140
13 16 513780
14 17 406460
14 12 303360
15 10 1563660
15 13 1269520
15 12 979280
15 8 618350
16 23 783730
16 20 658260
16 6 904780
16 13 513780
17 14 406460
17 13 1256140
17 19 235660
17 25 1230880
18 22 292240
18 25 2254060
18 19 69610
19 17 235660
19 18 69610
19 22 110490
20 16 658260
20 25 1396930
20 23 671280
21 24 856980
21 23 421920
21 7 1256450
22 18 292240
22 19 110490
23 21 421920
23 24 761250
23 16 783730
23 20 671280
24 21 856980
24 23 761250
25 20 1396930
25 18 2254060
25 17 1230880
