0 4 159430
0 2 44560
1 2 713690
1 5 1228530
1 3 307960
2 1 713690
2 0 44560
2 4 1613690
3 4 332570
3 1 307960
3 5 66620
4 0 159430
4 3 332570
4 2 1613690
4 11 2081050
5 1 1228530
5 3 66620
5 7 500420
5 6 950710
6 8 333600
6 7 494540
6 5 950710
6 11 219490
6 16 881740
7 6 494540
7 21 1100980
7 5 500420
8 6 333600
8 10 77070
8 15 283030
9 12 136960
9 10 153510
10 15 1908320
10 8 77070
10 11 1994760
10 9 153510
11 4 2081050
11 6 219490
11 10 1994760
12 9 136960
12 14 559700
12 13 264160
12 15 853120
13 12 264160
13 15 1337640
13 17 1312980
13 16 538450
14 17 575290
14 12 559700
15 10 1908320
15 13 1337640
15 12 853120
15 8 283030
16 23 776750
16 20 699130
16 6 881740
16 13 538450
17 14 575290
17 13 1312980
17 19 227420
17 25 1296680
18 22 55520
18 25 2204650
18 19 104600
19 17 227420
19 18 104600
19 22 118200
20 16 699130
20 25 1510730
20 23 1090990
21 24 620410
21 23 555900
21 7 1100980
22 18 55520
22 19 118200
23 21 555900
23 24 774960
23 16 776750
23 20 1090990
24 21 620410
24 23 774960
25 20 1510730
25 18 2204650
25 17 1296680
