0 4 204950
0 2 108050
1 2 1233310
1 5 2023740
1 3 311960
2 1 1233310
2 0 108050
2 4 1234660
3 4 379360
3 1 311960
3 5 91570
4 0 204950
4 3 379360
4 2 1234660
4 11 2037450
5 1 2023740
5 3 91570
5 7 733760
5 6 1625480
6 8 423840
6 7 703650
6 5 1625480
6 11 358350
6 16 1554820
7 6 703650
7 21 1392110
7 5 733760
8 6 423840
8 10 115150
8 15 440760
9 12 149070
9 10 107050
10 15 1687640
10 8 115150
10 11 1823100
10 9 107050
11 4 2037450
11 6 358350
11 10 1823100
12 9 149070
12 14 597760
12 13 174680
12 15 727310
13 12 174680
13 15 1393900
13 17 1385160
13 16 555160
14 17 546930
14 12 597760
15 10 1687640
15 13 1393900
15 12 727310
15 8 440760
16 23 1132300
16 20 916420
16 6 1554820
16 13 555160
17 14 546930
17 13 1385160
17 19 255290
17 25 1503250
18 22 118070
18 25 3285690
18 19 180030
19 17 255290
19 18 180030
19 22 126240
20 16 916420
20 25 2368740
20 23 1639950
21 24 650800
21 23 788760
21 7 1392110
22 18 118070
22 19 126240
23 21 788760
23 24 812830
23 16 1132300
23 20 1639950
24 21 650800
24 23 812830
25 20 2368740
25 18 3285690
25 17 1503250
