0 4 121950
0 2 10960
1 2 841460
1 5 1170020
1 3 138800
2 1 841460
2 0 10960
2 4 663230
3 4 210270
3 1 138800
3 5 98660
4 0 121950
4 3 210270
4 2 663230
4 11 1103970
5 1 1170020
5 3 98660
5 7 582830
5 6 775790
6 8 284550
6 7 321410
6 5 775790
6 11 107250
6 16 748950
7 6 321410
7 21 610400
7 5 582830
8 6 284550
8 10 88070
8 15 185470
9 12 81620
9 10 43770
10 15 1012020
10 8 88070
10 11 1040760
10 9 43770
11 4 1103970
11 6 107250
11 10 1040760
12 9 81620
12 14 301360
12 13 155440
12 15 466180
13 12 155440
13 15 747590
13 17 733710
13 16 353920
14 17 294190
14 12 301360
15 10 1012020
15 13 747590
15 12 466180
15 8 185470
16 23 585960
16 20 485360
16 6 748950
16 13 353920
17 14 294190
17 13 733710
17 19 126460
17 25 704170
18 22 72990
18 25 1256110
18 19 34870
19 17 126460
19 18 34870
19 22 102050
20 16 485360
20 25 869810
20 23 490930
21 24 334810
21 23 336320
21 7 610400
22 18 72990
22 19 102050
23 21 336320
23 24 448150
23 16 585960
23 20 490930
24 21 334810
24 23 448150
25 20 869810
25 18 1256110
25 17 704170
