0 4 53210
0 2 15240
1 2 811850
1 5 1120550
1 3 184690
2 1 811850
2 0 15240
2 4 617520
3 4 311870
3 1 184690
3 5 112260
4 0 53210
4 3 311870
4 2 617520
4 11 1011530
5 1 1120550
5 3 112260
5 7 515460
5 6 868070
6 8 327030
6 7 301200
6 5 868070
6 11 31410
6 16 798720
7 6 301200
7 21 738990
7 5 515460
8 6 327030
8 10 89220
8 15 242380
9 12 92980
9 10 56780
10 15 1040600
10 8 89220
10 11 1000510
10 9 56780
11 4 1011530
11 6 31410
11 10 1000510
12 9 92980
12 14 667150
12 13 210950
12 15 470160
13 12 210950
13 15 745250
13 17 715680
13 16 489580
14 17 665520
14 12 667150
15 10 1040600
15 13 745250
15 12 470160
15 8 242380
16 23 739040
16 20 419470
16 6 798720
16 13 489580
17 14 665520
17 13 715680
17 19 69890
17 25 1207600
18 22 92630
18 25 1908720
18 19 102010
19 17 69890
19 18 102010
19 22 26450
20 16 419470
20 25 1138910
20 23 883060
21 24 255010
21 23 473490
21 7 738990
22 18 92630
22 19 26450
23 21 473490
23 24 364580
23 16 739040
23 20 883060
24 21 255010
24 23 364580
25 20 1138910
25 18 1908720
25 17 1207600
