0 4 419160
0 2 42390
1 2 1913480
1 5 2732140
1 3 499650
2 1 1913480
2 0 42390
2 4 2208510
3 4 503560
3 1 499650
3 5 279990
4 0 419160
4 3 503560
4 2 2208510
4 11 3508900
5 1 2732140
5 3 279990
5 7 1468260
5 6 1801180
6 8 543310
6 7 983700
6 5 1801180
6 11 493080
6 16 1752790
7 6 983700
7 21 2598190
7 5 1468260
8 6 543310
8 10 179070
8 15 627770
9 12 321220
9 10 163700
10 15 2925490
10 8 179070
10 11 3166440
10 9 163700
11 4 3508900
11 6 493080
11 10 3166440
12 9 321220
12 14 580260
12 13 646260
12 15 1240080
13 12 646260
13 15 2510720
13 17 2451820
13 16 1402660
14 17 737260
14 12 580260
15 10 2925490
15 13 2510720
15 12 1240080
15 8 627770
16 23 1870890
16 20 1383350
16 6 1752790
16 13 1402660
17 14 737260
17 13 2451820
17 19 265990
17 25 2191870
18 22 132830
18 25 4097390
18 19 213780
19 17 265990
19 18 213780
19 22 104290
20 16 1383350
20 25 3301250
20 23 2111430
21 24 1425370
21 23 1349940
21 7 2598190
22 18 132830
22 19 104290
23 21 1349940
23 24 1169990
23 16 1870890
23 20 2111430
24 21 1425370
24 23 1169990
25 20 3301250
25 18 4097390
25 17 2191870
