0 4 435390
0 2 106930
1 2 3376510
1 5 4514520
1 3 847470
2 1 3376510
2 0 106930
2 4 3135300
3 4 960180
3 1 847470
3 5 247840
4 0 435390
4 3 960180
4 2 3135300
4 11 4651900
5 1 4514520
5 3 247840
5 7 2125600
5 6 3097610
6 8 1111390
6 7 1219720
6 5 3097610
6 11 623770
6 16 2861740
7 6 1219720
7 21 3046180
7 5 2125600
8 6 1111390
8 10 206070
8 15 1240380
9 12 456670
9 10 288120
10 15 4361300
10 8 206070
10 11 4529730
10 9 288120
11 4 4651900
11 6 623770
11 10 4529730
12 9 456670
12 14 1604590
12 13 987700
12 15 1827520
13 12 987700
13 15 4062020
13 17 3513010
13 16 2128180
14 17 1733830
14 12 1604590
15 10 4361300
15 13 4062020
15 12 1827520
15 8 1240380
16 23 3708020
16 20 1540240
16 6 2861740
16 13 2128180
17 14 1733830
17 13 3513010
17 19 843190
17 25 3877840
18 22 395330
18 25 5878470
18 19 226730
19 17 843190
19 18 226730
19 22 524680
20 16 1540240
20 25 4515000
20 23 3135040
21 24 1959660
21 23 1079680
21 7 3046180
22 18 395330
22 19 524680
23 21 1079680
23 24 2643960
23 16 3708020
23 20 3135040
24 21 1959660
24 23 2643960
25 20 4515000
25 18 5878470
25 17 3877840
