0 4 431610
0 2 230900
1 2 2855770
1 5 4238630
1 3 470850
2 1 2855770
2 0 230900
2 4 2969790
3 4 824330
3 1 470850
3 5 416840
4 0 431610
4 3 824330
4 2 2969790
4 11 4427740
5 1 4238630
5 3 416840
5 7 1718510
5 6 3100210
6 8 1508500
6 7 1982080
6 5 3100210
6 11 430120
6 16 3070400
7 6 1982080
7 21 3411550
7 5 1718510
8 6 1508500
8 10 177200
8 15 1328810
9 12 344020
9 10 249270
10 15 4278740
10 8 177200
10 11 4371760
10 9 249270
11 4 4427740
11 6 430120
11 10 4371760
12 9 344020
12 14 1589320
12 13 902350
12 15 2280490
13 12 902350
13 15 3447970
13 17 3501560
13 16 1995990
14 17 1510830
14 12 1589320
15 10 4278740
15 13 3447970
15 12 2280490
15 8 1328810
16 23 3018850
16 20 2004870
16 6 3070400
16 13 1995990
17 14 1510830
17 13 3501560
17 19 680940
17 25 3491890
18 22 355890
18 25 6921780
18 19 242620
19 17 680940
19 18 242620
19 22 319160
20 16 2004870
20 25 4352370
20 23 2543410
21 24 2041190
21 23 1567260
21 7 3411550
22 18 355890
22 19 319160
23 21 1567260
23 24 2403540
23 16 3018850
23 20 2543410
24 21 2041190
24 23 2403540
25 20 4352370
25 18 6921780
25 17 3491890
