0 4 49300
0 2 81910
1 2 659690
1 5 930930
1 3 256330
2 1 659690
2 0 81910
2 4 722400
3 4 306310
3 1 256330
3 5 65060
4 0 49300
4 3 306310
4 2 722400
4 11 1131780
5 1 930930
5 3 65060
5 7 513870
5 6 440100
6 8 177620
6 7 205940
6 5 440100
6 11 97980
6 16 454440
7 6 205940
7 21 509310
7 5 513870
8 6 177620
8 10 49170
8 15 152060
9 12 119050
9 10 77780
10 15 1020150
10 8 49170
10 11 1100940
10 9 77780
11 4 1131780
11 6 97980
11 10 1100940
12 9 119050
12 14 291080
12 13 360240
12 15 473850
13 12 360240
13 15 742230
13 17 666110
13 16 556610
14 17 275740
14 12 291080
15 10 1020150
15 13 742230
15 12 473850
15 8 152060
16 23 724030
16 20 343060
16 6 454440
16 13 556610
17 14 275740
17 13 666110
17 19 112920
17 25 680620
18 22 106090
18 25 1379010
18 19 88640
19 17 112920
19 18 88640
19 22 49110
20 16 343060
20 25 1048720
20 23 886660
21 24 252360
21 23 320890
21 7 509310
22 18 106090
22 19 49110
23 21 320890
23 24 444640
23 16 724030
23 20 886660
24 21 252360
24 23 444640
25 20 1048720
25 18 1379010
25 17 680620
