0 4 586530
0 2 99180
1 2 2578910
1 5 3572840
1 3 643990
2 1 2578910
2 0 99180
2 4 2465170
3 4 805670
3 1 643990
3 5 138220
4 0 586530
4 3 805670
4 2 2465170
4 11 4218810
5 1 3572840
5 3 138220
5 7 1495240
5 6 2260660
6 8 659320
6 7 1223840
6 5 2260660
6 11 524930
6 16 2210330
7 6 1223840
7 21 2897580
7 5 1495240
8 6 659320
8 10 434620
8 15 451310
9 12 340490
9 10 414620
10 15 4052180
10 8 434620
10 11 3845240
10 9 414620
11 4 4218810
11 6 524930
11 10 3845240
12 9 340490
12 14 1397440
12 13 727510
12 15 1167580
13 12 727510
13 15 3501710
13 17 3243830
13 16 1911170
14 17 1266390
14 12 1397440
15 10 4052180
15 13 3501710
15 12 1167580
15 8 451310
16 23 2608850
16 20 1245510
16 6 2210330
16 13 1911170
17 14 1266390
17 13 3243830
17 19 475330
17 25 3473440
18 22 419870
18 25 5626940
18 19 304320
19 17 475330
19 18 304320
19 22 204320
20 16 1245510
20 25 4823800
20 23 4046100
21 24 1291140
21 23 1935330
21 7 2897580
22 18 419870
22 19 204320
23 21 1935330
23 24 1981860
23 16 2608850
23 20 4046100
24 21 1291140
24 23 1981860
25 20 4823800
25 18 5626940
25 17 3473440
