0 4 122640
0 2 54240
1 2 806260
1 5 909360
1 3 127680
2 1 806260
2 0 54240
2 4 1147520
3 4 200660
3 1 127680
3 5 58210
4 0 122640
4 3 200660
4 2 1147520
4 11 1606770
5 1 909360
5 3 58210
5 7 434810
5 6 612640
6 8 173250
6 7 321390
6 5 612640
6 11 174690
6 16 581880
7 6 321390
7 21 976010
7 5 434810
8 6 173250
8 10 27820
8 15 145770
9 12 83410
9 10 17040
10 15 1549340
10 8 27820
10 11 1508280
10 9 17040
11 4 1606770
11 6 174690
11 10 1508280
12 9 83410
12 14 224670
12 13 342970
12 15 531910
13 12 342970
13 15 1176500
13 17 1139160
13 16 611720
14 17 201710
14 12 224670
15 10 1549340
15 13 1176500
15 12 531910
15 8 145770
16 23 811870
16 20 373500
16 6 581880
16 13 611720
17 14 201710
17 13 1139160
17 19 187990
17 25 1005700
18 22 32730
18 25 1732050
18 19 116780
19 17 187990
19 18 116780
19 22 126080
20 16 373500
20 25 1000430
20 23 814170
21 24 474600
21 23 475400
21 7 976010
22 18 32730
22 19 126080
23 21 475400
23 24 644050
23 16 811870
23 20 814170
24 21 474600
24 23 644050
25 20 1000430
25 18 1732050
25 17 1005700
