0 4 192220
0 2 276650
1 2 2152720
1 5 3264150
1 3 506290
2 1 2152720
2 0 276650
2 4 2306960
3 4 409230
3 1 506290
3 5 145730
4 0 192220
4 3 409230
4 2 2306960
4 11 3090350
5 1 3264150
5 3 145730
5 7 1221700
5 6 2220150
6 8 411730
6 7 703270
6 5 2220150
6 11 352320
6 16 2186950
7 6 703270
7 21 2178810
7 5 1221700
8 6 411730
8 10 210790
8 15 545190
9 12 287320
9 10 33710
10 15 2916500
10 8 210790
10 11 3027650
10 9 33710
11 4 3090350
11 6 352320
11 10 3027650
12 9 287320
12 14 1077750
12 13 319230
12 15 570310
13 12 319230
13 15 2993090
13 17 2760230
13 16 902070
14 17 1144140
14 12 1077750
15 10 2916500
15 13 2993090
15 12 570310
15 8 545190
16 23 1381950
16 20 1508520
16 6 2186950
16 13 902070
17 14 1144140
17 13 2760230
17 19 521480
17 25 2845920
18 22 427320
18 25 4625760
18 19 237390
19 17 521480
19 18 237390
19 22 121730
20 16 1508520
20 25 3631930
20 23 2243070
21 24 992030
21 23 1303740
21 7 2178810
22 18 427320
22 19 121730
23 21 1303740
23 24 1115530
23 16 1381950
23 20 2243070
24 21 992030
24 23 1115530
25 20 3631930
25 18 4625760
25 17 2845920
