0 4 176660
0 2 46250
1 2 1135630
1 5 2807000
1 3 351380
2 1 1135630
2 0 46250
2 4 2404100
3 4 243290
3 1 351380
3 5 137490
4 0 176660
4 3 243290
4 2 2404100
4 11 2915510
5 1 2807000
5 3 137490
5 7 1191630
5 6 1857630
6 8 697280
6 7 856480
6 5 1857630
6 11 136100
6 16 1866300
7 6 856480
7 21 1980170
7 5 1191630
8 6 697280
8 10 168530
8 15 756570
9 12 161130
9 10 70620
10 15 2637190
10 8 168530
10 11 2763150
10 9 70620
11 4 2915510
11 6 136100
11 10 2763150
12 9 161130
12 14 370000
12 13 340250
12 15 1397270
13 12 340250
13 15 2016480
13 17 1949000
13 16 997290
14 17 619960
14 12 370000
15 10 2637190
15 13 2016480
15 12 1397270
15 8 756570
16 23 1545590
16 20 1390090
16 6 1866300
16 13 997290
17 14 619960
17 13 1949000
17 19 239860
17 25 1981330
18 22 160590
18 25 3509130
18 19 57940
19 17 239860
19 18 57940
19 22 126160
20 16 1390090
20 25 3183640
20 23 1823940
21 24 806800
21 23 1264820
21 7 1980170
22 18 160590
22 19 126160
23 21 1264820
23 24 1088150
23 16 1545590
23 20 1823940
24 21 806800
24 23 1088150
25 20 3183640
25 18 3509130
25 17 1981330
