0 4 411990
0 2 194790
1 2 3662890
1 5 5401460
1 3 516520
2 1 3662890
2 0 194790
2 4 3542830
3 4 849800
3 1 516520
3 5 374030
4 0 411990
4 3 849800
4 2 3542830
4 11 5073470
5 1 5401460
5 3 374030
5 7 2605590
5 6 3505600
6 8 421860
6 7 1140460
6 5 3505600
6 11 755770
6 16 3589070
7 6 1140460
7 21 2955530
7 5 2605590
8 6 421860
8 10 192330
8 15 461480
9 12 368970
9 10 166560
10 15 4809990
10 8 192330
10 11 4594990
10 9 166560
11 4 5073470
11 6 755770
11 10 4594990
12 9 368970
12 14 2072290
12 13 386270
12 15 1368910
13 12 386270
13 15 4011790
13 17 3860300
13 16 1559290
14 17 2072470
14 12 2072290
15 10 4809990
15 13 4011790
15 12 1368910
15 8 461480
16 23 2583650
16 20 2120760
16 6 3589070
16 13 1559290
17 14 2072470
17 13 3860300
17 19 624240
17 25 4718590
18 22 231490
18 25 6421560
18 19 178200
19 17 624240
19 18 178200
19 22 349060
20 16 2120760
20 25 4569190
20 23 2851380
21 24 1925470
21 23 1098770
21 7 2955530
22 18 231490
22 19 349060
23 21 1098770
23 24 2172630
23 16 2583650
23 20 2851380
24 21 1925470
24 23 2172630
25 20 4569190
25 18 6421560
25 17 4718590
