0 4 559300
0 2 66620
1 2 2440060
1 5 3836940
1 3 720390
2 1 2440060
2 0 66620
2 4 2574200
3 4 854940
3 1 720390
3 5 144800
4 0 559300
4 3 854940
4 2 2574200
4 11 4087400
5 1 3836940
5 3 144800
5 7 2306630
5 6 2090170
6 8 846850
6 7 941470
6 5 2090170
6 11 384220
6 16 1828310
7 6 941470
7 21 2183300
7 5 2306630
8 6 846850
8 10 311280
8 15 786030
9 12 764570
9 10 70660
10 15 4158130
10 8 311280
10 11 4135900
10 9 70660
11 4 4087400
11 6 384220
11 10 4135900
12 9 764570
12 14 1839750
12 13 1488120
12 15 1932410
13 12 1488120
13 15 3270920
13 17 2946030
13 16 2304360
14 17 1609290
14 12 1839750
15 10 4158130
15 13 3270920
15 12 1932410
15 8 786030
16 23 2610750
16 20 1346140
16 6 1828310
16 13 2304360
17 14 1609290
17 13 2946030
17 19 584720
17 25 3472750
18 22 277560
18 25 4548260
18 19 417260
19 17 584720
19 18 417260
19 22 241820
20 16 1346140
20 25 2945280
20 23 2025850
21 24 1200170
21 23 899220
21 7 2183300
22 18 277560
22 19 241820
23 21 899220
23 24 1606850
23 16 2610750
23 20 2025850
24 21 1200170
24 23 1606850
25 20 2945280
25 18 4548260
25 17 3472750
