0 4 643180
0 2 96970
1 2 3440700
1 5 4286440
1 3 621680
2 1 3440700
2 0 96970
2 4 3623830
3 4 670620
3 1 621680
3 5 185630
4 0 643180
4 3 670620
4 2 3623830
4 11 5220080
5 1 4286440
5 3 185630
5 7 2051930
5 6 2744090
6 8 689600
6 7 1246890
6 5 2744090
6 11 791100
6 16 2444180
7 6 1246890
7 21 2929800
7 5 2051930
8 6 689600
8 10 312480
8 15 480580
9 12 541900
9 10 311900
10 15 4382580
10 8 312480
10 11 4745610
10 9 311900
11 4 5220080
11 6 791100
11 10 4745610
12 9 541900
12 14 1102690
12 13 1069030
12 15 1273060
13 12 1069030
13 15 3668900
13 17 3387390
13 16 2122730
14 17 1184410
14 12 1102690
15 10 4382580
15 13 3668900
15 12 1273060
15 8 480580
16 23 2886420
16 20 1635950
16 6 2444180
16 13 2122730
17 14 1184410
17 13 3387390
17 19 823520
17 25 3115730
18 22 365530
18 25 6581290
18 19 303790
19 17 823520
19 18 303790
19 22 402710
20 16 1635950
20 25 4390750
20 23 2920230
21 24 1662280
21 23 1324130
21 7 2929800
22 18 365530
22 19 402710
23 21 1324130
23 24 2123800
23 16 2886420
23 20 2920230
24 21 1662280
24 23 2123800
25 20 4390750
25 18 6581290
25 17 3115730
