0 4 176970
0 2 109310
1 2 2373100
1 5 3020080
1 3 518660
2 1 2373100
2 0 109310
2 4 2088610
3 4 574850
3 1 518660
3 5 212080
4 0 176970
4 3 574850
4 2 2088610
4 11 3018050
5 1 3020080
5 3 212080
5 7 1456710
5 6 2011160
6 8 340040
6 7 553080
6 5 2011160
6 11 362640
6 16 1813950
7 6 553080
7 21 2070350
7 5 1456710
8 6 340040
8 10 109620
8 15 309520
9 12 185890
9 10 157530
10 15 2860840
10 8 109620
10 11 2886510
10 9 157530
11 4 3018050
11 6 362640
11 10 2886510
12 9 185890
12 14 768310
12 13 489330
12 15 688590
13 12 489330
13 15 2367410
13 17 2313180
13 16 1280490
14 17 884470
14 12 768310
15 10 2860840
15 13 2367410
15 12 688590
15 8 309520
16 23 2100350
16 20 923360
16 6 1813950
16 13 1280490
17 14 884470
17 13 2313180
17 19 391030
17 25 2321820
18 22 329630
18 25 3965610
18 19 234270
19 17 391030
19 18 234270
19 22 130200
20 16 923360
20 25 2230180
20 23 1361690
21 24 1118410
21 23 1017170
21 7 2070350
22 18 329630
22 19 130200
23 21 1017170
23 24 1474490
23 16 2100350
23 20 1361690
24 21 1118410
24 23 1474490
25 20 2230180
25 18 3965610
25 17 2321820
