0 4 425500
0 2 117650
1 2 3004200
1 5 4808260
1 3 1012200
2 1 3004200
2 0 117650
2 4 3375090
3 4 1252450
3 1 1012200
3 5 203410
4 0 425500
4 3 1252450
4 2 3375090
4 11 5270610
5 1 4808260
5 3 203410
5 7 1565670
5 6 3598770
6 8 1057170
6 7 1567770
6 5 3598770
6 11 588790
6 16 3508600
7 6 1567770
7 21 2670460
7 5 1565670
8 6 1057170
8 10 82280
8 15 1168240
9 12 298640
9 10 402680
10 15 4582410
10 8 82280
10 11 4995150
10 9 402680
11 4 5270610
11 6 588790
11 10 4995150
12 9 298640
12 14 1566460
12 13 697590
12 15 2279850
13 12 697590
13 15 3596560
13 17 3526680
13 16 1379090
14 17 1423210
14 12 1566460
15 10 4582410
15 13 3596560
15 12 2279850
15 8 1168240
16 23 3317690
16 20 1792410
16 6 3508600
16 13 1379090
17 14 1423210
17 13 3526680
17 19 485560
17 25 3927510
18 22 319560
18 25 6127060
18 19 146080
19 17 485560
19 18 146080
19 22 195780
20 16 1792410
20 25 5058850
20 23 3555160
21 24 1621840
21 23 1442930
21 7 2670460
22 18 319560
22 19 195780
23 21 1442930
23 24 1704210
23 16 3317690
23 20 3555160
24 21 1621840
24 23 1704210
25 20 5058850
25 18 6127060
25 17 3927510
