0 4 424800
0 2 190120
1 2 2599570
1 5 4117690
1 3 568520
2 1 2599570
2 0 190120
2 4 3236340
3 4 663670
3 1 568520
3 5 217140
4 0 424800
4 3 663670
4 2 3236340
4 11 4544020
5 1 4117690
5 3 217140
5 7 1938560
5 6 2511630
6 8 693190
6 7 1236110
6 5 2511630
6 11 510650
6 16 2554360
7 6 1236110
7 21 2847210
7 5 1938560
8 6 693190
8 10 294130
8 15 743810
9 12 252200
9 10 380080
10 15 4322330
10 8 294130
10 11 4547540
10 9 380080
11 4 4544020
11 6 510650
11 10 4547540
12 9 252200
12 14 1289120
12 13 972470
12 15 1216610
13 12 972470
13 15 4037920
13 17 3841170
13 16 1894370
14 17 1405950
14 12 1289120
15 10 4322330
15 13 4037920
15 12 1216610
15 8 743810
16 23 2806730
16 20 1470810
16 6 2554360
16 13 1894370
17 14 1405950
17 13 3841170
17 19 626540
17 25 4085490
18 22 413820
18 25 5690060
18 19 323690
19 17 626540
19 18 323690
19 22 151780
20 16 1470810
20 25 3949130
20 23 2719420
21 24 1545730
21 23 1487790
21 7 2847210
22 18 413820
22 19 151780
23 21 1487790
23 24 1865850
23 16 2806730
23 20 2719420
24 21 1545730
24 23 1865850
25 20 3949130
25 18 5690060
25 17 4085490
