0 4 696320
0 2 126680
1 2 1751960
1 5 3014160
1 3 538110
2 1 1751960
2 0 126680
2 4 2785130
3 4 926920
3 1 538110
3 5 316540
4 0 696320
4 3 926920
4 2 2785130
4 11 4389320
5 1 3014160
5 3 316540
5 7 1388010
5 6 2387770
6 8 695130
6 7 1044240
6 5 2387770
6 11 522760
6 16 2223100
7 6 1044240
7 21 2578060
7 5 1388010
8 6 695130
8 10 444170
8 15 707570
9 12 338860
9 10 244310
10 15 4166880
10 8 444170
10 11 4152020
10 9 244310
11 4 4389320
11 6 522760
11 10 4152020
12 9 338860
12 14 1796210
12 13 825640
12 15 1584480
13 12 825640
13 15 3456570
13 17 3666180
13 16 1651570
14 17 1810640
14 12 1796210
15 10 4166880
15 13 3456570
15 12 1584480
15 8 707570
16 23 2252200
16 20 1581360
16 6 2223100
16 13 1651570
17 14 1810640
17 13 3666180
17 19 429400
17 25 4192080
18 22 288540
18 25 6298180
18 19 240750
19 17 429400
19 18 240750
19 22 182410
20 16 1581360
20 25 4001950
20 23 2840840
21 24 1422780
21 23 1554990
21 7 2578060
22 18 288540
22 19 182410
23 21 1554990
23 24 1944060
23 16 2252200
23 20 2840840
24 21 1422780
24 23 1944060
25 20 4001950
25 18 6298180
25 17 4192080
