0 4 76450
0 2 38780
1 2 767110
1 5 1388830
1 3 130270
2 1 767110
2 0 38780
2 4 983680
3 4 180680
3 1 130270
3 5 7460
4 0 76450
4 3 180680
4 2 983680
4 11 1207120
5 1 1388830
5 3 7460
5 7 739410
5 6 842730
6 8 105870
6 7 196320
6 5 842730
6 11 157380
6 16 910340
7 6 196320
7 21 1198470
7 5 739410
8 6 105870
8 10 44690
8 15 97260
9 12 143250
9 10 52000
10 15 1103050
10 8 44690
10 11 1133040
10 9 52000
11 4 1207120
11 6 157380
11 10 1133040
12 9 143250
12 14 376830
12 13 198610
12 15 362610
13 12 198610
13 15 797000
13 17 789740
13 16 432000
14 17 417610
14 12 376830
15 10 1103050
15 13 797000
15 12 362610
15 8 97260
16 23 703190
16 20 663190
16 6 910340
16 13 432000
17 14 417610
17 13 789740
17 19 197090
17 25 917480
18 22 96080
18 25 1906710
18 19 76410
19 17 197090
19 18 76410
19 22 66140
20 16 663190
20 25 1683790
20 23 1117750
21 24 506620
21 23 778650
21 7 1198470
22 18 96080
22 19 66140
23 21 778650
23 24 481340
23 16 703190
23 20 1117750
24 21 506620
24 23 481340
25 20 1683790
25 18 1906710
25 17 917480
