0 4 252430
0 2 22660
1 2 1264010
1 5 1743680
1 3 371690
2 1 1264010
2 0 22660
2 4 1090710
3 4 394330
3 1 371690
3 5 43600
4 0 252430
4 3 394330
4 2 1090710
4 11 1805750
5 1 1743680
5 3 43600
5 7 705720
5 6 1139890
6 8 207760
6 7 307690
6 5 1139890
6 11 62370
6 16 1082140
7 6 307690
7 21 1020130
7 5 705720
8 6 207760
8 10 65270
8 15 265530
9 12 114200
9 10 208620
10 15 1714630
10 8 65270
10 11 1878910
10 9 208620
11 4 1805750
11 6 62370
11 10 1878910
12 9 114200
12 14 454330
12 13 97020
12 15 360430
13 12 97020
13 15 1727990
13 17 1718210
13 16 392000
14 17 561070
14 12 454330
15 10 1714630
15 13 1727990
15 12 360430
15 8 265530
16 23 651750
16 20 826180
16 6 1082140
16 13 392000
17 14 561070
17 13 1718210
17 19 277540
17 25 1828100
18 22 89650
18 25 2608530
18 19 184010
19 17 277540
19 18 184010
19 22 102010
20 16 826180
20 25 1610120
20 23 977860
21 24 433210
21 23 595120
21 7 1020130
22 18 89650
22 19 102010
23 21 595120
23 24 751060
23 16 651750
23 20 977860
24 21 433210
24 23 751060
25 20 1610120
25 18 2608530
25 17 1828100
