0 4 485270
0 2 236910
1 2 2346970
1 5 4070770
1 3 596560
2 1 2346970
2 0 236910
2 4 3870990
3 4 959680
3 1 596560
3 5 311230
4 0 485270
4 3 959680
4 2 3870990
4 11 5751150
5 1 4070770
5 3 311230
5 7 1692430
5 6 2960760
6 8 842410
6 7 1651960
6 5 2960760
6 11 684450
6 16 2880090
7 6 1651960
7 21 3732990
7 5 1692430
8 6 842410
8 10 320060
8 15 680640
9 12 473000
9 10 169540
10 15 5371070
10 8 320060
10 11 5526480
10 9 169540
11 4 5751150
11 6 684450
11 10 5526480
12 9 473000
12 14 1316770
12 13 657710
12 15 1619870
13 12 657710
13 15 4532450
13 17 4281230
13 16 1705020
14 17 1370120
14 12 1316770
15 10 5371070
15 13 4532450
15 12 1619870
15 8 680640
16 23 2651440
16 20 1803540
16 6 2880090
16 13 1705020
17 14 1370120
17 13 4281230
17 19 588960
17 25 4325420
18 22 291280
18 25 6961160
18 19 454710
19 17 588960
19 18 454710
19 22 303480
20 16 1803540
20 25 4510730
20 23 3021000
21 24 1993410
21 23 1953080
21 7 3732990
22 18 291280
22 19 303480
23 21 1953080
23 24 2087070
23 16 2651440
23 20 3021000
24 21 1993410
24 23 2087070
25 20 4510730
25 18 6961160
25 17 4325420
