0 4 402980
0 2 105630
1 2 2143910
1 5 3182710
1 3 188870
2 1 2143910
2 0 105630
2 4 2623220
3 4 473690
3 1 188870
3 5 138470
4 0 402980
4 3 473690
4 2 2623220
4 11 3704440
5 1 3182710
5 3 138470
5 7 1706360
5 6 1873330
6 8 795490
6 7 1300400
6 5 1873330
6 11 384460
6 16 1845700
7 6 1300400
7 21 3037570
7 5 1706360
8 6 795490
8 10 171180
8 15 795420
9 12 389250
9 10 230310
10 15 3330050
10 8 171180
10 11 3459990
10 9 230310
11 4 3704440
11 6 384460
11 10 3459990
12 9 389250
12 14 1731210
12 13 528890
12 15 1279450
13 12 528890
13 15 3030620
13 17 2566850
13 16 1420160
14 17 1695660
14 12 1731210
15 10 3330050
15 13 3030620
15 12 1279450
15 8 795420
16 23 2043180
16 20 1027000
16 6 1845700
16 13 1420160
17 14 1695660
17 13 2566850
17 19 324320
17 25 3482290
18 22 269310
18 25 5424280
18 19 258380
19 17 324320
19 18 258380
19 22 142110
20 16 1027000
20 25 3741120
20 23 3161990
21 24 1486770
21 23 1595800
21 7 3037570
22 18 269310
22 19 142110
23 21 1595800
23 24 1859030
23 16 2043180
23 20 3161990
24 21 1486770
24 23 1859030
25 20 3741120
25 18 5424280
25 17 3482290
