0 4 66730
0 2 22300
1 2 315560
1 5 529350
1 3 41200
2 1 315560
2 0 22300
2 4 538070
3 4 94590
3 1 41200
3 5 80920
4 0 66730
4 3 94590
4 2 538070
4 11 740330
5 1 529350
5 3 80920
5 7 230060
5 6 570490
6 8 164170
6 7 118120
6 5 570490
6 11 56060
6 16 460500
7 6 118120
7 21 557100
7 5 230060
8 6 164170
8 10 38500
8 15 112720
9 12 84570
9 10 24360
10 15 691490
10 8 38500
10 11 692040
10 9 24360
11 4 740330
11 6 56060
11 10 692040
12 9 84570
12 14 266980
12 13 66890
12 15 120560
13 12 66890
13 15 750980
13 17 704990
13 16 214290
14 17 255760
14 12 266980
15 10 691490
15 13 750980
15 12 120560
15 8 112720
16 23 430030
16 20 227150
16 6 460500
16 13 214290
17 14 255760
17 13 704990
17 19 121400
17 25 807350
18 22 65750
18 25 1062130
18 19 58610
19 17 121400
19 18 58610
19 22 77600
20 16 227150
20 25 681120
20 23 517640
21 24 265720
21 23 295480
21 7 557100
22 18 65750
22 19 77600
23 21 295480
23 24 325390
23 16 430030
23 20 517640
24 21 265720
24 23 325390
25 20 681120
25 18 1062130
25 17 807350
