0 4 434220
0 2 42810
1 2 3115150
1 5 3886370
1 3 1033740
2 1 3115150
2 0 42810
2 4 3371020
3 4 1066570
3 1 1033740
3 5 309710
4 0 434220
4 3 1066570
4 2 3371020
4 11 5021720
5 1 3886370
5 3 309710
5 7 2158510
5 6 2630630
6 8 1092570
6 7 1307210
6 5 2630630
6 11 615590
6 16 2298720
7 6 1307210
7 21 3184280
7 5 2158510
8 6 1092570
8 10 172420
8 15 1215820
9 12 308270
9 10 209530
10 15 4727270
10 8 172420
10 11 4752300
10 9 209530
11 4 5021720
11 6 615590
11 10 4752300
12 9 308270
12 14 1418170
12 13 889530
12 15 1980500
13 12 889530
13 15 4061780
13 17 3554000
13 16 1781410
14 17 1529640
14 12 1418170
15 10 4727270
15 13 4061780
15 12 1980500
15 8 1215820
16 23 3133510
16 20 1174410
16 6 2298720
16 13 1781410
17 14 1529640
17 13 3554000
17 19 728960
17 25 3962310
18 22 305030
18 25 5078690
18 19 174110
19 17 728960
19 18 174110
19 22 358480
20 16 1174410
20 25 3348970
20 23 2401450
21 24 1988840
21 23 1214430
21 7 3184280
22 18 305030
22 19 358480
23 21 1214430
23 24 1974410
23 16 3133510
23 20 2401450
24 21 1988840
24 23 1974410
25 20 3348970
25 18 5078690
25 17 3962310
