0 4 802130
0 2 87490
1 2 2724030
1 5 4395560
1 3 1003390
2 1 2724030
2 0 87490
2 4 2931900
3 4 1058200
3 1 1003390
3 5 485180
4 0 802130
4 3 1058200
4 2 2931900
4 11 4905680
5 1 4395560
5 3 485180
5 7 2259900
5 6 2804750
6 8 1320370
6 7 1762400
6 5 2804750
6 11 626370
6 16 2656600
7 6 1762400
7 21 3780240
7 5 2259900
8 6 1320370
8 10 202640
8 15 1391280
9 12 214880
9 10 293340
10 15 4269380
10 8 202640
10 11 4574030
10 9 293340
11 4 4905680
11 6 626370
11 10 4574030
12 9 214880
12 14 1353000
12 13 711780
12 15 2440950
13 12 711780
13 15 3305680
13 17 3182600
13 16 1662620
14 17 1351940
14 12 1353000
15 10 4269380
15 13 3305680
15 12 2440950
15 8 1391280
16 23 2671480
16 20 1517180
16 6 2656600
16 13 1662620
17 14 1351940
17 13 3182600
17 19 559360
17 25 3570430
18 22 358190
18 25 5686880
18 19 206880
19 17 559360
19 18 206880
19 22 345280
20 16 1517180
20 25 4635480
20 23 3223920
21 24 1800440
21 23 2122380
21 7 3780240
22 18 358190
22 19 345280
23 21 2122380
23 24 1830990
23 16 2671480
23 20 3223920
24 21 1800440
24 23 1830990
25 20 4635480
25 18 5686880
25 17 3570430
