0 4 86400
0 2 43590
1 2 823490
1 5 1405620
1 3 142480
2 1 823490
2 0 43590
2 4 829460
3 4 162320
3 1 142480
3 5 91600
4 0 86400
4 3 162320
4 2 829460
4 11 1167170
5 1 1405620
5 3 91600
5 7 494560
5 6 1036860
6 8 208170
6 7 296930
6 5 1036860
6 11 170750
6 16 968360
7 6 296930
7 21 896030
7 5 494560
8 6 208170
8 10 56460
8 15 151090
9 12 62580
9 10 25440
10 15 1005850
10 8 56460
10 11 1041450
10 9 25440
11 4 1167170
11 6 170750
11 10 1041450
12 9 62580
12 14 510650
12 13 193540
12 15 376800
13 12 193540
13 15 725730
13 17 631760
13 16 345660
14 17 565670
14 12 510650
15 10 1005850
15 13 725730
15 12 376800
15 8 151090
16 23 605060
16 20 711970
16 6 968360
16 13 345660
17 14 565670
17 13 631760
17 19 151350
17 25 1020340
18 22 47850
18 25 1781470
18 19 19160
19 17 151350
19 18 19160
19 22 89830
20 16 711970
20 25 1559300
20 23 886870
21 24 514660
21 23 358030
21 7 896030
22 18 47850
22 19 89830
23 21 358030
23 24 340100
23 16 605060
23 20 886870
24 21 514660
24 23 340100
25 20 1559300
25 18 1781470
25 17 1020340
