0 4 281340
0 2 61080
1 2 1870330
1 5 2394550
1 3 842890
2 1 1870330
2 0 61080
2 4 2174340
3 4 871450
3 1 842890
3 5 200560
4 0 281340
4 3 871450
4 2 2174340
4 11 3598830
5 1 2394550
5 3 200560
5 7 1392300
5 6 1284730
6 8 804770
6 7 1012410
6 5 1284730
6 11 378450
6 16 1231130
7 6 1012410
7 21 2064740
7 5 1392300
8 6 804770
8 10 79530
8 15 713890
9 12 275370
9 10 87080
10 15 3429320
10 8 79530
10 11 3485250
10 9 87080
11 4 3598830
11 6 378450
11 10 3485250
12 9 275370
12 14 667090
12 13 391840
12 15 1720580
13 12 391840
13 15 2592580
13 17 2439130
13 16 750180
14 17 665880
14 12 667090
15 10 3429320
15 13 2592580
15 12 1720580
15 8 713890
16 23 1242870
16 20 634010
16 6 1231130
16 13 750180
17 14 665880
17 13 2439130
17 19 349510
17 25 2430710
18 22 214440
18 25 3279330
18 19 262830
19 17 349510
19 18 262830
19 22 214750
20 16 634010
20 25 2545520
20 23 2098150
21 24 1033950
21 23 1019790
21 7 2064740
22 18 214440
22 19 214750
23 21 1019790
23 24 919020
23 16 1242870
23 20 2098150
24 21 1033950
24 23 919020
25 20 2545520
25 18 3279330
25 17 2430710
