0 4 172970
0 2 39200
1 2 1144970
1 5 1890190
1 3 162250
2 1 1144970
2 0 39200
2 4 1108170
3 4 217330
3 1 162250
3 5 158380
4 0 172970
4 3 217330
4 2 1108170
4 11 1705510
5 1 1890190
5 3 158380
5 7 1237090
5 6 816120
6 8 625060
6 7 941700
6 5 816120
6 11 232870
6 16 842420
7 6 941700
7 21 1583760
7 5 1237090
8 6 625060
8 10 122750
8 15 546810
9 12 301540
9 10 102000
10 15 1679450
10 8 122750
10 11 1692350
10 9 102000
11 4 1705510
11 6 232870
11 10 1692350
12 9 301540
12 14 730100
12 13 547170
12 15 707570
13 12 547170
13 15 1471990
13 17 1570320
13 16 1122580
14 17 696050
14 12 730100
15 10 1679450
15 13 1471990
15 12 707570
15 8 546810
16 23 1271610
16 20 626230
16 6 842420
16 13 1122580
17 14 696050
17 13 1570320
17 19 191200
17 25 1558900
18 22 191150
18 25 2850170
18 19 31730
19 17 191200
19 18 31730
19 22 51950
20 16 626230
20 25 2224510
20 23 1682640
21 24 943430
21 23 612360
21 7 1583760
22 18 191150
22 19 51950
23 21 612360
23 24 1169790
23 16 1271610
23 20 1682640
24 21 943430
24 23 1169790
25 20 2224510
25 18 2850170
25 17 1558900
