0 4 495720
0 2 50550
1 2 2576760
1 5 3284320
1 3 521050
2 1 2576760
2 0 50550
2 4 2373450
3 4 650300
3 1 521050
3 5 200750
4 0 495720
4 3 650300
4 2 2373450
4 11 3613070
5 1 3284320
5 3 200750
5 7 2150640
5 6 1679520
6 8 615420
6 7 766070
6 5 1679520
6 11 345060
6 16 1576560
7 6 766070
7 21 2357930
7 5 2150640
8 6 615420
8 10 171530
8 15 706030
9 12 360840
9 10 144100
10 15 3233060
10 8 171530
10 11 3297980
10 9 144100
11 4 3613070
11 6 345060
11 10 3297980
12 9 360840
12 14 715970
12 13 635830
12 15 1366310
13 12 635830
13 15 2690030
13 17 2368010
13 16 1323230
14 17 727360
14 12 715970
15 10 3233060
15 13 2690030
15 12 1366310
15 8 706030
16 23 1992310
16 20 879480
16 6 1576560
16 13 1323230
17 14 727360
17 13 2368010
17 19 458460
17 25 2162040
18 22 312410
18 25 3279980
18 19 165560
19 17 458460
19 18 165560
19 22 311890
20 16 879480
20 25 2333320
20 23 1821790
21 24 1324440
21 23 1061210
21 7 2357930
22 18 312410
22 19 311890
23 21 1061210
23 24 1956200
23 16 1992310
23 20 1821790
24 21 1324440
24 23 1956200
25 20 2333320
25 18 3279980
25 17 2162040
