0 4 289350
0 2 78420
1 2 1915100
1 5 2181970
1 3 307700
2 1 1915100
2 0 78420
2 4 1061390
3 4 501190
3 1 307700
3 5 256680
4 0 289350
4 3 501190
4 2 1061390
4 11 2241610
5 1 2181970
5 3 256680
5 7 900770
5 6 1670650
6 8 392580
6 7 614620
6 5 1670650
6 11 308130
6 16 1678080
7 6 614620
7 21 1654260
7 5 900770
8 6 392580
8 10 185690
8 15 373480
9 12 186880
9 10 48270
10 15 2007000
10 8 185690
10 11 2027460
10 9 48270
11 4 2241610
11 6 308130
11 10 2027460
12 9 186880
12 14 769160
12 13 428480
12 15 857070
13 12 428480
13 15 1532040
13 17 1468800
13 16 665300
14 17 652510
14 12 769160
15 10 2007000
15 13 1532040
15 12 857070
15 8 373480
16 23 1446230
16 20 911720
16 6 1678080
16 13 665300
17 14 652510
17 13 1468800
17 19 423200
17 25 1484250
18 22 86230
18 25 3695040
18 19 220720
19 17 423200
19 18 220720
19 22 270040
20 16 911720
20 25 2402120
20 23 1669200
21 24 1064810
21 23 760200
21 7 1654260
22 18 86230
22 19 270040
23 21 760200
23 24 1002060
23 16 1446230
23 20 1669200
24 21 1064810
24 23 1002060
25 20 2402120
25 18 3695040
25 17 1484250
