0 4 137890
0 2 29530
1 2 880080
1 5 1061360
1 3 143360
2 1 880080
2 0 29530
2 4 684310
3 4 140820
3 1 143360
3 5 44840
4 0 137890
4 3 140820
4 2 684310
4 11 992320
5 1 1061360
5 3 44840
5 7 573970
5 6 524080
6 8 131660
6 7 295790
6 5 524080
6 11 209100
6 16 529030
7 6 295790
7 21 695900
7 5 573970
8 6 131660
8 10 27970
8 15 200440
9 12 45400
9 10 19590
10 15 833940
10 8 27970
10 11 884490
10 9 19590
11 4 992320
11 6 209100
11 10 884490
12 9 45400
12 14 273950
12 13 148590
12 15 285420
13 12 148590
13 15 801480
13 17 681210
13 16 347990
14 17 313450
14 12 273950
15 10 833940
15 13 801480
15 12 285420
15 8 200440
16 23 548420
16 20 332970
16 6 529030
16 13 347990
17 14 313450
17 13 681210
17 19 123200
17 25 754150
18 22 59630
18 25 1257120
18 19 99630
19 17 123200
19 18 99630
19 22 71130
20 16 332970
20 25 802810
20 23 453460
21 24 340290
21 23 324990
21 7 695900
22 18 59630
22 19 71130
23 21 324990
23 24 336020
23 16 548420
23 20 453460
24 21 340290
24 23 336020
25 20 802810
25 18 1257120
25 17 754150
