0 4 59500
0 2 1830
1 2 484590
1 5 655170
1 3 370270
2 1 484590
2 0 1830
2 4 552960
3 4 425850
3 1 370270
3 5 53630
4 0 59500
4 3 425850
4 2 552960
4 11 1096130
5 1 655170
5 3 53630
5 7 254920
5 6 460560
6 8 268120
6 7 351430
6 5 460560
6 11 107210
6 16 472820
7 6 351430
7 21 476180
7 5 254920
8 6 268120
8 10 117410
8 15 269620
9 12 83660
9 10 59450
10 15 948280
10 8 117410
10 11 1067420
10 9 59450
11 4 1096130
11 6 107210
11 10 1067420
12 9 83660
12 14 407360
12 13 106840
12 15 622610
13 12 106840
13 15 645960
13 17 554050
13 16 259860
14 17 405690
14 12 407360
15 10 948280
15 13 645960
15 12 622610
15 8 269620
16 23 425160
16 20 267880
16 6 472820
16 13 259860
17 14 405690
17 13 554050
17 19 42780
17 25 813150
18 22 7270
18 25 1200980
18 19 77180
19 17 42780
19 18 77180
19 22 20590
20 16 267880
20 25 570290
20 23 370370
21 24 259670
21 23 170990
21 7 476180
22 18 7270
22 19 20590
23 21 170990
23 24 376860
23 16 425160
23 20 370370
24 21 259670
24 23 376860
25 20 570290
25 18 1200980
25 17 813150
