0 4 44020
0 2 69450
1 2 375520
1 5 464940
1 3 143800
2 1 375520
2 0 69450
2 4 892870
3 4 219100
3 1 143800
3 5 23960
4 0 44020
4 3 219100
4 2 892870
4 11 1244220
5 1 464940
5 3 23960
5 7 159300
5 6 386410
6 8 183920
6 7 127010
6 5 386410
6 11 39360
6 16 383130
7 6 127010
7 21 377860
7 5 159300
8 6 183920
8 10 51800
8 15 255580
9 12 73320
9 10 67760
10 15 1278300
10 8 51800
10 11 1309720
10 9 67760
11 4 1244220
11 6 39360
11 10 1309720
12 9 73320
12 14 465470
12 13 176610
12 15 508130
13 12 176610
13 15 1105020
13 17 1024980
13 16 369780
14 17 494490
14 12 465470
15 10 1278300
15 13 1105020
15 12 508130
15 8 255580
16 23 421090
16 20 297090
16 6 383130
16 13 369780
17 14 494490
17 13 1024980
17 19 285470
17 25 1203040
18 22 23610
18 25 1556970
18 19 91330
19 17 285470
19 18 91330
19 22 76620
20 16 297090
20 25 784920
20 23 587580
21 24 205190
21 23 206420
21 7 377860
22 18 23610
22 19 76620
23 21 206420
23 24 533700
23 16 421090
23 20 587580
24 21 205190
24 23 533700
25 20 784920
25 18 1556970
25 17 1203040
