0 4 281310
0 2 66970
1 2 1685770
1 5 2532070
1 3 693990
2 1 1685770
2 0 66970
2 4 1731810
3 4 794570
3 1 693990
3 5 104160
4 0 281310
4 3 794570
4 2 1731810
4 11 2896320
5 1 2532070
5 3 104160
5 7 1227060
5 6 1508270
6 8 371490
6 7 672220
6 5 1508270
6 11 280510
6 16 1396930
7 6 672220
7 21 1777020
7 5 1227060
8 6 371490
8 10 80920
8 15 432190
9 12 144710
9 10 172620
10 15 2681560
10 8 80920
10 11 2885110
10 9 172620
11 4 2896320
11 6 280510
11 10 2885110
12 9 144710
12 14 375160
12 13 302700
12 15 963800
13 12 302700
13 15 2246250
13 17 2020100
13 16 962740
14 17 544980
14 12 375160
15 10 2681560
15 13 2246250
15 12 963800
15 8 432190
16 23 1352140
16 20 895850
16 6 1396930
16 13 962740
17 14 544980
17 13 2020100
17 19 344100
17 25 1767140
18 22 248770
18 25 3639270
18 19 147170
19 17 344100
19 18 147170
19 22 118860
20 16 895850
20 25 2483640
20 23 1778940
21 24 914870
21 23 957340
21 7 1777020
22 18 248770
22 19 118860
23 21 957340
23 24 1252320
23 16 1352140
23 20 1778940
24 21 914870
24 23 1252320
25 20 2483640
25 18 3639270
25 17 1767140
