0 4 368100
0 2 46470
1 2 1838860
1 5 2981240
1 3 607080
2 1 1838860
2 0 46470
2 4 2579680
3 4 640450
3 1 607080
3 5 91320
4 0 368100
4 3 640450
4 2 2579680
4 11 3864660
5 1 2981240
5 3 91320
5 7 1188270
5 6 2277350
6 8 635510
6 7 762510
6 5 2277350
6 11 352910
6 16 2147820
7 6 762510
7 21 3037610
7 5 1188270
8 6 635510
8 10 445650
8 15 516430
9 12 490020
9 10 312930
10 15 3608920
10 8 445650
10 11 3488530
10 9 312930
11 4 3864660
11 6 352910
11 10 3488530
12 9 490020
12 14 1133060
12 13 472180
12 15 1457020
13 12 472180
13 15 2792120
13 17 2568760
13 16 1496350
14 17 1147280
14 12 1133060
15 10 3608920
15 13 2792120
15 12 1457020
15 8 516430
16 23 2059720
16 20 1435690
16 6 2147820
16 13 1496350
17 14 1147280
17 13 2568760
17 19 504850
17 25 2972690
18 22 188290
18 25 5268760
18 19 194230
19 17 504850
19 18 194230
19 22 263610
20 16 1435690
20 25 4566560
20 23 3225120
21 24 1056680
21 23 2249760
21 7 3037610
22 18 188290
22 19 263610
23 21 2249760
23 24 1397820
23 16 2059720
23 20 3225120
24 21 1056680
24 23 1397820
25 20 4566560
25 18 5268760
25 17 2972690
