0 4 456620
0 2 62470
1 2 2708350
1 5 4316510
1 3 1021540
2 1 2708350
2 0 62470
2 4 3707280
3 4 1277290
3 1 1021540
3 5 230230
4 0 456620
4 3 1277290
4 2 3707280
4 11 5672800
5 1 4316510
5 3 230230
5 7 1422990
5 6 3262600
6 8 1116330
6 7 1673250
6 5 3262600
6 11 633610
6 16 3184420
7 6 1673250
7 21 2866520
7 5 1422990
8 6 1116330
8 10 102740
8 15 1188000
9 12 265460
9 10 466880
10 15 5031390
10 8 102740
10 11 5545970
10 9 466880
11 4 5672800
11 6 633610
11 10 5545970
12 9 265460
12 14 1710310
12 13 645250
12 15 2559160
13 12 645250
13 15 3765960
13 17 3656600
13 16 1400840
14 17 1521590
14 12 1710310
15 10 5031390
15 13 3765960
15 12 2559160
15 8 1188000
16 23 2886770
16 20 1790140
16 6 3184420
16 13 1400840
17 14 1521590
17 13 3656600
17 19 461180
17 25 4212840
18 22 313200
18 25 6577080
18 19 139030
19 17 461180
19 18 139030
19 22 232470
20 16 1790140
20 25 5366000
20 23 3901230
21 24 1680040
21 23 1563570
21 7 2866520
22 18 313200
22 19 232470
23 21 1563570
23 24 1803140
23 16 2886770
23 20 3901230
24 21 1680040
24 23 1803140
25 20 5366000
25 18 6577080
25 17 4212840
