0 4 336470
0 2 24800
1 2 1941650
1 5 2536680
1 3 592510
2 1 1941650
2 0 24800
2 4 2989810
3 4 626920
3 1 592510
3 5 159300
4 0 336470
4 3 626920
4 2 2989810
4 11 4105590
5 1 2536680
5 3 159300
5 7 817490
5 6 2128140
6 8 814460
6 7 1141050
6 5 2128140
6 11 391200
6 16 2140310
7 6 1141050
7 21 2442410
7 5 817490
8 6 814460
8 10 227770
8 15 731200
9 12 324120
9 10 196500
10 15 3601850
10 8 227770
10 11 3788980
10 9 196500
11 4 4105590
11 6 391200
11 10 3788980
12 9 324120
12 14 1093650
12 13 704630
12 15 1533320
13 12 704630
13 15 3122850
13 17 3228260
13 16 1660650
14 17 1138550
14 12 1093650
15 10 3601850
15 13 3122850
15 12 1533320
15 8 731200
16 23 2340330
16 20 1474240
16 6 2140310
16 13 1660650
17 14 1138550
17 13 3228260
17 19 488350
17 25 3114240
18 22 261960
18 25 5737920
18 19 414740
19 17 488350
19 18 414740
19 22 194210
20 16 1474240
20 25 4049510
20 23 2729430
21 24 1090690
21 23 1382140
21 7 2442410
22 18 261960
22 19 194210
23 21 1382140
23 24 1547830
23 16 2340330
23 20 2729430
24 21 1090690
24 23 1547830
25 20 4049510
25 18 5737920
25 17 3114240
