0 4 843530
0 2 43690
1 2 3696100
1 5 4648150
1 3 730720
2 1 3696100
2 0 43690
2 4 3034920
3 4 917690
3 1 730720
3 5 297390
4 0 843530
4 3 917690
4 2 3034920
4 11 4733860
5 1 4648150
5 3 297390
5 7 2224480
5 6 2853700
6 8 643450
6 7 1034890
6 5 2853700
6 11 507590
6 16 2581220
7 6 1034890
7 21 3015710
7 5 2224480
8 6 643450
8 10 283290
8 15 509760
9 12 574740
9 10 75670
10 15 4648310
10 8 283290
10 11 4544830
10 9 75670
11 4 4733860
11 6 507590
11 10 4544830
12 9 574740
12 14 1341130
12 13 1150760
12 15 1708530
13 12 1150760
13 15 3731540
13 17 3644940
13 16 2268670
14 17 1642640
14 12 1341130
15 10 4648310
15 13 3731540
15 12 1708530
15 8 509760
16 23 3579100
16 20 1073740
16 6 2581220
16 13 2268670
17 14 1642640
17 13 3644940
17 19 953750
17 25 3582600
18 22 154950
18 25 5821100
18 19 651890
19 17 953750
19 18 651890
19 22 442960
20 16 1073740
20 25 3646260
20 23 2905940
21 24 1661710
21 23 1464240
21 7 3015710
22 18 154950
22 19 442960
23 21 1464240
23 24 2117090
23 16 3579100
23 20 2905940
24 21 1661710
24 23 2117090
25 20 3646260
25 18 5821100
25 17 3582600
