0 4 163610
0 2 77370
1 2 910050
1 5 1298300
1 3 201700
2 1 910050
2 0 77370
2 4 1014320
3 4 241810
3 1 201700
3 5 37440
4 0 163610
4 3 241810
4 2 1014320
4 11 1478980
5 1 1298300
5 3 37440
5 7 629590
5 6 839620
6 8 189000
6 7 231860
6 5 839620
6 11 136380
6 16 771990
7 6 231860
7 21 726860
7 5 629590
8 6 189000
8 10 83970
8 15 236210
9 12 153360
9 10 57570
10 15 1483880
10 8 83970
10 11 1519490
10 9 57570
11 4 1478980
11 6 136380
11 10 1519490
12 9 153360
12 14 162740
12 13 357800
12 15 507530
13 12 357800
13 15 1274950
13 17 1190070
13 16 509150
14 17 212490
14 12 162740
15 10 1483880
15 13 1274950
15 12 507530
15 8 236210
16 23 770900
16 20 549520
16 6 771990
16 13 509150
17 14 212490
17 13 1190070
17 19 337100
17 25 918810
18 22 58630
18 25 1665250
18 19 53380
19 17 337100
19 18 53380
19 22 253480
20 16 549520
20 25 1325860
20 23 845650
21 24 361550
21 23 377870
21 7 726860
22 18 58630
22 19 253480
23 21 377870
23 24 476170
23 16 770900
23 20 845650
24 21 361550
24 23 476170
25 20 1325860
25 18 1665250
25 17 918810
