0 4 174670
0 2 35720
1 2 913500
1 5 1327030
1 3 284620
2 1 913500
2 0 35720
2 4 1197220
3 4 347900
3 1 284620
3 5 88860
4 0 174670
4 3 347900
4 2 1197220
4 11 1747260
5 1 1327030
5 3 88860
5 7 599660
5 6 858670
6 8 370350
6 7 533660
6 5 858670
6 11 250800
6 16 843210
7 6 533660
7 21 892320
7 5 599660
8 6 370350
8 10 58990
8 15 367190
9 12 161720
9 10 47480
10 15 1604340
10 8 58990
10 11 1644840
10 9 47480
11 4 1747260
11 6 250800
11 10 1644840
12 9 161720
12 14 465230
12 13 356100
12 15 746820
13 12 356100
13 15 1279080
13 17 1302860
13 16 671740
14 17 517100
14 12 465230
15 10 1604340
15 13 1279080
15 12 746820
15 8 367190
16 23 957680
16 20 572360
16 6 843210
16 13 671740
17 14 517100
17 13 1302860
17 19 196040
17 25 1313290
18 22 78110
18 25 2340500
18 19 61770
19 17 196040
19 18 61770
19 22 78330
20 16 572360
20 25 1407850
20 23 877970
21 24 499190
21 23 541610
21 7 892320
22 18 78110
22 19 78330
23 21 541610
23 24 720380
23 16 957680
23 20 877970
24 21 499190
24 23 720380
25 20 1407850
25 18 2340500
25 17 1313290
