0 4 122740
0 2 66820
1 2 722800
1 5 859400
1 3 142320
2 1 722800
2 0 66820
2 4 1224160
3 4 183590
3 1 142320
3 5 20640
4 0 122740
4 3 183590
4 2 1224160
4 11 1532390
5 1 859400
5 3 20640
5 7 353650
5 6 684050
6 8 423020
6 7 389550
6 5 684050
6 11 65270
6 16 626430
7 6 389550
7 21 744660
7 5 353650
8 6 423020
8 10 160010
8 15 401090
9 12 101370
9 10 139430
10 15 1429780
10 8 160010
10 11 1508500
10 9 139430
11 4 1532390
11 6 65270
11 10 1508500
12 9 101370
12 14 367840
12 13 135800
12 15 655300
13 12 135800
13 15 1265350
13 17 1251530
13 16 401480
14 17 430500
14 12 367840
15 10 1429780
15 13 1265350
15 12 655300
15 8 401090
16 23 695940
16 20 294720
16 6 626430
16 13 401480
17 14 430500
17 13 1251530
17 19 165270
17 25 1230080
18 22 29250
18 25 1843150
18 19 94570
19 17 165270
19 18 94570
19 22 79280
20 16 294720
20 25 968710
20 23 734550
21 24 252720
21 23 444490
21 7 744660
22 18 29250
22 19 79280
23 21 444490
23 24 487870
23 16 695940
23 20 734550
24 21 252720
24 23 487870
25 20 968710
25 18 1843150
25 17 1230080
