0 4 192960
0 2 27560
1 2 1309070
1 5 1707470
1 3 311270
2 1 1309070
2 0 27560
2 4 1476110
3 4 353180
3 1 311270
3 5 79220
4 0 192960
4 3 353180
4 2 1476110
4 11 2150680
5 1 1707470
5 3 79220
5 7 433360
5 6 1387870
6 8 412570
6 7 665120
6 5 1387870
6 11 338500
6 16 1411120
7 6 665120
7 21 1334330
7 5 433360
8 6 412570
8 10 61930
8 15 434160
9 12 303360
9 10 55600
10 15 2173650
10 8 61930
10 11 2146630
10 9 55600
11 4 2150680
11 6 338500
11 10 2146630
12 9 303360
12 14 622200
12 13 306700
12 15 850640
13 12 306700
13 15 1871970
13 17 1844260
13 16 778170
14 17 585070
14 12 622200
15 10 2173650
15 13 1871970
15 12 850640
15 8 434160
16 23 1656730
16 20 573600
16 6 1411120
16 13 778170
17 14 585070
17 13 1844260
17 19 414910
17 25 1568840
18 22 119470
18 25 2208530
18 19 161500
19 17 414910
19 18 161500
19 22 271760
20 16 573600
20 25 1290650
20 23 944040
21 24 734750
21 23 632330
21 7 1334330
22 18 119470
22 19 271760
23 21 632330
23 24 979250
23 16 1656730
23 20 944040
24 21 734750
24 23 979250
25 20 1290650
25 18 2208530
25 17 1568840
