0 4 170310
0 2 89370
1 2 1100720
1 5 1698650
1 3 283100
2 1 1100720
2 0 89370
2 4 1172080
3 4 340830
3 1 283100
3 5 130010
4 0 170310
4 3 340830
4 2 1172080
4 11 1825560
5 1 1698650
5 3 130010
5 7 896150
5 6 1018450
6 8 299160
6 7 430470
6 5 1018450
6 11 266250
6 16 958200
7 6 430470
7 21 1471340
7 5 896150
8 6 299160
8 10 47040
8 15 226530
9 12 200550
9 10 83560
10 15 1723100
10 8 47040
10 11 1779210
10 9 83560
11 4 1825560
11 6 266250
11 10 1779210
12 9 200550
12 14 804660
12 13 385780
12 15 381190
13 12 385780
13 15 1608840
13 17 1555440
13 16 785680
14 17 872540
14 12 804660
15 10 1723100
15 13 1608840
15 12 381190
15 8 226530
16 23 1142890
16 20 615170
16 6 958200
16 13 785680
17 14 872540
17 13 1555440
17 19 288300
17 25 1981220
18 22 143520
18 25 2468180
18 19 85480
19 17 288300
19 18 85480
19 22 133440
20 16 615170
20 25 1471870
20 23 943580
21 24 948060
21 23 552060
21 7 1471340
22 18 143520
22 19 133440
23 21 552060
23 24 852880
23 16 1142890
23 20 943580
24 21 948060
24 23 852880
25 20 1471870
25 18 2468180
25 17 1981220
