0 4 117340
0 2 22510
1 2 1059800
1 5 1566000
1 3 167010
2 1 1059800
2 0 22510
2 4 993700
3 4 170840
3 1 167010
3 5 79120
4 0 117340
4 3 170840
4 2 993700
4 11 1328490
5 1 1566000
5 3 79120
5 7 606640
5 6 1084870
6 8 153070
6 7 117530
6 5 1084870
6 11 51100
6 16 1040700
7 6 117530
7 21 846890
7 5 606640
8 6 153070
8 10 100720
8 15 125180
9 12 101040
9 10 19320
10 15 1365550
10 8 100720
10 11 1288910
10 9 19320
11 4 1328490
11 6 51100
11 10 1288910
12 9 101040
12 14 398040
12 13 374480
12 15 487210
13 12 374480
13 15 1057390
13 17 912590
13 16 642110
14 17 285170
14 12 398040
15 10 1365550
15 13 1057390
15 12 487210
15 8 125180
16 23 1045090
16 20 581680
16 6 1040700
16 13 642110
17 14 285170
17 13 912590
17 19 229720
17 25 809070
18 22 72880
18 25 1658950
18 19 41030
19 17 229720
19 18 41030
19 22 59770
20 16 581680
20 25 1072440
20 23 619700
21 24 320110
21 23 511560
21 7 846890
22 18 72880
22 19 59770
23 21 511560
23 24 428650
23 16 1045090
23 20 619700
24 21 320110
24 23 428650
25 20 1072440
25 18 1658950
25 17 809070
