0 4 170050
0 2 49830
1 2 1034720
1 5 1835790
1 3 140200
2 1 1034720
2 0 49830
2 4 1145960
3 4 246710
3 1 140200
3 5 28420
4 0 170050
4 3 246710
4 2 1145960
4 11 1580340
5 1 1835790
5 3 28420
5 7 647360
5 6 1281580
6 8 247040
6 7 445770
6 5 1281580
6 11 240350
6 16 1274420
7 6 445770
7 21 1047190
7 5 647360
8 6 247040
8 10 123900
8 15 161280
9 12 150360
9 10 101880
10 15 1366670
10 8 123900
10 11 1469720
10 9 101880
11 4 1580340
11 6 240350
11 10 1469720
12 9 150360
12 14 428160
12 13 540500
12 15 274670
13 12 540500
13 15 1281180
13 17 1233560
13 16 1002920
14 17 515620
14 12 428160
15 10 1366670
15 13 1281180
15 12 274670
15 8 161280
16 23 1428830
16 20 801580
16 6 1274420
16 13 1002920
17 14 515620
17 13 1233560
17 19 322500
17 25 1162910
18 22 25130
18 25 2354810
18 19 81750
19 17 322500
19 18 81750
19 22 127390
20 16 801580
20 25 1759050
20 23 1000160
21 24 731970
21 23 444770
21 7 1047190
22 18 25130
22 19 127390
23 21 444770
23 24 823550
23 16 1428830
23 20 1000160
24 21 731970
24 23 823550
25 20 1759050
25 18 2354810
25 17 1162910
