0 4 76470
0 2 92680
1 2 528470
1 5 1072210
1 3 173070
2 1 528470
2 0 92680
2 4 1014550
3 4 192040
3 1 173070
3 5 118820
4 0 76470
4 3 192040
4 2 1014550
4 11 1296130
5 1 1072210
5 3 118820
5 7 554220
5 6 780890
6 8 338970
6 7 325410
6 5 780890
6 11 69950
6 16 689170
7 6 325410
7 21 967440
7 5 554220
8 6 338970
8 10 1290
8 15 254870
9 12 80280
9 10 33120
10 15 1235270
10 8 1290
10 11 1199670
10 9 33120
11 4 1296130
11 6 69950
11 10 1199670
12 9 80280
12 14 256630
12 13 131290
12 15 522270
13 12 131290
13 15 1055220
13 17 996640
13 16 340650
14 17 261020
14 12 256630
15 10 1235270
15 13 1055220
15 12 522270
15 8 254870
16 23 485860
16 20 654260
16 6 689170
16 13 340650
17 14 261020
17 13 996640
17 19 247100
17 25 881310
18 22 101690
18 25 1904040
18 19 108700
19 17 247100
19 18 108700
19 22 84280
20 16 654260
20 25 1515850
20 23 823730
21 24 533930
21 23 531790
21 7 967440
22 18 101690
22 19 84280
23 21 531790
23 24 480400
23 16 485860
23 20 823730
24 21 533930
24 23 480400
25 20 1515850
25 18 1904040
25 17 881310
