0 4 211190
0 2 47800
1 2 425240
1 5 762680
1 3 258600
2 1 425240
2 0 47800
2 4 683580
3 4 296770
3 1 258600
3 5 35610
4 0 211190
4 3 296770
4 2 683580
4 11 1205080
5 1 762680
5 3 35610
5 7 207310
5 6 604740
6 8 295880
6 7 423780
6 5 604740
6 11 149000
6 16 602270
7 6 423780
7 21 678200
7 5 207310
8 6 295880
8 10 78860
8 15 311740
9 12 52400
9 10 24870
10 15 1059240
10 8 78860
10 11 1134700
10 9 24870
11 4 1205080
11 6 149000
11 10 1134700
12 9 52400
12 14 395470
12 13 308440
12 15 561390
13 12 308440
13 15 814500
13 17 792120
13 16 543730
14 17 419380
14 12 395470
15 10 1059240
15 13 814500
15 12 561390
15 8 311740
16 23 692390
16 20 426360
16 6 602270
16 13 543730
17 14 419380
17 13 792120
17 19 153030
17 25 889740
18 22 90860
18 25 1214730
18 19 116690
19 17 153030
19 18 116690
19 22 103460
20 16 426360
20 25 682130
20 23 332180
21 24 374590
21 23 299470
21 7 678200
22 18 90860
22 19 103460
23 21 299470
23 24 304820
23 16 692390
23 20 332180
24 21 374590
24 23 304820
25 20 682130
25 18 1214730
25 17 889740
