0 4 87180
0 2 1
1 2 770620
1 5 841690
1 3 98580
2 1 770620
2 0 1
2 4 823760
3 4 57550
3 1 98580
3 5 87650
4 0 87180
4 3 57550
4 2 823760
4 11 1106880
5 1 841690
5 3 87650
5 7 445840
5 6 532630
6 8 546240
6 7 613260
6 5 532630
6 11 136880
6 16 540940
7 6 613260
7 21 1047740
7 5 445840
8 6 546240
8 10 252850
8 15 443840
9 12 123380
9 10 52690
10 15 818370
10 8 252850
10 11 1040890
10 9 52690
11 4 1106880
11 6 136880
11 10 1040890
12 9 123380
12 14 177380
12 13 194000
12 15 493720
13 12 194000
13 15 827210
13 17 853980
13 16 454110
14 17 234190
14 12 177380
15 10 818370
15 13 827210
15 12 493720
15 8 443840
16 23 679760
16 20 270020
16 6 540940
16 13 454110
17 14 234190
17 13 853980
17 19 110250
17 25 772100
18 22 101700
18 25 1270920
18 19 195900
19 17 110250
19 18 195900
19 22 44620
20 16 270020
20 25 1180750
20 23 947140
21 24 422710
21 23 517410
21 7 1047740
22 18 101700
22 19 44620
23 21 517410
23 24 627920
23 16 679760
23 20 947140
24 21 422710
24 23 627920
25 20 1180750
25 18 1270920
25 17 772100
