0 4 187340
0 2 170130
1 2 806300
1 5 1706100
1 3 32100
2 1 806300
2 0 170130
2 4 1371320
3 4 67220
3 1 32100
3 5 27200
4 0 187340
4 3 67220
4 2 1371320
4 11 1843310
5 1 1706100
5 3 27200
5 7 638010
5 6 1180300
6 8 508260
6 7 586320
6 5 1180300
6 11 116810
6 16 1195130
7 6 586320
7 21 886850
7 5 638010
8 6 508260
8 10 127500
8 15 368050
9 12 198080
9 10 33750
10 15 1810960
10 8 127500
10 11 1833000
10 9 33750
11 4 1843310
11 6 116810
11 10 1833000
12 9 198080
12 14 947650
12 13 195620
12 15 706380
13 12 195620
13 15 1494840
13 17 1466080
13 16 512790
14 17 871310
14 12 947650
15 10 1810960
15 13 1494840
15 12 706380
15 8 368050
16 23 1060320
16 20 642460
16 6 1195130
16 13 512790
17 14 871310
17 13 1466080
17 19 237720
17 25 1719300
18 22 146940
18 25 2078330
18 19 58870
19 17 237720
19 18 58870
19 22 131670
20 16 642460
20 25 1248270
20 23 694600
21 24 462870
21 23 428930
21 7 886850
22 18 146940
22 19 131670
23 21 428930
23 24 678050
23 16 1060320
23 20 694600
24 21 462870
24 23 678050
25 20 1248270
25 18 2078330
25 17 1719300
