0 4 151750
0 2 25520
1 2 847310
1 5 1291560
1 3 110900
2 1 847310
2 0 25520
2 4 694960
3 4 167870
3 1 110900
3 5 96540
4 0 151750
4 3 167870
4 2 694960
4 11 937550
5 1 1291560
5 3 96540
5 7 642380
5 6 763240
6 8 57460
6 7 157470
6 5 763240
6 11 126410
6 16 794260
7 6 157470
7 21 726950
7 5 642380
8 6 57460
8 10 31310
8 15 63630
9 12 106150
9 10 36330
10 15 806570
10 8 31310
10 11 828380
10 9 36330
11 4 937550
11 6 126410
11 10 828380
12 9 106150
12 14 329670
12 13 195990
12 15 241880
13 12 195990
13 15 641610
13 17 562830
13 16 332210
14 17 354520
14 12 329670
15 10 806570
15 13 641610
15 12 241880
15 8 63630
16 23 619330
16 20 496820
16 6 794260
16 13 332210
17 14 354520
17 13 562830
17 19 167740
17 25 692490
18 22 59820
18 25 1532370
18 19 62430
19 17 167740
19 18 62430
19 22 60450
20 16 496820
20 25 1080940
20 23 671070
21 24 387610
21 23 381490
21 7 726950
22 18 59820
22 19 60450
23 21 381490
23 24 352750
23 16 619330
23 20 671070
24 21 387610
24 23 352750
25 20 1080940
25 18 1532370
25 17 692490
