0 4 90890
0 2 89440
1 2 627480
1 5 1548270
1 3 246450
2 1 627480
2 0 89440
2 4 673730
3 4 341730
3 1 246450
3 5 46080
4 0 90890
4 3 341730
4 2 673730
4 11 1225670
5 1 1548270
5 3 46080
5 7 415490
5 6 1252020
6 8 187980
6 7 200700
6 5 1252020
6 11 94220
6 16 1229270
7 6 200700
7 21 1070470
7 5 415490
8 6 187980
8 10 76160
8 15 168160
9 12 149250
9 10 42320
10 15 1170170
10 8 76160
10 11 1229050
10 9 42320
11 4 1225670
11 6 94220
11 10 1229050
12 9 149250
12 14 274200
12 13 460000
12 15 479910
13 12 460000
13 15 912310
13 17 898300
13 16 743370
14 17 276700
14 12 274200
15 10 1170170
15 13 912310
15 12 479910
15 8 168160
16 23 965930
16 20 980000
16 6 1229270
16 13 743370
17 14 276700
17 13 898300
17 19 103990
17 25 838120
18 22 52520
18 25 1361890
18 19 28470
19 17 103990
19 18 28470
19 22 43450
20 16 980000
20 25 1589180
20 23 593330
21 24 419060
21 23 745390
21 7 1070470
22 18 52520
22 19 43450
23 21 745390
23 24 497700
23 16 965930
23 20 593330
24 21 419060
24 23 497700
25 20 1589180
25 18 1361890
25 17 838120
