0 4 109850
0 2 70150
1 2 925970
1 5 1182530
1 3 198300
2 1 925970
2 0 70150
2 4 564880
3 4 229930
3 1 198300
3 5 109310
4 0 109850
4 3 229930
4 2 564880
4 11 942900
5 1 1182530
5 3 109310
5 7 591800
5 6 698420
6 8 131620
6 7 258620
6 5 698420
6 11 162700
6 16 692050
7 6 258620
7 21 822320
7 5 591800
8 6 131620
8 10 22160
8 15 111950
9 12 79300
9 10 75790
10 15 833340
10 8 22160
10 11 899740
10 9 75790
11 4 942900
11 6 162700
11 10 899740
12 9 79300
12 14 214300
12 13 294190
12 15 355380
13 12 294190
13 15 582930
13 17 474060
13 16 500400
14 17 218970
14 12 214300
15 10 833340
15 13 582930
15 12 355380
15 8 111950
16 23 824080
16 20 415740
16 6 692050
16 13 500400
17 14 218970
17 13 474060
17 19 85640
17 25 468440
18 22 83050
18 25 1633020
18 19 82480
19 17 85640
19 18 82480
19 22 30610
20 16 415740
20 25 1446960
20 23 1168740
21 24 369440
21 23 570640
21 7 822320
22 18 83050
22 19 30610
23 21 570640
23 24 446890
23 16 824080
23 20 1168740
24 21 369440
24 23 446890
25 20 1446960
25 18 1633020
25 17 468440
