0 4 109670
0 2 8100
1 2 555700
1 5 1344600
1 3 106630
2 1 555700
2 0 8100
2 4 702740
3 4 177220
3 1 106630
3 5 59840
4 0 109670
4 3 177220
4 2 702740
4 11 1027980
5 1 1344600
5 3 59840
5 7 369500
5 6 1113000
6 8 293290
6 7 427140
6 5 1113000
6 11 198970
6 16 1128140
7 6 427140
7 21 529110
7 5 369500
8 6 293290
8 10 39500
8 15 232520
9 12 102780
9 10 39140
10 15 865680
10 8 39500
10 11 916200
10 9 39140
11 4 1027980
11 6 198970
11 10 916200
12 9 102780
12 14 420390
12 13 137210
12 15 482130
13 12 137210
13 15 639010
13 17 582980
13 16 249530
14 17 461390
14 12 420390
15 10 865680
15 13 639010
15 12 482130
15 8 232520
16 23 742870
16 20 609100
16 6 1128140
16 13 249530
17 14 461390
17 13 582980
17 19 166490
17 25 889670
18 22 99430
18 25 1573720
18 19 68210
19 17 166490
19 18 68210
19 22 84480
20 16 609100
20 25 962350
20 23 469670
21 24 408320
21 23 146220
21 7 529110
22 18 99430
22 19 84480
23 21 146220
23 24 430970
23 16 742870
23 20 469670
24 21 408320
24 23 430970
25 20 962350
25 18 1573720
25 17 889670
