0 4 160560
0 2 660
1 2 1262410
1 5 1714850
1 3 114960
2 1 1262410
2 0 660
2 4 651440
3 4 171750
3 1 114960
3 5 109240
4 0 160560
4 3 171750
4 2 651440
4 11 1147680
5 1 1714850
5 3 109240
5 7 608550
5 6 1280700
6 8 411260
6 7 529520
6 5 1280700
6 11 155690
6 16 1214060
7 6 529520
7 21 1583620
7 5 608550
8 6 411260
8 10 153930
8 15 320750
9 12 70640
9 10 14210
10 15 1073350
10 8 153930
10 11 1081620
10 9 14210
11 4 1147680
11 6 155690
11 10 1081620
12 9 70640
12 14 320020
12 13 247900
12 15 444410
13 12 247900
13 15 1043280
13 17 948780
13 16 490470
14 17 323160
14 12 320020
15 10 1073350
15 13 1043280
15 12 444410
15 8 320750
16 23 1074680
16 20 516340
16 6 1214060
16 13 490470
17 14 323160
17 13 948780
17 19 142900
17 25 909890
18 22 93710
18 25 1984830
18 19 60640
19 17 142900
19 18 60640
19 22 113980
20 16 516340
20 25 1713370
20 23 1417080
21 24 451550
21 23 1048020
21 7 1583620
22 18 93710
22 19 113980
23 21 1048020
23 24 627940
23 16 1074680
23 20 1417080
24 21 451550
24 23 627940
25 20 1713370
25 18 1984830
25 17 909890
