0 4 423930
0 2 114920
1 2 2038250
1 5 3999700
1 3 442350
2 1 2038250
2 0 114920
2 4 3022760
3 4 755570
3 1 442350
3 5 239750
4 0 423930
4 3 755570
4 2 3022760
4 11 4392300
5 1 3999700
5 3 239750
5 7 1886150
5 6 2654700
6 8 1176690
6 7 1621900
6 5 2654700
6 11 484490
6 16 2561670
7 6 1621900
7 21 2830160
7 5 1886150
8 6 1176690
8 10 130220
8 15 1136160
9 12 234560
9 10 196640
10 15 3977950
10 8 130220
10 11 4075900
10 9 196640
11 4 4392300
11 6 484490
11 10 4075900
12 9 234560
12 14 1921870
12 13 740340
12 15 1611650
13 12 740340
13 15 3672200
13 17 3733400
13 16 2003930
14 17 2345690
14 12 1921870
15 10 3977950
15 13 3672200
15 12 1611650
15 8 1136160
16 23 2729990
16 20 1759660
16 6 2561670
16 13 2003930
17 14 2345690
17 13 3733400
17 19 608190
17 25 4479450
18 22 249810
18 25 6277810
18 19 263620
19 17 608190
19 18 263620
19 22 373260
20 16 1759660
20 25 4329780
20 23 2640750
21 24 1851860
21 23 1005020
21 7 2830160
22 18 249810
22 19 373260
23 21 1005020
23 24 2149160
23 16 2729990
23 20 2640750
24 21 1851860
24 23 2149160
25 20 4329780
25 18 6277810
25 17 4479450
