0 4 254140
0 2 81150
1 2 1777200
1 5 2042240
1 3 273620
2 1 1777200
2 0 81150
2 4 1249280
3 4 542570
3 1 273620
3 5 220950
4 0 254140
4 3 542570
4 2 1249280
4 11 2459140
5 1 2042240
5 3 220950
5 7 817010
5 6 1637190
6 8 371180
6 7 512390
6 5 1637190
6 11 264710
6 16 1632840
7 6 512390
7 21 1934390
7 5 817010
8 6 371180
8 10 205040
8 15 401280
9 12 158680
9 10 38070
10 15 2358810
10 8 205040
10 11 2364490
10 9 38070
11 4 2459140
11 6 264710
11 10 2364490
12 9 158680
12 14 712500
12 13 392760
12 15 733230
13 12 392760
13 15 2090360
13 17 1870850
13 16 824280
14 17 604450
14 12 712500
15 10 2358810
15 13 2090360
15 12 733230
15 8 401280
16 23 1499490
16 20 964930
16 6 1632840
16 13 824280
17 14 604450
17 13 1870850
17 19 456550
17 25 1761340
18 22 95060
18 25 3938690
18 19 271410
19 17 456550
19 18 271410
19 22 247780
20 16 964930
20 25 2867250
20 23 2131160
21 24 1011250
21 23 1085460
21 7 1934390
22 18 95060
22 19 247780
23 21 1085460
23 24 1356030
23 16 1499490
23 20 2131160
24 21 1011250
24 23 1356030
25 20 2867250
25 18 3938690
25 17 1761340
