0 4 379510
0 2 109310
1 2 3401940
1 5 3732000
1 3 884030
2 1 3401940
2 0 109310
2 4 2316880
3 4 910570
3 1 884030
3 5 363940
4 0 379510
4 3 910570
4 2 2316880
4 11 3829580
5 1 3732000
5 3 363940
5 7 2060550
5 6 2142990
6 8 501090
6 7 913380
6 5 2142990
6 11 457000
6 16 2136430
7 6 913380
7 21 2127000
7 5 2060550
8 6 501090
8 10 134860
8 15 443770
9 12 110540
9 10 112950
10 15 3611100
10 8 134860
10 11 3314210
10 9 112950
11 4 3829580
11 6 457000
11 10 3314210
12 9 110540
12 14 1214350
12 13 586780
12 15 1306510
13 12 586780
13 15 2946450
13 17 2894620
13 16 1295780
14 17 1299570
14 12 1214350
15 10 3611100
15 13 2946450
15 12 1306510
15 8 443770
16 23 2482780
16 20 888250
16 6 2136430
16 13 1295780
17 14 1299570
17 13 2894620
17 19 600180
17 25 3224330
18 22 276430
18 25 4534210
18 19 122630
19 17 600180
19 18 122630
19 22 385790
20 16 888250
20 25 2671670
20 23 2111730
21 24 1412530
21 23 869790
21 7 2127000
22 18 276430
22 19 385790
23 21 869790
23 24 1564010
23 16 2482780
23 20 2111730
24 21 1412530
24 23 1564010
25 20 2671670
25 18 4534210
25 17 3224330
