0 4 633920
0 2 67780
1 2 2576200
1 5 3947020
1 3 879430
2 1 2576200
2 0 67780
2 4 3161260
3 4 1022350
3 1 879430
3 5 204400
4 0 633920
4 3 1022350
4 2 3161260
4 11 4945510
5 1 3947020
5 3 204400
5 7 1532270
5 6 2769070
6 8 910860
6 7 1208860
6 5 2769070
6 11 526920
6 16 2666560
7 6 1208860
7 21 2347110
7 5 1532270
8 6 910860
8 10 400840
8 15 848830
9 12 234160
9 10 265400
10 15 4642460
10 8 400840
10 11 4624230
10 9 265400
11 4 4945510
11 6 526920
11 10 4624230
12 9 234160
12 14 1211790
12 13 819090
12 15 1892090
13 12 819090
13 15 3893530
13 17 3655000
13 16 1755050
14 17 1111510
14 12 1211790
15 10 4642460
15 13 3893530
15 12 1892090
15 8 848830
16 23 2556420
16 20 1888100
16 6 2666560
16 13 1755050
17 14 1111510
17 13 3655000
17 19 648030
17 25 3408170
18 22 358970
18 25 6638890
18 19 196160
19 17 648030
19 18 196160
19 22 392210
20 16 1888100
20 25 4383610
20 23 2671450
21 24 1621710
21 23 1069470
21 7 2347110
22 18 358970
22 19 392210
23 21 1069470
23 24 1742830
23 16 2556420
23 20 2671450
24 21 1621710
24 23 1742830
25 20 4383610
25 18 6638890
25 17 3408170
