0 4 558190
0 2 168990
1 2 3402870
1 5 4899370
1 3 443060
2 1 3402870
2 0 168990
2 4 4030480
3 4 736270
3 1 443060
3 5 337660
4 0 558190
4 3 736270
4 2 4030480
4 11 5569780
5 1 4899370
5 3 337660
5 7 2263610
5 6 3282820
6 8 403740
6 7 1150670
6 5 3282820
6 11 742570
6 16 3323450
7 6 1150670
7 21 2536150
7 5 2263610
8 6 403740
8 10 200330
8 15 455360
9 12 525400
9 10 268940
10 15 5322870
10 8 200330
10 11 5186680
10 9 268940
11 4 5569780
11 6 742570
11 10 5186680
12 9 525400
12 14 2174730
12 13 532680
12 15 1483600
13 12 532680
13 15 4438600
13 17 4291140
13 16 1549320
14 17 2101590
14 12 2174730
15 10 5322870
15 13 4438600
15 12 1483600
15 8 455360
16 23 2567370
16 20 1928020
16 6 3323450
16 13 1549320
17 14 2101590
17 13 4291140
17 19 563250
17 25 5271880
18 22 201740
18 25 6505770
18 19 257670
19 17 563250
19 18 257670
19 22 336590
20 16 1928020
20 25 4099370
20 23 2625470
21 24 1701530
21 23 865340
21 7 2536150
22 18 201740
22 19 336590
23 21 865340
23 24 2297590
23 16 2567370
23 20 2625470
24 21 1701530
24 23 2297590
25 20 4099370
25 18 6505770
25 17 5271880
