0 4 104080
0 2 58000
1 2 1042360
1 5 1895820
1 3 147470
2 1 1042360
2 0 58000
2 4 1462810
3 4 267450
3 1 147470
3 5 59960
4 0 104080
4 3 267450
4 2 1462810
4 11 2009080
5 1 1895820
5 3 59960
5 7 914850
5 6 1149610
6 8 246270
6 7 429910
6 5 1149610
6 11 148350
6 16 1082150
7 6 429910
7 21 1294970
7 5 914850
8 6 246270
8 10 184300
8 15 219830
9 12 110980
9 10 136670
10 15 1607850
10 8 184300
10 11 1918990
10 9 136670
11 4 2009080
11 6 148350
11 10 1918990
12 9 110980
12 14 436740
12 13 254980
12 15 411330
13 12 254980
13 15 1328460
13 17 1377660
13 16 478940
14 17 505480
14 12 436740
15 10 1607850
15 13 1328460
15 12 411330
15 8 219830
16 23 984540
16 20 665590
16 6 1082150
16 13 478940
17 14 505480
17 13 1377660
17 19 208640
17 25 1379190
18 22 152720
18 25 2215290
18 19 93660
19 17 208640
19 18 93660
19 22 119990
20 16 665590
20 25 1823650
20 23 1256800
21 24 626060
21 23 672100
21 7 1294970
22 18 152720
22 19 119990
23 21 672100
23 24 821250
23 16 984540
23 20 1256800
24 21 626060
24 23 821250
25 20 1823650
25 18 2215290
25 17 1379190
