0 4 136550
0 2 42270
1 2 803950
1 5 961740
1 3 103450
2 1 803950
2 0 42270
2 4 641770
3 4 84350
3 1 103450
3 5 103900
4 0 136550
4 3 84350
4 2 641770
4 11 860560
5 1 961740
5 3 103900
5 7 470820
5 6 649460
6 8 277430
6 7 374220
6 5 649460
6 11 112470
6 16 569320
7 6 374220
7 21 756330
7 5 470820
8 6 277430
8 10 91310
8 15 235870
9 12 81930
9 10 145370
10 15 741140
10 8 91310
10 11 876510
10 9 145370
11 4 860560
11 6 112470
11 10 876510
12 9 81930
12 14 200840
12 13 81320
12 15 275370
13 12 81320
13 15 827610
13 17 729830
13 16 304360
14 17 204510
14 12 200840
15 10 741140
15 13 827610
15 12 275370
15 8 235870
16 23 581190
16 20 286740
16 6 569320
16 13 304360
17 14 204510
17 13 729830
17 19 81110
17 25 693860
18 22 47130
18 25 1148660
18 19 125150
19 17 81110
19 18 125150
19 22 42680
20 16 286740
20 25 925420
20 23 652740
21 24 499370
21 23 326930
21 7 756330
22 18 47130
22 19 42680
23 21 326930
23 24 495530
23 16 581190
23 20 652740
24 21 499370
24 23 495530
25 20 925420
25 18 1148660
25 17 693860
