0 4 123880
0 2 44490
1 2 530820
1 5 737200
1 3 236890
2 1 530820
2 0 44490
2 4 910060
3 4 243240
3 1 236890
3 5 96810
4 0 123880
4 3 243240
4 2 910060
4 11 1368190
5 1 737200
5 3 96810
5 7 457410
5 6 457610
6 8 272350
6 7 326050
6 5 457610
6 11 93850
6 16 517890
7 6 326050
7 21 749800
7 5 457410
8 6 272350
8 10 78940
8 15 265320
9 12 26410
9 10 37000
10 15 1305740
10 8 78940
10 11 1332770
10 9 37000
11 4 1368190
11 6 93850
11 10 1332770
12 9 26410
12 14 356890
12 13 108200
12 15 634670
13 12 108200
13 15 1052360
13 17 1069780
13 16 345380
14 17 447170
14 12 356890
15 10 1305740
15 13 1052360
15 12 634670
15 8 265320
16 23 391900
16 20 436290
16 6 517890
16 13 345380
17 14 447170
17 13 1069780
17 19 218760
17 25 1011820
18 22 86780
18 25 1376970
18 19 43120
19 17 218760
19 18 43120
19 22 109490
20 16 436290
20 25 1280240
20 23 872510
21 24 390400
21 23 392990
21 7 749800
22 18 86780
22 19 109490
23 21 392990
23 24 540660
23 16 391900
23 20 872510
24 21 390400
24 23 540660
25 20 1280240
25 18 1376970
25 17 1011820
