0 4 157620
0 2 28920
1 2 966340
1 5 1463050
1 3 311950
2 1 966340
2 0 28920
2 4 1465160
3 4 393950
3 1 311950
3 5 119460
4 0 157620
4 3 393950
4 2 1465160
4 11 2098710
5 1 1463050
5 3 119460
5 7 728800
5 6 887790
6 8 483050
6 7 687240
6 5 887790
6 11 286150
6 16 841730
7 6 687240
7 21 845240
7 5 728800
8 6 483050
8 10 79990
8 15 429940
9 12 130960
9 10 35120
10 15 1905950
10 8 79990
10 11 1956530
10 9 35120
11 4 2098710
11 6 286150
11 10 1956530
12 9 130960
12 14 294410
12 13 386760
12 15 878470
13 12 386760
13 15 1481390
13 17 1549100
13 16 732260
14 17 414580
14 12 294410
15 10 1905950
15 13 1481390
15 12 878470
15 8 429940
16 23 1125430
16 20 490060
16 6 841730
16 13 732260
17 14 414580
17 13 1549100
17 19 227000
17 25 1381090
18 22 69510
18 25 2299200
18 19 92370
19 17 227000
19 18 92370
19 22 78090
20 16 490060
20 25 1412670
20 23 968020
21 24 600620
21 23 352360
21 7 845240
22 18 69510
22 19 78090
23 21 352360
23 24 775240
23 16 1125430
23 20 968020
24 21 600620
24 23 775240
25 20 1412670
25 18 2299200
25 17 1381090
