0 4 339170
0 2 126020
1 2 2215750
1 5 2646610
1 3 233010
2 1 2215750
2 0 126020
2 4 4030760
3 4 318430
3 1 233010
3 5 140020
4 0 339170
4 3 318430
4 2 4030760
4 11 4870140
5 1 2646610
5 3 140020
5 7 1188120
5 6 1724160
6 8 276900
6 7 579000
6 5 1724160
6 11 432250
6 16 1500420
7 6 579000
7 21 2930970
7 5 1188120
8 6 276900
8 10 169930
8 15 327010
9 12 175810
9 10 192300
10 15 4357690
10 8 169930
10 11 4613690
10 9 192300
11 4 4870140
11 6 432250
11 10 4613690
12 9 175810
12 14 903360
12 13 377160
12 15 1283280
13 12 377160
13 15 3249940
13 17 3193700
13 16 928870
14 17 959050
14 12 903360
15 10 4357690
15 13 3249940
15 12 1283280
15 8 327010
16 23 1891710
16 20 653700
16 6 1500420
16 13 928870
17 14 959050
17 13 3193700
17 19 444840
17 25 3255710
18 22 309240
18 25 4632350
18 19 239510
19 17 444840
19 18 239510
19 22 202790
20 16 653700
20 25 3262690
20 23 2824990
21 24 1200390
21 23 1658570
21 7 2930970
22 18 309240
22 19 202790
23 21 1658570
23 24 1510960
23 16 1891710
23 20 2824990
24 21 1200390
24 23 1510960
25 20 3262690
25 18 4632350
25 17 3255710
