0 4 539200
0 2 225180
1 2 3268130
1 5 4605970
1 3 1102130
2 1 3268130
2 0 225180
2 4 3318860
3 4 1218830
3 1 1102130
3 5 264400
4 0 539200
4 3 1218830
4 2 3318860
4 11 5352310
5 1 4605970
5 3 264400
5 7 2990040
5 6 2127190
6 8 976520
6 7 1094970
6 5 2127190
6 11 471180
6 16 1962110
7 6 1094970
7 21 2835530
7 5 2990040
8 6 976520
8 10 465130
8 15 977640
9 12 538050
9 10 290610
10 15 4894780
10 8 465130
10 11 5139610
10 9 290610
11 4 5352310
11 6 471180
11 10 5139610
12 9 538050
12 14 1484760
12 13 787870
12 15 1913800
13 12 787870
13 15 4276720
13 17 3673960
13 16 2218110
14 17 1672860
14 12 1484760
15 10 4894780
15 13 4276720
15 12 1913800
15 8 977640
16 23 2479890
16 20 1688280
16 6 1962110
16 13 2218110
17 14 1672860
17 13 3673960
17 19 631980
17 25 3945500
18 22 368850
18 25 6456240
18 19 274550
19 17 631980
19 18 274550
19 22 401880
20 16 1688280
20 25 4327870
20 23 2866120
21 24 1376630
21 23 1377130
21 7 2835530
22 18 368850
22 19 401880
23 21 1377130
23 24 2926870
23 16 2479890
23 20 2866120
24 21 1376630
24 23 2926870
25 20 4327870
25 18 6456240
25 17 3945500
