0 4 356350
0 2 70800
1 2 2862970
1 5 3467010
1 3 390720
2 1 2862970
2 0 70800
2 4 3429180
3 4 602640
3 1 390720
3 5 213380
4 0 356350
4 3 602640
4 2 3429180
4 11 4736250
5 1 3467010
5 3 213380
5 7 1646140
5 6 2445430
6 8 1026030
6 7 1217930
6 5 2445430
6 11 532500
6 16 2160520
7 6 1217930
7 21 3273060
7 5 1646140
8 6 1026030
8 10 267830
8 15 809210
9 12 298030
9 10 199750
10 15 5173360
10 8 267830
10 11 4920930
10 9 199750
11 4 4736250
11 6 532500
11 10 4920930
12 9 298030
12 14 1821980
12 13 377340
12 15 1595100
13 12 377340
13 15 4669700
13 17 4046200
13 16 1419090
14 17 2029620
14 12 1821980
15 10 5173360
15 13 4669700
15 12 1595100
15 8 809210
16 23 2239200
16 20 945780
16 6 2160520
16 13 1419090
17 14 2029620
17 13 4046200
17 19 830510
17 25 4931820
18 22 380460
18 25 6591620
18 19 232250
19 17 830510
19 18 232250
19 22 460130
20 16 945780
20 25 3467120
20 23 2584350
21 24 1806730
21 23 1790490
21 7 3273060
22 18 380460
22 19 460130
23 21 1790490
23 24 1724670
23 16 2239200
23 20 2584350
24 21 1806730
24 23 1724670
25 20 3467120
25 18 6591620
25 17 4931820
