0 4 272110
0 2 122240
1 2 2273450
1 5 4041310
1 3 773810
2 1 2273450
2 0 122240
2 4 2619620
3 4 835550
3 1 773810
3 5 134890
4 0 272110
4 3 835550
4 2 2619620
4 11 4031360
5 1 4041310
5 3 134890
5 7 1709950
5 6 2617200
6 8 498640
6 7 1065980
6 5 2617200
6 11 563180
6 16 2715390
7 6 1065980
7 21 2633820
7 5 1709950
8 6 498640
8 10 299860
8 15 483950
9 12 269790
9 10 468830
10 15 3764900
10 8 299860
10 11 3926760
10 9 468830
11 4 4031360
11 6 563180
11 10 3926760
12 9 269790
12 14 1086750
12 13 855500
12 15 1178630
13 12 855500
13 15 3184340
13 17 3103860
13 16 1698920
14 17 1308940
14 12 1086750
15 10 3764900
15 13 3184340
15 12 1178630
15 8 483950
16 23 2655500
16 20 1613660
16 6 2715390
16 13 1698920
17 14 1308940
17 13 3103860
17 19 522880
17 25 3231990
18 22 512120
18 25 5897240
18 19 292810
19 17 522880
19 18 292810
19 22 99700
20 16 1613660
20 25 4135850
20 23 2636660
21 24 1410780
21 23 1400840
21 7 2633820
22 18 512120
22 19 99700
23 21 1400840
23 24 1889150
23 16 2655500
23 20 2636660
24 21 1410780
24 23 1889150
25 20 4135850
25 18 5897240
25 17 3231990
