0 4 111240
0 2 31100
1 2 1396580
1 5 1602060
1 3 512090
2 1 1396580
2 0 31100
2 4 1644500
3 4 435660
3 1 512090
3 5 124580
4 0 111240
4 3 435660
4 2 1644500
4 11 2444320
5 1 1602060
5 3 124580
5 7 1049020
5 6 718500
6 8 466290
6 7 488340
6 5 718500
6 11 87130
6 16 750750
7 6 488340
7 21 1176290
7 5 1049020
8 6 466290
8 10 164670
8 15 458160
9 12 208980
9 10 212190
10 15 2383660
10 8 164670
10 11 2573540
10 9 212190
11 4 2444320
11 6 87130
11 10 2573540
12 9 208980
12 14 875760
12 13 226130
12 15 1209130
13 12 226130
13 15 1741290
13 17 1626920
13 16 687020
14 17 1023230
14 12 875760
15 10 2383660
15 13 1741290
15 12 1209130
15 8 458160
16 23 945130
16 20 513270
16 6 750750
16 13 687020
17 14 1023230
17 13 1626920
17 19 271090
17 25 2109630
18 22 191970
18 25 3658550
18 19 237330
19 17 271090
19 18 237330
19 22 119690
20 16 513270
20 25 2270940
20 23 1793470
21 24 610790
21 23 434150
21 7 1176290
22 18 191970
22 19 119690
23 21 434150
23 24 1073360
23 16 945130
23 20 1793470
24 21 610790
24 23 1073360
25 20 2270940
25 18 3658550
25 17 2109630
