0 4 184930
0 2 64010
1 2 1250450
1 5 2128300
1 3 234900
2 1 1250450
2 0 64010
2 4 1322480
3 4 325310
3 1 234900
3 5 108230
4 0 184930
4 3 325310
4 2 1322480
4 11 2081670
5 1 2128300
5 3 108230
5 7 789640
5 6 1675870
6 8 503110
6 7 820730
6 5 1675870
6 11 378320
6 16 1541610
7 6 820730
7 21 1747800
7 5 789640
8 6 503110
8 10 106520
8 15 463950
9 12 146970
9 10 119260
10 15 1738000
10 8 106520
10 11 1851500
10 9 119260
11 4 2081670
11 6 378320
11 10 1851500
12 9 146970
12 14 727190
12 13 190720
12 15 675530
13 12 190720
13 15 1474570
13 17 1498250
13 16 553270
14 17 695080
14 12 727190
15 10 1738000
15 13 1474570
15 12 675530
15 8 463950
16 23 1032390
16 20 1025100
16 6 1541610
16 13 553270
17 14 695080
17 13 1498250
17 19 237750
17 25 1776320
18 22 107630
18 25 3506550
18 19 179750
19 17 237750
19 18 179750
19 22 107130
20 16 1025100
20 25 2406630
20 23 1577400
21 24 800920
21 23 988100
21 7 1747800
22 18 107630
22 19 107130
23 21 988100
23 24 797280
23 16 1032390
23 20 1577400
24 21 800920
24 23 797280
25 20 2406630
25 18 3506550
25 17 1776320
