0 4 90050
0 2 6280
1 2 735610
1 5 961950
1 3 132470
2 1 735610
2 0 6280
2 4 816250
3 4 166350
3 1 132470
3 5 48170
4 0 90050
4 3 166350
4 2 816250
4 11 1107030
5 1 961950
5 3 48170
5 7 363960
5 6 727980
6 8 119250
6 7 201370
6 5 727980
6 11 118660
6 16 701520
7 6 201370
7 21 481310
7 5 363960
8 6 119250
8 10 3440
8 15 111800
9 12 84640
9 10 16660
10 15 1008610
10 8 3440
10 11 1016240
10 9 16660
11 4 1107030
11 6 118660
11 10 1016240
12 9 84640
12 14 373870
12 13 106270
12 15 331660
13 12 106270
13 15 851030
13 17 770370
13 16 307520
14 17 421080
14 12 373870
15 10 1008610
15 13 851030
15 12 331660
15 8 111800
16 23 609910
16 20 312870
16 6 701520
16 13 307520
17 14 421080
17 13 770370
17 19 127190
17 25 900210
18 22 89630
18 25 1092640
18 19 62700
19 17 127190
19 18 62700
19 22 87360
20 16 312870
20 25 712070
20 23 431690
21 24 313380
21 23 182140
21 7 481310
22 18 89630
22 19 87360
23 21 182140
23 24 409090
23 16 609910
23 20 431690
24 21 313380
24 23 409090
25 20 712070
25 18 1092640
25 17 900210
