0 4 33840
0 2 20820
1 2 1008750
1 5 1151890
1 3 230930
2 1 1008750
2 0 20820
2 4 1020170
3 4 153110
3 1 230930
3 5 37330
4 0 33840
4 3 153110
4 2 1020170
4 11 1325090
5 1 1151890
5 3 37330
5 7 424240
5 6 855880
6 8 175740
6 7 269700
6 5 855880
6 11 93260
6 16 835690
7 6 269700
7 21 500610
7 5 424240
8 6 175740
8 10 30350
8 15 190150
9 12 78470
9 10 77760
10 15 1159400
10 8 30350
10 11 1196610
10 9 77760
11 4 1325090
11 6 93260
11 10 1196610
12 9 78470
12 14 508630
12 13 507040
12 15 510320
13 12 507040
13 15 868040
13 17 815740
13 16 718110
14 17 540080
14 12 508630
15 10 1159400
15 13 868040
15 12 510320
15 8 190150
16 23 1152900
16 20 461430
16 6 835690
16 13 718110
17 14 540080
17 13 815740
17 19 111830
17 25 1103840
18 22 140640
18 25 1467890
18 19 64780
19 17 111830
19 18 64780
19 22 64980
20 16 461430
20 25 1281570
20 23 814690
21 24 294360
21 23 211860
21 7 500610
22 18 140640
22 19 64980
23 21 211860
23 24 497140
23 16 1152900
23 20 814690
24 21 294360
24 23 497140
25 20 1281570
25 18 1467890
25 17 1103840
