0 4 109300
0 2 3400
1 2 660930
1 5 1140340
1 3 146730
2 1 660930
2 0 3400
2 4 726730
3 4 143030
3 1 146730
3 5 61700
4 0 109300
4 3 143030
4 2 726730
4 11 1013120
5 1 1140340
5 3 61700
5 7 401420
5 6 873480
6 8 266910
6 7 332070
6 5 873480
6 11 73160
6 16 824580
7 6 332070
7 21 886530
7 5 401420
8 6 266910
8 10 53130
8 15 151130
9 12 50800
9 10 63880
10 15 978010
10 8 53130
10 11 972280
10 9 63880
11 4 1013120
11 6 73160
11 10 972280
12 9 50800
12 14 434970
12 13 203360
12 15 432880
13 12 203360
13 15 675370
13 17 592140
13 16 406050
14 17 431510
14 12 434970
15 10 978010
15 13 675370
15 12 432880
15 8 151130
16 23 672560
16 20 637170
16 6 824580
16 13 406050
17 14 431510
17 13 592140
17 19 99570
17 25 763350
18 22 53630
18 25 1387090
18 19 81990
19 17 99570
19 18 81990
19 22 34630
20 16 637170
20 25 1120880
20 23 545810
21 24 419620
21 23 464840
21 7 886530
22 18 53630
22 19 34630
23 21 464840
23 24 359660
23 16 672560
23 20 545810
24 21 419620
24 23 359660
25 20 1120880
25 18 1387090
25 17 763350
