0 4 78020
0 2 2660
1 2 937670
1 5 937570
1 3 208370
2 1 937670
2 0 2660
2 4 1067580
3 4 233270
3 1 208370
3 5 42850
4 0 78020
4 3 233270
4 2 1067580
4 11 1468440
5 1 937570
5 3 42850
5 7 423660
5 6 664840
6 8 329660
6 7 491180
6 5 664840
6 11 119570
6 16 609330
7 6 491180
7 21 693390
7 5 423660
8 6 329660
8 10 116490
8 15 248370
9 12 134390
9 10 108540
10 15 1296060
10 8 116490
10 11 1434520
10 9 108540
11 4 1468440
11 6 119570
11 10 1434520
12 9 134390
12 14 622840
12 13 118420
12 15 408990
13 12 118420
13 15 1128030
13 17 1155230
13 16 316270
14 17 716990
14 12 622840
15 10 1296060
15 13 1128030
15 12 408990
15 8 248370
16 23 454550
16 20 454710
16 6 609330
16 13 316270
17 14 716990
17 13 1155230
17 19 88980
17 25 1530410
18 22 85410
18 25 1748380
18 19 28850
19 17 88980
19 18 28850
19 22 28470
20 16 454710
20 25 1021970
20 23 730640
21 24 414440
21 23 194730
21 7 693390
22 18 85410
22 19 28470
23 21 194730
23 24 547960
23 16 454550
23 20 730640
24 21 414440
24 23 547960
25 20 1021970
25 18 1748380
25 17 1530410
