0 4 4088610
0 2 4319430
1 2 8534730
1 5 8436240
1 3 7506900
2 1 8534730
2 0 4319430
2 4 7711840
3 4 6684010
3 1 7506900
3 5 6816340
4 0 4088610
4 3 6684010
4 2 7711840
4 11 7433350
5 1 8436240
5 3 6816340
5 7 7344070
5 6 7196040
6 8 4612300
6 7 6794430
6 5 7196040
6 11 7016040
6 16 6000960
7 6 6794430
7 21 6495520
7 5 7344070
8 6 4612300
8 10 4949290
8 15 5081570
9 12 4361060
9 10 4685830
10 15 7452660
10 8 4949290
10 11 7353030
10 9 4685830
11 4 7433350
11 6 7016040
11 10 7353030
12 9 4361060
12 14 5284040
12 13 6268560
12 15 7127890
13 12 6268560
13 15 6725610
13 17 6748540
13 16 5610900
14 17 5764020
14 12 5284040
15 10 7452660
15 13 6725610
15 12 7127890
15 8 5081570
16 23 5826840
16 20 5531750
16 6 6000960
16 13 5610900
17 14 5764020
17 13 6748540
17 19 6333970
17 25 8120860
18 22 4235280
18 25 8444180
18 19 6657290
19 17 6333970
19 18 6657290
19 22 2615130
20 16 5531750
20 25 7159450
20 23 6003070
21 24 5457480
21 23 6173370
21 7 6495520
22 18 4235280
22 19 2615130
23 21 6173370
23 24 5582270
23 16 5826840
23 20 6003070
24 21 5457480
24 23 5582270
25 20 7159450
25 18 8444180
25 17 8120860
