0 4 3060050
0 2 5044810
1 2 8034090
1 5 6462810
1 3 6096190
2 1 8034090
2 0 5044810
2 4 6801020
3 4 4863120
3 1 6096190
3 5 5276600
4 0 3060050
4 3 4863120
4 2 6801020
4 11 4997640
5 1 6462810
5 3 5276600
5 7 5356800
5 6 5379630
6 8 3688020
6 7 5093210
6 5 5379630
6 11 5147530
6 16 4695560
7 6 5093210
7 21 4368320
7 5 5356800
8 6 3688020
8 10 3466430
8 15 3548700
9 12 2911220
9 10 3317780
10 15 4755130
10 8 3466430
10 11 4925940
10 9 3317780
11 4 4997640
11 6 5147530
11 10 4925940
12 9 2911220
12 14 3403360
12 13 3883900
12 15 4348570
13 12 3883900
13 15 4372730
13 17 4741780
13 16 4091570
14 17 4261240
14 12 3403360
15 10 4755130
15 13 4372730
15 12 4348570
15 8 3548700
16 23 4814570
16 20 3542740
16 6 4695560
16 13 4091570
17 14 4261240
17 13 4741780
17 19 4477920
17 25 4962040
18 22 3454230
18 25 5057480
18 19 4573360
19 17 4477920
19 18 4573360
19 22 2261210
20 16 3542740
20 25 3579490
20 23 4082230
21 24 3807090
21 23 4510160
21 7 4368320
22 18 3454230
22 19 2261210
23 21 4510160
23 24 4650990
23 16 4814570
23 20 4082230
24 21 3807090
24 23 4650990
25 20 3579490
25 18 5057480
25 17 4962040
