0 4 3162340
0 2 3420220
1 2 6496730
1 5 6304410
1 3 6112830
2 1 6496730
2 0 3420220
2 4 5359320
3 4 4975420
3 1 6112830
3 5 5040980
4 0 3162340
4 3 4975420
4 2 5359320
4 11 5238830
5 1 6304410
5 3 5040980
5 7 5636320
5 6 5411740
6 8 4129970
6 7 5815500
6 5 5411740
6 11 5483570
6 16 4497880
7 6 5815500
7 21 4423460
7 5 5636320
8 6 4129970
8 10 4110100
8 15 4095020
9 12 4606910
9 10 3952820
10 15 5536100
10 8 4110100
10 11 5463700
10 9 3952820
11 4 5238830
11 6 5483570
11 10 5463700
12 9 4606910
12 14 5970100
12 13 5375030
12 15 6190190
13 12 5375030
13 15 4705860
13 17 5449590
13 16 3647770
14 17 6044660
14 12 5970100
15 10 5536100
15 13 4705860
15 12 6190190
15 8 4095020
16 23 4017330
16 20 3824090
16 6 4497880
16 13 3647770
17 14 6044660
17 13 5449590
17 19 5450680
17 25 7414050
18 22 4193000
18 25 8029100
18 19 6065730
19 17 5450680
19 18 6065730
19 22 2020150
20 16 3824090
20 25 6031480
20 23 4436580
21 24 2998850
21 23 3718330
21 7 4423460
22 18 4193000
22 19 2020150
23 21 3718330
23 24 3910340
23 16 4017330
23 20 4436580
24 21 2998850
24 23 3910340
25 20 6031480
25 18 8029100
25 17 7414050
