0 4 4027980
0 2 3600030
1 2 7503160
1 5 8484970
1 3 7461730
2 1 7503160
2 0 3600030
2 4 6546650
3 4 6505220
3 1 7461730
3 5 7059080
4 0 4027980
4 3 6505220
4 2 6546650
4 11 6914400
5 1 8484970
5 3 7059080
5 7 7347050
5 6 7298180
6 8 4228030
6 7 6562910
6 5 7298180
6 11 6684120
6 16 6972830
7 6 6562910
7 21 5420230
7 5 7347050
8 6 4228030
8 10 4276060
8 15 4350150
9 12 3481690
9 10 4374540
10 15 6684190
10 8 4276060
10 11 6732150
10 9 4374540
11 4 6914400
11 6 6684120
11 10 6732150
12 9 3481690
12 14 4343120
12 13 5532580
12 15 5791340
13 12 5532580
13 15 6499520
13 17 6944720
13 16 6836190
14 17 5755260
14 12 4343120
15 10 6684190
15 13 6499520
15 12 5791340
15 8 4350150
16 23 8058310
16 20 6508550
16 6 6972830
16 13 6836190
17 14 5755260
17 13 6944720
17 19 5935080
17 25 7620120
18 22 3913330
18 25 7407740
18 19 5722700
19 17 5935080
19 18 5722700
19 22 2412110
20 16 6508550
20 25 6588520
20 23 7135240
21 24 4281110
21 23 6456840
21 7 5420230
22 18 3913330
22 19 2412110
23 21 6456840
23 24 6509270
23 16 8058310
23 20 7135240
24 21 4281110
24 23 6509270
25 20 6588520
25 18 7407740
25 17 7620120
