0 4 2236360
0 2 2775590
1 2 5420840
1 5 4977320
1 3 4759990
2 1 5420840
2 0 2775590
2 4 4709730
3 4 4048880
3 1 4759990
3 5 4144590
4 0 2236360
4 3 4048880
4 2 4709730
4 11 4169560
5 1 4977320
5 3 4144590
5 7 4970240
5 6 4337380
6 8 3331700
6 7 4945700
6 5 4337380
6 11 4240730
6 16 4075230
7 6 4945700
7 21 4565850
7 5 4970240
8 6 3331700
8 10 3268180
8 15 3457570
9 12 2806110
9 10 2931150
10 15 4375190
10 8 3268180
10 11 4177210
10 9 2931150
11 4 4169560
11 6 4240730
11 10 4177210
12 9 2806110
12 14 3071690
12 13 4247580
12 15 4250150
13 12 4247580
13 15 4562010
13 17 4491410
13 16 4198530
14 17 3315520
14 12 3071690
15 10 4375190
15 13 4562010
15 12 4250150
15 8 3457570
16 23 4695080
16 20 3626130
16 6 4075230
16 13 4198530
17 14 3315520
17 13 4491410
17 19 3232170
17 25 4970130
18 22 2436470
18 25 5034250
18 19 3296290
19 17 3232170
19 18 3296290
19 22 1181140
20 16 3626130
20 25 4465760
20 23 4483590
21 24 3467330
21 23 4552840
21 7 4565850
22 18 2436470
22 19 1181140
23 21 4552840
23 24 4467030
23 16 4695080
23 20 4483590
24 21 3467330
24 23 4467030
25 20 4465760
25 18 5034250
25 17 4970130
