0 4 2601680
0 2 2652930
1 2 4358810
1 5 3886560
1 3 3772300
2 1 4358810
2 0 2652930
2 4 4112510
3 4 3526000
3 1 3772300
3 5 3105000
4 0 2601680
4 3 3526000
4 2 4112510
4 11 3918530
5 1 3886560
5 3 3105000
5 7 4072280
5 6 3626490
6 8 3243480
6 7 4479510
6 5 3626490
6 11 3904760
6 16 3679270
7 6 4479510
7 21 3964950
7 5 4072280
8 6 3243480
8 10 2922420
8 15 3144260
9 12 2409580
9 10 2304800
10 15 3613440
10 8 2922420
10 11 3583700
10 9 2304800
11 4 3918530
11 6 3904760
11 10 3583700
12 9 2409580
12 14 2575400
12 13 3754520
12 15 3718220
13 12 3754520
13 15 3871580
13 17 3800040
13 16 3616350
14 17 2620920
14 12 2575400
15 10 3613440
15 13 3871580
15 12 3718220
15 8 3144260
16 23 4652030
16 20 3527860
16 6 3679270
16 13 3616350
17 14 2620920
17 13 3800040
17 19 3343980
17 25 4112490
18 22 3202700
18 25 5083320
18 19 4314810
19 17 3343980
19 18 4314810
19 22 1883650
20 16 3527860
20 25 4131840
20 23 4855070
21 24 2894750
21 23 4491920
21 7 3964950
22 18 3202700
22 19 1883650
23 21 4491920
23 24 4382070
23 16 4652030
23 20 4855070
24 21 2894750
24 23 4382070
25 20 4131840
25 18 5083320
25 17 4112490
