0 4 2952310
0 2 3305010
1 2 5645730
1 5 4478100
1 3 4544020
2 1 5645730
2 0 3305010
2 4 5741960
3 4 4640250
3 1 4544020
3 5 3825320
4 0 2952310
4 3 4640250
4 2 5741960
4 11 5436950
5 1 4478100
5 3 3825320
5 7 5569470
5 6 5015650
6 8 5154310
6 7 6825720
6 5 5015650
6 11 5878270
6 16 5357060
7 6 6825720
7 21 5904080
7 5 5569470
8 6 5154310
8 10 4577950
8 15 4921680
9 12 4091120
9 10 3569370
10 15 5462910
10 8 4577950
10 11 5301910
10 9 3569370
11 4 5436950
11 6 5878270
11 10 5301910
12 9 4091120
12 14 4293390
12 13 5697320
12 15 5984660
13 12 5697320
13 15 5519300
13 17 5080830
13 16 4837090
14 17 3676900
14 12 4293390
15 10 5462910
15 13 5519300
15 12 5984660
15 8 4921680
16 23 6053020
16 20 4602200
16 6 5357060
16 13 4837090
17 14 3676900
17 13 5080830
17 19 4602190
17 25 5414980
18 22 3783700
18 25 6310700
18 19 5497910
19 17 4602190
19 18 5497910
19 22 2560470
20 16 4602200
20 25 5331220
20 23 6213000
21 24 3763490
21 23 6046220
21 7 5904080
22 18 3783700
22 19 2560470
23 21 6046220
23 24 5381090
23 16 6053020
23 20 6213000
24 21 3763490
24 23 5381090
25 20 5331220
25 18 6310700
25 17 5414980
