0 4 2327330
0 2 2363720
1 2 4319140
1 5 4277360
1 3 3726690
2 1 4319140
2 0 2363720
2 4 4203970
3 4 3611520
3 1 3726690
3 5 3606130
4 0 2327330
4 3 3611520
4 2 4203970
4 11 4535370
5 1 4277360
5 3 3606130
5 7 4585910
5 6 4142550
6 8 3073380
6 7 4571660
6 5 4142550
6 11 4515730
6 16 3942910
7 6 4571660
7 21 3984030
7 5 4585910
8 6 3073380
8 10 3445220
8 15 3229490
9 12 3507190
9 10 3497120
10 15 4656250
10 8 3445220
10 11 4887570
10 9 3497120
11 4 4535370
11 6 4515730
11 10 4887570
12 9 3507190
12 14 3628640
12 13 4703140
12 15 4666320
13 12 4703140
13 15 4477340
13 17 4679250
13 16 4135840
14 17 3604750
14 12 3628640
15 10 4656250
15 13 4477340
15 12 4666320
15 8 3229490
16 23 4770400
16 20 3857290
16 6 3942910
16 13 4135840
17 14 3604750
17 13 4679250
17 19 4120720
17 25 5472210
18 22 3567200
18 25 6329920
18 19 4978430
19 17 4120720
19 18 4978430
19 22 1985870
20 16 3857290
20 25 5028570
20 23 4870170
21 24 2754200
21 23 4368160
21 7 3984030
22 18 3567200
22 19 1985870
23 21 4368160
23 24 4169320
23 16 4770400
23 20 4870170
24 21 2754200
24 23 4169320
25 20 5028570
25 18 6329920
25 17 5472210
