0 4 2881510
0 2 3640880
1 2 6447910
1 5 5637310
1 3 5103020
2 1 6447910
2 0 3640880
2 4 6131650
3 4 4786760
3 1 5103020
3 5 4735530
4 0 2881510
4 3 4786760
4 2 6131650
4 11 5299110
5 1 5637310
5 3 4735530
5 7 5732260
5 6 5177210
6 8 3359910
6 7 5639650
6 5 5177210
6 11 5155270
6 16 4557600
7 6 5639650
7 21 5553950
7 5 5732260
8 6 3359910
8 10 3115300
8 15 3201030
9 12 3041020
9 10 2991520
10 15 4681110
10 8 3115300
10 11 4910660
10 9 2991520
11 4 5299110
11 6 5155270
11 10 4910660
12 9 3041020
12 14 4266890
12 13 4690030
12 15 4730610
13 12 4690030
13 15 4726260
13 17 5512130
13 16 4358140
14 17 5088990
14 12 4266890
15 10 4681110
15 13 4726260
15 12 4730610
15 8 3201030
16 23 4809420
16 20 4894560
16 6 4557600
16 13 4358140
17 14 5088990
17 13 5512130
17 19 5248010
17 25 7308170
18 22 3907850
18 25 7453990
18 19 5393830
19 17 5248010
19 18 5393830
19 22 2671460
20 16 4894560
20 25 7018140
20 23 5673380
21 24 4584460
21 23 5250720
21 7 5553950
22 18 3907850
22 19 2671460
23 21 5250720
23 24 4921980
23 16 4809420
23 20 5673380
24 21 4584460
24 23 4921980
25 20 7018140
25 18 7453990
25 17 7308170
