0 4 3124840
0 2 4858980
1 2 7833910
1 5 5786110
1 3 5350330
2 1 7833910
2 0 4858980
2 4 7504680
3 4 5021100
3 1 5350330
3 5 4707440
4 0 3124840
4 3 5021100
4 2 7504680
4 11 5717840
5 1 5786110
5 3 4707440
5 7 5679000
5 6 5891890
6 8 4905960
6 7 6427670
6 5 5891890
6 11 6152850
6 16 6784070
7 6 6427670
7 21 5519620
7 5 5679000
8 6 4905960
8 10 4282150
8 15 4637170
9 12 4244130
9 10 3338430
10 15 5747960
10 8 4282150
10 11 5529040
10 9 3338430
11 4 5717840
11 6 6152850
11 10 5529040
12 9 4244130
12 14 6170990
12 13 7171950
12 15 6653660
13 12 7171950
13 15 6621270
13 17 7902030
13 16 7033570
14 17 6901070
14 12 6170990
15 10 5747960
15 13 6621270
15 12 6653660
15 8 4637170
16 23 7832080
16 20 6450130
16 6 6784070
16 13 7033570
17 14 6901070
17 13 7902030
17 19 7215930
17 25 8461760
18 22 4042090
18 25 8021890
18 19 6776060
19 17 7215930
19 18 6776060
19 22 3033390
20 16 6450130
20 25 7115850
20 23 7354630
21 24 4934510
21 23 6780520
21 7 5519620
22 18 4042090
22 19 3033390
23 21 6780520
23 24 6890570
23 16 7832080
23 20 7354630
24 21 4934510
24 23 6890570
25 20 7115850
25 18 8021890
25 17 8461760
