0 4 3386830
0 2 4301700
1 2 8179790
1 5 6518230
1 3 6589010
2 1 8179790
2 0 4301700
2 4 7103850
3 4 5513070
3 1 6589010
3 5 4766380
4 0 3386830
4 3 5513070
4 2 7103850
4 11 6155970
5 1 6518230
5 3 4766380
5 7 5333640
5 6 5522960
6 8 4941090
6 7 6161000
6 5 5522960
6 11 6236640
6 16 5217650
7 6 6161000
7 21 5192280
7 5 5333640
8 6 4941090
8 10 4154070
8 15 4749280
9 12 3609750
9 10 3524210
10 15 5371490
10 8 4154070
10 11 5449620
10 9 3524210
11 4 6155970
11 6 6236640
11 10 5449620
12 9 3609750
12 14 3706850
12 13 4607350
12 15 5457030
13 12 4607350
13 15 5117020
13 17 4399480
13 16 4176160
14 17 3498980
14 12 3706850
15 10 5371490
15 13 5117020
15 12 5457030
15 8 4749280
16 23 5385190
16 20 3955210
16 6 5217650
16 13 4176160
17 14 3498980
17 13 4399480
17 19 4096750
17 25 4812590
18 22 3777570
18 25 5897900
18 19 5182060
19 17 4096750
19 18 5182060
19 22 2257390
20 16 3955210
20 25 4459500
20 23 5255420
21 24 3688500
21 23 5549140
21 7 5192280
22 18 3777570
22 19 2257390
23 21 5549140
23 24 4824760
23 16 5385190
23 20 5255420
24 21 3688500
24 23 4824760
25 20 4459500
25 18 5897900
25 17 4812590
