0 4 3240940
0 2 2988560
1 2 5991340
1 5 5947640
1 3 5292050
2 1 5991340
2 0 2988560
2 4 5943080
3 4 5243790
3 1 5292050
3 5 4947710
4 0 3240940
4 3 5243790
4 2 5943080
4 11 6198010
5 1 5947640
5 3 4947710
5 7 6183020
5 6 5472080
6 8 4052980
6 7 6051800
6 5 5472080
6 11 5770710
6 16 5005790
7 6 6051800
7 21 5664560
7 5 6183020
8 6 4052980
8 10 3937360
8 15 4030250
9 12 3154020
9 10 3357650
10 15 5202510
10 8 3937360
10 11 5655090
10 9 3357650
11 4 6198010
11 6 5770710
11 10 5655090
12 9 3154020
12 14 4026130
12 13 4840410
12 15 4998880
13 12 4840410
13 15 5136930
13 17 5751190
13 16 4824590
14 17 4936910
14 12 4026130
15 10 5202510
15 13 5136930
15 12 4998880
15 8 4030250
16 23 6294660
16 20 4720260
16 6 5005790
16 13 4824590
17 14 4936910
17 13 5751190
17 19 5863990
17 25 6934720
18 22 5011150
18 25 8123740
18 19 7053010
19 17 5863990
19 18 7053010
19 22 3162200
20 16 4720260
20 25 6057660
20 23 6344200
21 24 4257090
21 23 6242490
21 7 5664560
22 18 5011150
22 19 3162200
23 21 6242490
23 24 5933200
23 16 6294660
23 20 6344200
24 21 4257090
24 23 5933200
25 20 6057660
25 18 8123740
25 17 6934720
