0 4 1605130
0 2 2058070
1 2 3356570
1 5 2714940
1 3 2501040
2 1 3356570
2 0 2058070
2 4 3222680
3 4 2367150
3 1 2501040
3 5 2178460
4 0 1605130
4 3 2367150
4 2 3222680
4 11 2907060
5 1 2714940
5 3 2178460
5 7 3131820
5 6 2896590
6 8 2673420
6 7 3636050
6 5 2896590
6 11 3222600
6 16 2978720
7 6 3636050
7 21 3272290
7 5 3131820
8 6 2673420
8 10 2472890
8 15 2632530
9 12 2376430
9 10 1971210
10 15 3159400
10 8 2472890
10 11 3022070
10 9 1971210
11 4 2907060
11 6 3222600
11 10 3022070
12 9 2376430
12 14 3347570
12 13 3792530
12 15 3564620
13 12 3792530
13 15 3546950
13 17 4168110
13 16 3165740
14 17 3723150
14 12 3347570
15 10 3159400
15 13 3546950
15 12 3564620
15 8 2632530
16 23 3180090
16 20 2851580
16 6 2978720
16 13 3165740
17 14 3723150
17 13 4168110
17 19 3963740
17 25 4372650
18 22 2953660
18 25 4777710
18 19 4368800
19 17 3963740
19 18 4368800
19 22 1950980
20 16 2851580
20 25 3665240
20 23 3475050
21 24 2142410
21 23 3238430
21 7 3272290
22 18 2953660
22 19 1950980
23 21 3238430
23 24 2707540
23 16 3180090
23 20 3475050
24 21 2142410
24 23 2707540
25 20 3665240
25 18 4777710
25 17 4372650
