0 4 3124260
0 2 4397580
1 2 6656490
1 5 5700560
1 3 4586440
2 1 6656490
2 0 4397580
2 4 6758720
3 4 4688670
3 1 4586440
3 5 5006060
4 0 3124260
4 3 4688670
4 2 6758720
4 11 5567670
5 1 5700560
5 3 5006060
5 7 6366790
5 6 6334650
6 8 4976370
6 7 6581260
6 5 6334650
6 11 6099530
6 16 5434720
7 6 6581260
7 21 5854860
7 5 6366790
8 6 4976370
8 10 4291960
8 15 4562770
9 12 3168400
9 10 3378470
10 15 5451110
10 8 4291960
10 11 5415120
10 9 3378470
11 4 5567670
11 6 6099530
11 10 5415120
12 9 3168400
12 14 3521780
12 13 4969180
12 15 5241040
13 12 4969180
13 15 5450060
13 17 4770040
13 16 4749260
14 17 3322640
14 12 3521780
15 10 5451110
15 13 5450060
15 12 5241040
15 8 4562770
16 23 5488860
16 20 4845400
16 6 5434720
16 13 4749260
17 14 3322640
17 13 4770040
17 19 4219550
17 25 5128190
18 22 3320520
18 25 6232010
18 19 5323370
19 17 4219550
19 18 5323370
19 22 2074370
20 16 4845400
20 25 5632490
20 23 6013940
21 24 5424220
21 23 5876860
21 7 5854860
22 18 3320520
22 19 2074370
23 21 5876860
23 24 6204760
23 16 5488860
23 20 6013940
24 21 5424220
24 23 6204760
25 20 5632490
25 18 6232010
25 17 5128190
