0 4 2849100
0 2 2755420
1 2 5947480
1 5 5708570
1 3 5586270
2 1 5947480
2 0 2755420
2 4 5385040
3 4 5023830
3 1 5586270
3 5 4691240
4 0 2849100
4 3 5023830
4 2 5385040
4 11 5582010
5 1 5708570
5 3 4691240
5 7 4806400
5 6 4914870
6 8 3668290
6 7 4907730
6 5 4914870
6 11 5350750
6 16 4161910
7 6 4907730
7 21 4134390
7 5 4806400
8 6 3668290
8 10 3939790
8 15 3878080
9 12 3625150
9 10 3803620
10 15 5497490
10 8 3939790
10 11 5622250
10 9 3803620
11 4 5582010
11 6 5350750
11 10 5622250
12 9 3625150
12 14 3249690
12 13 4633870
12 15 5319020
13 12 4633870
13 15 4750630
13 17 4071620
13 16 3686550
14 17 2687440
14 12 3249690
15 10 5497490
15 13 4750630
15 12 5319020
15 8 3878080
16 23 4085860
16 20 4008610
16 6 4161910
16 13 3686550
17 14 2687440
17 13 4071620
17 19 3416540
17 25 4999440
18 22 2817870
18 25 5622640
18 19 4039740
19 17 3416540
19 18 4039740
19 22 1533450
20 16 4008610
20 25 5315360
20 23 4786850
21 24 3052600
21 23 4166810
21 7 4134390
22 18 2817870
22 19 1533450
23 21 4166810
23 24 3749890
23 16 4085860
23 20 4786850
24 21 3052600
24 23 3749890
25 20 5315360
25 18 5622640
25 17 4999440
