0 4 3162570
0 2 4252780
1 2 6697160
1 5 4758400
1 3 4467680
2 1 6697160
2 0 4252780
2 4 6743050
3 4 4513570
3 1 4467680
3 5 3665020
4 0 3162570
4 3 4513570
4 2 6743050
4 11 5686700
5 1 4758400
5 3 3665020
5 7 4983750
5 6 4355920
6 8 3822050
6 7 5383930
6 5 4355920
6 11 5238330
6 16 4544620
7 6 5383930
7 21 4496090
7 5 4983750
8 6 3822050
8 10 4143150
8 15 3988770
9 12 4366010
9 10 3690730
10 15 5243920
10 8 4143150
10 11 5559430
10 9 3690730
11 4 5686700
11 6 5238330
11 10 5559430
12 9 4366010
12 14 5678540
12 13 5802140
12 15 5919200
13 12 5802140
13 15 4972480
13 17 5865370
13 16 4594280
14 17 5741770
14 12 5678540
15 10 5243920
15 13 4972480
15 12 5919200
15 8 3988770
16 23 5243880
16 20 4375170
16 6 4544620
16 13 4594280
17 14 5741770
17 13 5865370
17 19 5482850
17 25 7009200
18 22 3440210
18 25 6938390
18 19 5412040
19 17 5482850
19 18 5412040
19 22 2118550
20 16 4375170
20 25 5780140
20 23 5285910
21 24 3514790
21 23 4567520
21 7 4496090
22 18 3440210
22 19 2118550
23 21 4567520
23 24 5101890
23 16 5243880
23 20 5285910
24 21 3514790
24 23 5101890
25 20 5780140
25 18 6938390
25 17 7009200
