0 4 2711330
0 2 2640400
1 2 4884190
1 5 4433310
1 3 4075380
2 1 4884190
2 0 2640400
2 4 4983070
3 4 4174260
3 1 4075380
3 5 3652450
4 0 2711330
4 3 4174260
4 2 4983070
4 11 4878130
5 1 4433310
5 3 3652450
5 7 5171800
5 6 4866220
6 8 4322000
6 7 6027640
6 5 4866220
6 11 5212160
6 16 6109240
7 6 6027640
7 21 5577740
7 5 5171800
8 6 4322000
8 10 3940730
8 15 4226770
9 12 3858790
9 10 3546680
10 15 5245560
10 8 3940730
10 11 4830890
10 9 3546680
11 4 4878130
11 6 5212160
11 10 4830890
12 9 3858790
12 14 4149740
12 13 5761480
12 15 5557670
13 12 5761480
13 15 5735410
13 17 5388200
13 16 6217820
14 17 3776460
14 12 4149740
15 10 5245560
15 13 5735410
15 12 5557670
15 8 4226770
16 23 7743970
16 20 5519750
16 6 6109240
16 13 6217820
17 14 3776460
17 13 5388200
17 19 3663420
17 25 5425810
18 22 2427620
18 25 5234050
18 19 3471660
19 17 3663420
19 18 3471660
19 22 1445620
20 16 5519750
20 25 5278760
20 23 6767300
21 24 3705360
21 23 6906890
21 7 5577740
22 18 2427620
22 19 1445620
23 21 6906890
23 24 5789990
23 16 7743970
23 20 6767300
24 21 3705360
24 23 5789990
25 20 5278760
25 18 5234050
25 17 5425810
