0 4 2528350
0 2 3329200
1 2 5201830
1 5 3906160
1 3 3636970
2 1 5201830
2 0 3329200
2 4 5225670
3 4 3660810
3 1 3636970
3 5 3165990
4 0 2528350
4 3 3660810
4 2 5225670
4 11 4512230
5 1 3906160
5 3 3165990
5 7 4176980
5 6 3919180
6 8 3580000
6 7 4660980
6 5 3919180
6 11 4501410
6 16 4073310
7 6 4660980
7 21 4402630
7 5 4176980
8 6 3580000
8 10 3747160
8 15 3881290
9 12 3436080
9 10 3152010
10 15 4871630
10 8 3747160
10 11 4668570
10 9 3152010
11 4 4512230
11 6 4501410
11 10 4668570
12 9 3436080
12 14 3734040
12 13 5293540
12 15 5155700
13 12 5293540
13 15 5143600
13 17 5010600
13 16 4512440
14 17 3451100
14 12 3734040
15 10 4871630
15 13 5143600
15 12 5155700
15 8 3881290
16 23 5118730
16 20 3985850
16 6 4073310
16 13 4512440
17 14 3451100
17 13 5010600
17 19 3861640
17 25 5383930
18 22 2722570
18 25 5507060
18 19 3984770
19 17 3861640
19 18 3984770
19 22 1721320
20 16 3985850
20 25 5128180
20 23 5361140
21 24 3600000
21 23 5190250
21 7 4402630
22 18 2722570
22 19 1721320
23 21 5190250
23 24 4903770
23 16 5118730
23 20 5361140
24 21 3600000
24 23 4903770
25 20 5128180
25 18 5507060
25 17 5383930
