0 4 3085790
0 2 3298700
1 2 7114530
1 5 7011950
1 3 6845910
2 1 7114530
2 0 3298700
2 4 6263090
3 4 5994470
3 1 6845910
3 5 6104800
4 0 3085790
4 3 5994470
4 2 6263090
4 11 6255440
5 1 7011950
5 3 6104800
5 7 5611580
5 6 5707160
6 8 3827090
6 7 5047900
6 5 5707160
6 11 5802090
6 16 4343230
7 6 5047900
7 21 4411750
7 5 5611580
8 6 3827090
8 10 3995940
8 15 4280010
9 12 3797570
9 10 3624220
10 15 5765250
10 8 3995940
10 11 5970940
10 9 3624220
11 4 6255440
11 6 5802090
11 10 5970940
12 9 3797570
12 14 4573320
12 13 5559270
12 15 5938600
13 12 5559270
13 15 5669990
13 17 6349850
13 16 4416820
14 17 5363900
14 12 4573320
15 10 5765250
15 13 5669990
15 12 5938600
15 8 4280010
16 23 4600460
16 20 4529130
16 6 4343230
16 13 4416820
17 14 5363900
17 13 6349850
17 19 5541940
17 25 7800500
18 22 3687640
18 25 7406710
18 19 5148150
19 17 5541940
19 18 5148150
19 22 2214330
20 16 4529130
20 25 6853620
20 23 5586610
21 24 3615820
21 23 4764560
21 7 4411750
22 18 3687640
22 19 2214330
23 21 4764560
23 24 4509200
23 16 4600460
23 20 5586610
24 21 3615820
24 23 4509200
25 20 6853620
25 18 7406710
25 17 7800500
