0 4 3469050
0 2 3445760
1 2 5816330
1 5 5685430
1 3 4816250
2 1 5816330
2 0 3445760
2 4 5953930
3 4 4953850
3 1 4816250
3 5 4799660
4 0 3469050
4 3 4953850
4 2 5953930
4 11 6124340
5 1 5685430
5 3 4799660
5 7 5634190
5 6 5659550
6 8 3962410
6 7 5624900
6 5 5659550
6 11 5960860
6 16 5169970
7 6 5624900
7 21 4764190
7 5 5634190
8 6 3962410
8 10 3511150
8 15 3600310
9 12 3667990
9 10 3451240
10 15 4836900
10 8 3511150
10 11 5509600
10 9 3451240
11 4 6124340
11 6 5960860
11 10 5509600
12 9 3667990
12 14 4610500
12 13 4847760
12 15 5053650
13 12 4847760
13 15 4720170
13 17 5309000
13 16 4601980
14 17 5071740
14 12 4610500
15 10 4836900
15 13 4720170
15 12 5053650
15 8 3600310
16 23 5691980
16 20 4295910
16 6 5169970
16 13 4601980
17 14 5071740
17 13 5309000
17 19 5263360
17 25 5938870
18 22 4482870
18 25 7124730
18 19 6449220
19 17 5263360
19 18 6449220
19 22 2456650
20 16 4295910
20 25 4838080
20 23 5298210
21 24 4017000
21 23 5311560
21 7 4764190
22 18 4482870
22 19 2456650
23 21 5311560
23 24 5399720
23 16 5691980
23 20 5298210
24 21 4017000
24 23 5399720
25 20 4838080
25 18 7124730
25 17 5938870
