0 4 2338990
0 2 3542860
1 2 5605430
1 5 4362250
1 3 3899340
2 1 5605430
2 0 3542860
2 4 5408510
3 4 3702420
3 1 3899340
3 5 3663110
4 0 2338990
4 3 3702420
4 2 5408510
4 11 4351830
5 1 4362250
5 3 3663110
5 7 3907990
5 6 4030650
6 8 2982740
6 7 3812620
6 5 4030650
6 11 4217150
6 16 3956820
7 6 3812620
7 21 3089940
7 5 3907990
8 6 2982740
8 10 3107350
8 15 2933870
9 12 2647640
9 10 2710870
10 15 4011020
10 8 3107350
10 11 4341760
10 9 2710870
11 4 4351830
11 6 4217150
11 10 4341760
12 9 2647640
12 14 3100960
12 13 4223970
12 15 3947790
13 12 4223970
13 15 4113720
13 17 4257760
13 16 4184130
14 17 3134750
14 12 3100960
15 10 4011020
15 13 4113720
15 12 3947790
15 8 2933870
16 23 3903580
16 20 3749670
16 6 3956820
16 13 4184130
17 14 3134750
17 13 4257760
17 19 3490350
17 25 4277940
18 22 2632680
18 25 4559180
18 19 3771590
19 17 3490350
19 18 3771590
19 22 1716170
20 16 3749670
20 25 3975620
20 23 3674890
21 24 2562910
21 23 3159360
21 7 3089940
22 18 2632680
22 19 1716170
23 21 3159360
23 24 3232350
23 16 3903580
23 20 3674890
24 21 2562910
24 23 3232350
25 20 3975620
25 18 4559180
25 17 4277940
