0 4 2892930
0 2 4412900
1 2 7651110
1 5 6365400
1 3 5766720
2 1 7651110
2 0 4412900
2 4 6594390
3 4 4710000
3 1 5766720
3 5 4944260
4 0 2892930
4 3 4710000
4 2 6594390
4 11 5029970
5 1 6365400
5 3 4944260
5 7 5431480
5 6 4772570
6 8 3298890
6 7 4661110
6 5 4772570
6 11 4493860
6 16 3974060
7 6 4661110
7 21 4791440
7 5 5431480
8 6 3298890
8 10 3601830
8 15 3646000
9 12 3977520
9 10 3047460
10 15 4652250
10 8 3601830
10 11 4796800
10 9 3047460
11 4 5029970
11 6 4493860
11 10 4796800
12 9 3977520
12 14 4762820
12 13 5699910
12 15 5582310
13 12 5699910
13 15 4814020
13 17 5157330
13 16 4438770
14 17 4220240
14 12 4762820
15 10 4652250
15 13 4814020
15 12 5582310
15 8 3646000
16 23 4253140
16 20 4040750
16 6 3974060
16 13 4438770
17 14 4220240
17 13 5157330
17 19 4896020
17 25 5598530
18 22 4647660
18 25 7320760
18 19 6618250
19 17 4896020
19 18 6618250
19 22 2438410
20 16 4040750
20 25 4974800
20 23 4347970
21 24 3484670
21 23 4411610
21 7 4791440
22 18 4647660
22 19 2438410
23 21 4411610
23 24 3633420
23 16 4253140
23 20 4347970
24 21 3484670
24 23 3633420
25 20 4974800
25 18 7320760
25 17 5598530
