0 4 2086880
0 2 3213750
1 2 5386620
1 5 4382990
1 3 3933250
2 1 5386620
2 0 3213750
2 4 4929830
3 4 3476460
3 1 3933250
3 5 3599700
4 0 2086880
4 3 3476460
4 2 4929830
4 11 4078130
5 1 4382990
5 3 3599700
5 7 4517550
5 6 3988990
6 8 2756450
6 7 4457100
6 5 3988990
6 11 4140920
6 16 3367910
7 6 4457100
7 21 4546510
7 5 4517550
8 6 2756450
8 10 2686620
8 15 2746930
9 12 2409600
9 10 2485580
10 15 3849190
10 8 2686620
10 11 4071090
10 9 2485580
11 4 4078130
11 6 4140920
11 10 4071090
12 9 2409600
12 14 3077250
12 13 3508780
12 15 3773210
13 12 3508780
13 15 3645070
13 17 4187840
13 16 3093960
14 17 3756310
14 12 3077250
15 10 3849190
15 13 3645070
15 12 3773210
15 8 2746930
16 23 4414000
16 20 3370260
16 6 3367910
16 13 3093960
17 14 3756310
17 13 4187840
17 19 4214590
17 25 5294230
18 22 3183380
18 25 5729450
18 19 4649810
19 17 4214590
19 18 4649810
19 22 1967710
20 16 3370260
20 25 4763330
20 23 4976980
21 24 3655420
21 23 5064040
21 7 4546510
22 18 3183380
22 19 1967710
23 21 5064040
23 24 4612100
23 16 4414000
23 20 4976980
24 21 3655420
24 23 4612100
25 20 4763330
25 18 5729450
25 17 5294230
