0 4 2683220
0 2 3061050
1 2 4864610
1 5 4646840
1 3 3673430
2 1 4864610
2 0 3061050
2 4 5122850
3 4 3931670
3 1 3673430
3 5 4091730
4 0 2683220
4 3 3931670
4 2 5122850
4 11 5051750
5 1 4646840
5 3 4091730
5 7 5892000
5 6 5138450
6 8 3711340
6 7 5965310
6 5 5138450
6 11 5285120
6 16 5209440
7 6 5965310
7 21 5589640
7 5 5892000
8 6 3711340
8 10 3521770
8 15 3588630
9 12 2939050
9 10 3457330
10 15 4899480
10 8 3521770
10 11 5095550
10 9 3457330
11 4 5051750
11 6 5285120
11 10 5095550
12 9 2939050
12 14 3621620
12 13 4068130
12 15 4381200
13 12 4068130
13 15 4653270
13 17 5071420
13 16 4773660
14 17 4624910
14 12 3621620
15 10 4899480
15 13 4653270
15 12 4381200
15 8 3588630
16 23 6505880
16 20 5555990
16 6 5209440
16 13 4773660
17 14 4624910
17 13 5071420
17 19 4663140
17 25 6634930
18 22 3581900
18 25 6855690
18 19 4883900
19 17 4663140
19 18 4883900
19 22 2221640
20 16 5555990
20 25 6686040
20 23 6854750
21 24 5056230
21 23 6132530
21 7 5589640
22 18 3581900
22 19 2221640
23 21 6132530
23 24 6728340
23 16 6505880
23 20 6854750
24 21 5056230
24 23 6728340
25 20 6686040
25 18 6855690
25 17 6634930
