0 4 2481000
0 2 2699370
1 2 4347160
1 5 3872050
1 3 3374210
2 1 4347160
2 0 2699370
2 4 4520410
3 4 3547460
3 1 3374210
3 5 3290720
4 0 2481000
4 3 3547460
4 2 4520410
4 11 4355330
5 1 3872050
5 3 3290720
5 7 3974870
5 6 4001400
6 8 3076070
6 7 4187710
6 5 4001400
6 11 4311430
6 16 3549120
7 6 4187710
7 21 3767440
7 5 3974870
8 6 3076070
8 10 2845140
8 15 2922950
9 12 2143840
9 10 2477800
10 15 3830190
10 8 2845140
10 11 4080500
10 9 2477800
11 4 4355330
11 6 4311430
11 10 4080500
12 9 2143840
12 14 3094080
12 13 3255990
12 15 3496230
13 12 3255990
13 15 3667760
13 17 4302740
13 16 3155760
14 17 4140830
14 12 3094080
15 10 3830190
15 13 3667760
15 12 3496230
15 8 2922950
16 23 3590830
16 20 2722960
16 6 3549120
16 13 3155760
17 14 4140830
17 13 4302740
17 19 4103430
17 25 4828230
18 22 2556720
18 25 4445730
18 19 3720930
19 17 4103430
19 18 3720930
19 22 1864690
20 16 2722960
20 25 3520210
20 23 3429790
21 24 2833890
21 23 3835680
21 7 3767440
22 18 2556720
22 19 1864690
23 21 3835680
23 24 3295870
23 16 3590830
23 20 3429790
24 21 2833890
24 23 3295870
25 20 3520210
25 18 4445730
25 17 4828230
