0 4 3012020
0 2 3044390
1 2 6201410
1 5 6325010
1 3 5488010
2 1 6201410
2 0 3044390
2 4 6034410
3 4 5321010
3 1 5488010
3 5 5476980
4 0 3012020
4 3 5321010
4 2 6034410
4 11 6175500
5 1 6325010
5 3 5476980
5 7 6054980
5 6 6006980
6 8 4299800
6 7 5747980
6 5 6006980
6 11 6024470
6 16 5533250
7 6 5747980
7 21 5082500
7 5 6054980
8 6 4299800
8 10 4655940
8 15 4762160
9 12 4708740
9 10 4325670
10 15 6518480
10 8 4655940
10 11 6380610
10 9 4325670
11 4 6175500
11 6 6024470
11 10 6380610
12 9 4708740
12 14 6044850
12 13 6603540
12 15 6901550
13 12 6603540
13 15 6326690
13 17 7055370
13 16 5697600
14 17 6496680
14 12 6044850
15 10 6518480
15 13 6326690
15 12 6901550
15 8 4762160
16 23 6361930
16 20 5768100
16 6 5533250
16 13 5697600
17 14 6496680
17 13 7055370
17 19 6754810
17 25 8629080
18 22 5266400
18 25 9614770
18 19 7740500
19 17 6754810
19 18 7740500
19 22 2953460
20 16 5768100
20 25 7672890
20 23 6763510
21 24 4189190
21 23 5863180
21 7 5082500
22 18 5266400
22 19 2953460
23 21 5863180
23 24 5683350
23 16 6361930
23 20 6763510
24 21 4189190
24 23 5683350
25 20 7672890
25 18 9614770
25 17 8629080
