0 4 3553800
0 2 4360730
1 2 7708750
1 5 6382450
1 3 6475720
2 1 7708750
2 0 4360730
2 4 6730410
3 4 5497380
3 1 6475720
3 5 4978010
4 0 3553800
4 3 5497380
4 2 6730410
4 11 6249580
5 1 6382450
5 3 4978010
5 7 5677700
5 6 5483400
6 8 4590860
6 7 6276360
6 5 5483400
6 11 6328870
6 16 5387650
7 6 6276360
7 21 5667380
7 5 5677700
8 6 4590860
8 10 4154150
8 15 4284990
9 12 3176410
9 10 3523040
10 15 5339480
10 8 4154150
10 11 5892160
10 9 3523040
11 4 6249580
11 6 6328870
11 10 5892160
12 9 3176410
12 14 3603330
12 13 4633000
12 15 4992850
13 12 4633000
13 15 5110470
13 17 4953940
13 16 4721930
14 17 3924270
14 12 3603330
15 10 5339480
15 13 5110470
15 12 4992850
15 8 4284990
16 23 5330390
16 20 5510990
16 6 5387650
16 13 4721930
17 14 3924270
17 13 4953940
17 19 4551250
17 25 6045610
18 22 4515920
18 25 7227310
18 19 5732950
19 17 4551250
19 18 5732950
19 22 2728210
20 16 5510990
20 25 6631350
20 23 6148140
21 24 4603890
21 23 5415820
21 7 5667380
22 18 4515920
22 19 2728210
23 21 5415820
23 24 5155610
23 16 5330390
23 20 6148140
24 21 4603890
24 23 5155610
25 20 6631350
25 18 7227310
25 17 6045610
