0 4 2828000
0 2 4158360
1 2 6013700
1 5 4614930
1 3 3825010
2 1 6013700
2 0 4158360
2 4 6227360
3 4 4038670
3 1 3825010
3 5 3970260
4 0 2828000
4 3 4038670
4 2 6227360
4 11 4685990
5 1 4614930
5 3 3970260
5 7 5282560
5 6 5136660
6 8 4378320
6 7 5659040
6 5 5136660
6 11 4994060
6 16 5145360
7 6 5659040
7 21 5107060
7 5 5282560
8 6 4378320
8 10 3994510
8 15 4526570
9 12 4123820
9 10 3531300
10 15 5277580
10 8 3994510
10 11 4610250
10 9 3531300
11 4 4685990
11 6 4994060
11 10 4610250
12 9 4123820
12 14 4402860
12 13 5955930
12 15 5870100
13 12 5955930
13 15 5895470
13 17 6146590
13 16 5379440
14 17 4593520
14 12 4402860
15 10 5277580
15 13 5895470
15 12 5870100
15 8 4526570
16 23 6244910
16 20 5966600
16 6 5145360
16 13 5379440
17 14 4593520
17 13 6146590
17 19 5797700
17 25 7361140
18 22 4821450
18 25 8937570
18 19 7374130
19 17 5797700
19 18 7374130
19 22 2730840
20 16 5966600
20 25 7783010
20 23 7433930
21 24 3654360
21 23 6060710
21 7 5107060
22 18 4821450
22 19 2730840
23 21 6060710
23 24 5305890
23 16 6244910
23 20 7433930
24 21 3654360
24 23 5305890
25 20 7783010
25 18 8937570
25 17 7361140
