0 4 2746730
0 2 3153390
1 2 4720890
1 5 4150490
1 3 3578720
2 1 4720890
2 0 3153390
2 4 4864320
3 4 3722150
3 1 3578720
3 5 3558410
4 0 2746730
4 3 3722150
4 2 4864320
4 11 4590380
5 1 4150490
5 3 3558410
5 7 4496990
5 6 4359030
6 8 2925400
6 7 4725840
6 5 4359030
6 11 4655490
6 16 4507440
7 6 4725840
7 21 4883640
7 5 4496990
8 6 2925400
8 10 2476940
8 15 2639880
9 12 3061850
9 10 2590380
10 15 3853900
10 8 2476940
10 11 4207030
10 9 2590380
11 4 4590380
11 6 4655490
11 10 4207030
12 9 3061850
12 14 4161290
12 13 4609310
12 15 4325370
13 12 4609310
13 15 4300780
13 17 5622340
13 16 4505860
14 17 5174320
14 12 4161290
15 10 3853900
15 13 4300780
15 12 4325370
15 8 2639880
16 23 5437400
16 20 3749170
16 6 4507440
16 13 4505860
17 14 5174320
17 13 5622340
17 19 5583890
17 25 5844550
18 22 4374180
18 25 6152620
18 19 5891960
19 17 5583890
19 18 5891960
19 22 2990040
20 16 3749170
20 25 4050240
20 23 4759570
21 24 3818650
21 23 5675640
21 7 4883640
22 18 4374180
22 19 2990040
23 21 5675640
23 24 4590810
23 16 5437400
23 20 4759570
24 21 3818650
24 23 4590810
25 20 4050240
25 18 6152620
25 17 5844550
