0 4 1785410
0 2 2995380
1 2 4733010
1 5 3616760
1 3 3275400
2 1 4733010
2 0 2995380
2 4 4307230
3 4 2849620
3 1 3275400
3 5 2943340
4 0 1785410
4 3 2849620
4 2 4307230
4 11 3229390
5 1 3616760
5 3 2943340
5 7 2962720
5 6 3220970
6 8 2430130
6 7 2898990
6 5 3220970
6 11 3259380
6 16 2753670
7 6 2898990
7 21 2452250
7 5 2962720
8 6 2430130
8 10 2426530
8 15 2266930
9 12 1468410
9 10 2110410
10 15 2990440
10 8 2426530
10 11 3255780
10 9 2110410
11 4 3229390
11 6 3259380
11 10 3255780
12 9 1468410
12 14 1707930
12 13 2486920
12 15 2348440
13 12 2486920
13 15 2969320
13 17 3622370
13 16 2728950
14 17 2843380
14 12 1707930
15 10 2990440
15 13 2969320
15 12 2348440
15 8 2266930
16 23 3796970
16 20 3310270
16 6 2753670
16 13 2728950
17 14 2843380
17 13 3622370
17 19 3885090
17 25 4411850
18 22 2458020
18 25 4425530
18 19 3898770
19 17 3885090
19 18 3898770
19 22 2192490
20 16 3310270
20 25 4478600
20 23 4757140
21 24 2603450
21 23 3753800
21 7 2452250
22 18 2458020
22 19 2192490
23 21 3753800
23 24 4093490
23 16 3796970
23 20 4757140
24 21 2603450
24 23 4093490
25 20 4478600
25 18 4425530
25 17 4411850
