0 4 2033000
0 2 2116810
1 2 3500540
1 5 3014140
1 3 2887800
2 1 3500540
2 0 2116810
2 4 3504050
3 4 2891310
3 1 2887800
3 5 2488720
4 0 2033000
4 3 2891310
4 2 3504050
4 11 3452510
5 1 3014140
5 3 2488720
5 7 2888530
5 6 2904060
6 8 2521900
6 7 3177530
6 5 2904060
6 11 3338920
6 16 2795130
7 6 3177530
7 21 2897480
7 5 2888530
8 6 2521900
8 10 2543570
8 15 2822790
9 12 2130470
9 10 2199670
10 15 3515620
10 8 2543570
10 11 3360590
10 9 2199670
11 4 3452510
11 6 3338920
11 10 3360590
12 9 2130470
12 14 2311580
12 13 3015160
12 15 3446420
13 12 3015160
13 15 3363580
13 17 3283030
13 16 2664760
14 17 2579450
14 12 2311580
15 10 3515620
15 13 3363580
15 12 3446420
15 8 2822790
16 23 2889030
16 20 2759920
16 6 2795130
16 13 2664760
17 14 2579450
17 13 3283030
17 19 3181170
17 25 3847030
18 22 2701410
18 25 4472200
18 19 3806340
19 17 3181170
19 18 3806340
19 22 1623670
20 16 2759920
20 25 3591480
20 23 3251750
21 24 2782000
21 23 3006910
21 7 2897480
22 18 2701410
22 19 1623670
23 21 3006910
23 24 3155950
23 16 2889030
23 20 3251750
24 21 2782000
24 23 3155950
25 20 3591480
25 18 4472200
25 17 3847030
