0 4 2631340
0 2 2833180
1 2 5518290
1 5 5513060
1 3 4855220
2 1 5518290
2 0 2833180
2 4 4938840
3 4 4275770
3 1 4855220
3 5 4472380
4 0 2631340
4 3 4275770
4 2 4938840
4 11 4747720
5 1 5513060
5 3 4472380
5 7 4853120
5 6 5291980
6 8 4051310
6 7 5014880
6 5 5291980
6 11 5106090
6 16 4897330
7 6 5014880
7 21 4257160
7 5 4853120
8 6 4051310
8 10 3648390
8 15 4049470
9 12 3384530
9 10 3352770
10 15 5048980
10 8 3648390
10 11 4703170
10 9 3352770
11 4 4747720
11 6 5106090
11 10 4703170
12 9 3384530
12 14 3836790
12 13 4837740
12 15 5080740
13 12 4837740
13 15 5207060
13 17 5551350
13 16 4652490
14 17 4550400
14 12 3836790
15 10 5048980
15 13 5207060
15 12 5080740
15 8 4049470
16 23 5199090
16 20 4626310
16 6 4897330
16 13 4652490
17 14 4550400
17 13 5551350
17 19 5348430
17 25 6163270
18 22 4135170
18 25 7093260
18 19 6278420
19 17 5348430
19 18 6278420
19 22 2414970
20 16 4626310
20 25 5549800
20 23 5484480
21 24 4360720
21 23 4997780
21 7 4257160
22 18 4135170
22 19 2414970
23 21 4997780
23 24 5420200
23 16 5199090
23 20 5484480
24 21 4360720
24 23 5420200
25 20 5549800
25 18 7093260
25 17 6163270
