0 4 4628680
0 2 5890450
1 2 8803420
1 5 7010230
1 3 6017570
2 1 8803420
2 0 5890450
2 4 9141130
3 4 6355280
3 1 6017570
3 5 5823860
4 0 4628680
4 3 6355280
4 2 9141130
4 11 8006120
5 1 7010230
5 3 5823860
5 7 6811020
5 6 7570130
6 8 6705320
6 7 7564630
6 5 7570130
6 11 8228310
6 16 6841360
7 6 7564630
7 21 6003400
7 5 6811020
8 6 6705320
8 10 5857760
8 15 6158430
9 12 4962050
9 10 4530320
10 15 6929290
10 8 5857760
10 11 7380750
10 9 4530320
11 4 8006120
11 6 8228310
11 10 7380750
12 9 4962050
12 14 5543740
12 13 6771340
12 15 7361020
13 12 6771340
13 15 6640280
13 17 6131800
13 16 5704790
14 17 4904200
14 12 5543740
15 10 6929290
15 13 6640280
15 12 7361020
15 8 6158430
16 23 6989930
16 20 5417230
16 6 6841360
16 13 5704790
17 14 4904200
17 13 6131800
17 19 5573240
17 25 6729760
18 22 4811640
18 25 7930750
18 19 6774230
19 17 5573240
19 18 6774230
19 22 2970890
20 16 5417230
20 25 6361000
20 23 7048180
21 24 4499190
21 23 6911080
21 7 6003400
22 18 4811640
22 19 2970890
23 21 6911080
23 24 6208990
23 16 6989930
23 20 7048180
24 21 4499190
24 23 6208990
25 20 6361000
25 18 7930750
25 17 6729760
