0 4 2809890
0 2 2765290
1 2 5152970
1 5 4903060
1 3 4252750
2 1 5152970
2 0 2765290
2 4 5177180
3 4 4276960
3 1 4252750
3 5 3982450
4 0 2809890
4 3 4276960
4 2 5177180
4 11 5314850
5 1 4903060
5 3 3982450
5 7 4854830
5 6 5202440
6 8 4318060
6 7 5424510
6 5 5202440
6 11 5590020
6 16 5155840
7 6 5424510
7 21 4483040
7 5 4854830
8 6 4318060
8 10 4079440
8 15 4229330
9 12 4099480
9 10 3703280
10 15 5444770
10 8 4079440
10 11 5351400
10 9 3703280
11 4 5314850
11 6 5590020
11 10 5351400
12 9 4099480
12 14 5184650
12 13 5898450
12 15 5840970
13 12 5898450
13 15 5652140
13 17 6659550
13 16 5124590
14 17 5945750
14 12 5184650
15 10 5444770
15 13 5652140
15 12 5840970
15 8 4229330
16 23 5087750
16 20 4849320
16 6 5155840
16 13 5124590
17 14 5945750
17 13 6659550
17 19 6596330
17 25 6947610
18 22 4901960
18 25 7507130
18 19 7155850
19 17 6596330
19 18 7155850
19 22 3329290
20 16 4849320
20 25 5722410
20 23 5397510
21 24 4302480
21 23 4762560
21 7 4483040
22 18 4901960
22 19 3329290
23 21 4762560
23 24 5175860
23 16 5087750
23 20 5397510
24 21 4302480
24 23 5175860
25 20 5722410
25 18 7507130
25 17 6947610
