0 4 3348630
0 2 3962720
1 2 7242250
1 5 6350070
1 3 5922620
2 1 7242250
2 0 3962720
2 4 6799970
3 4 5480340
3 1 5922620
3 5 5202250
4 0 3348630
4 3 5480340
4 2 6799970
4 11 6319630
5 1 6350070
5 3 5202250
5 7 6386010
5 6 5489570
6 8 4416660
6 7 6245880
6 5 5489570
6 11 5901410
6 16 4952850
7 6 6245880
7 21 5456430
7 5 6386010
8 6 4416660
8 10 4601330
8 15 4735330
9 12 4337810
9 10 3760900
10 15 5852780
10 8 4601330
10 11 6086080
10 9 3760900
11 4 6319630
11 6 5901410
11 10 6086080
12 9 4337810
12 14 6150020
12 13 6218040
12 15 6429690
13 12 6218040
13 15 5775130
13 17 6514340
13 16 5059870
14 17 6446320
14 12 6150020
15 10 5852780
15 13 5775130
15 12 6429690
15 8 4735330
16 23 6438170
16 20 5470450
16 6 4952850
16 13 5059870
17 14 6446320
17 13 6514340
17 19 6408120
17 25 7612530
18 22 4577650
18 25 7940580
18 19 6736170
19 17 6408120
19 18 6736170
19 22 3192520
20 16 5470450
20 25 7072250
20 23 7352360
21 24 3262370
21 23 6045310
21 7 5456430
22 18 4577650
22 19 3192520
23 21 6045310
23 24 5537140
23 16 6438170
23 20 7352360
24 21 3262370
24 23 5537140
25 20 7072250
25 18 7940580
25 17 7612530
