0 4 2779020
0 2 3532150
1 2 5905690
1 5 4931950
1 3 4722860
2 1 5905690
2 0 3532150
2 4 5408050
3 4 4225220
3 1 4722860
3 5 4004610
4 0 2779020
4 3 4225220
4 2 5408050
4 11 5036150
5 1 4931950
5 3 4004610
5 7 4266280
5 6 4400920
6 8 3420840
6 7 4453500
6 5 4400920
6 11 5002760
6 16 3894700
7 6 4453500
7 21 4003120
7 5 4266280
8 6 3420840
8 10 3433040
8 15 3488420
9 12 2593630
9 10 3139040
10 15 4667920
10 8 3433040
10 11 5014960
10 9 3139040
11 4 5036150
11 6 5002760
11 10 5014960
12 9 2593630
12 14 2898580
12 13 3597410
12 15 4122510
13 12 3597410
13 15 4198200
13 17 3938630
13 16 3437180
14 17 3239800
14 12 2898580
15 10 4667920
15 13 4198200
15 12 4122510
15 8 3488420
16 23 3896070
16 20 2931510
16 6 3894700
16 13 3437180
17 14 3239800
17 13 3938630
17 19 3453600
17 25 3934110
18 22 3238420
18 25 4690990
18 19 4210480
19 17 3453600
19 18 4210480
19 22 1730980
20 16 2931510
20 25 3162910
20 23 3626320
21 24 3559110
21 23 4139130
21 7 4003120
22 18 3238420
22 19 1730980
23 21 4139130
23 24 4010860
23 16 3896070
23 20 3626320
24 21 3559110
24 23 4010860
25 20 3162910
25 18 4690990
25 17 3934110
