0 4 2944520
0 2 3190560
1 2 6137670
1 5 5867070
1 3 5378430
2 1 6137670
2 0 3190560
2 4 5470220
3 4 4710980
3 1 5378430
3 5 4686420
4 0 2944520
4 3 4710980
4 2 5470220
4 11 5224800
5 1 5867070
5 3 4686420
5 7 5250430
5 6 5344350
6 8 4236310
6 7 5419720
6 5 5344350
6 11 5369530
6 16 4845740
7 6 5419720
7 21 4635440
7 5 5250430
8 6 4236310
8 10 3937250
8 15 4437620
9 12 3565200
9 10 3556220
10 15 5415890
10 8 3937250
10 11 5070470
10 9 3556220
11 4 5224800
11 6 5369530
11 10 5070470
12 9 3565200
12 14 4085210
12 13 5195990
12 15 5424870
13 12 5195990
13 15 5687380
13 17 6100430
13 16 4818170
14 17 4989650
14 12 4085210
15 10 5415890
15 13 5687380
15 12 5424870
15 8 4437620
16 23 4485230
16 20 5322810
16 6 4845740
16 13 4818170
17 14 4989650
17 13 6100430
17 19 5587510
17 25 7508690
18 22 4226560
18 25 7863400
18 19 5942220
19 17 5587510
19 18 5942220
19 22 2717000
20 16 5322810
20 25 7371400
20 23 5630200
21 24 3450550
21 23 4368850
21 7 4635440
22 18 4226560
22 19 2717000
23 21 4368850
23 24 3874320
23 16 4485230
23 20 5630200
24 21 3450550
24 23 3874320
25 20 7371400
25 18 7863400
25 17 7508690
