0 4 2429640
0 2 3745320
1 2 6454540
1 5 5523690
1 3 4728770
2 1 6454540
2 0 3745320
2 4 5894700
3 4 4168930
3 1 4728770
3 5 4553760
4 0 2429640
4 3 4168930
4 2 5894700
4 11 4683300
5 1 5523690
5 3 4553760
5 7 5089980
5 6 5413870
6 8 4430890
6 7 5155170
6 5 5413870
6 11 5133320
6 16 5251840
7 6 5155170
7 21 4226370
7 5 5089980
8 6 4430890
8 10 4190820
8 15 5061960
9 12 3961940
9 10 3248650
10 15 5870060
10 8 4190820
10 11 4893250
10 9 3248650
11 4 4683300
11 6 5133320
11 10 4893250
12 9 3961940
12 14 4559120
12 13 6083450
12 15 6583350
13 12 6083450
13 15 6241300
13 17 5633590
13 16 5383010
14 17 4109260
14 12 4559120
15 10 5870060
15 13 6241300
15 12 6583350
15 8 5061960
16 23 6076530
16 20 4989810
16 6 5251840
16 13 5383010
17 14 4109260
17 13 5633590
17 19 4303410
17 25 5678460
18 22 2148050
18 25 4759220
18 19 3384170
19 17 4303410
19 18 3384170
19 22 1844920
20 16 4989810
20 25 5393070
20 23 6041720
21 24 3591460
21 23 5374950
21 7 4226370
22 18 2148050
22 19 1844920
23 21 5374950
23 24 5344950
23 16 6076530
23 20 6041720
24 21 3591460
24 23 5344950
25 20 5393070
25 18 4759220
25 17 5678460
