0 4 3769980
0 2 3458710
1 2 6343670
1 5 6002470
1 3 5379120
2 1 6343670
2 0 3458710
2 4 6633390
3 4 5668840
3 1 5379120
3 5 5016370
4 0 3769980
4 3 5668840
4 2 6633390
4 11 6920110
5 1 6002470
5 3 5016370
5 7 7095510
5 6 6269410
6 8 5190560
6 7 7725200
6 5 6269410
6 11 6897330
6 16 6165350
7 6 7725200
7 21 7793410
7 5 7095510
8 6 5190560
8 10 4584770
8 15 4838070
9 12 4233780
9 10 4056800
10 15 5940820
10 8 4584770
10 11 6291540
10 9 4056800
11 4 6920110
11 6 6897330
11 10 6291540
12 9 4233780
12 14 5358820
12 13 6382580
12 15 6117800
13 12 6382580
13 15 6458900
13 17 7135330
13 16 6077640
14 17 6111570
14 12 5358820
15 10 5940820
15 13 6458900
15 12 6117800
15 8 4838070
16 23 6932750
16 20 5354170
16 6 6165350
16 13 6077640
17 14 6111570
17 13 7135330
17 19 6119230
17 25 7470550
18 22 3429900
18 25 6972770
18 19 5621450
19 17 6119230
19 18 5621450
19 22 2499930
20 16 5354170
20 25 6335430
20 23 6855320
21 24 6023630
21 23 7734710
21 7 7793410
22 18 3429900
22 19 2499930
23 21 7734710
23 24 6722820
23 16 6932750
23 20 6855320
24 21 6023630
24 23 6722820
25 20 6335430
25 18 6972770
25 17 7470550
