0 4 3386510
0 2 3356390
1 2 5446880
1 5 5110790
1 3 4349170
2 1 5446880
2 0 3356390
2 4 5790720
3 4 4693010
3 1 4349170
3 5 4326800
4 0 3386510
4 3 4693010
4 2 5790720
4 11 5627910
5 1 5110790
5 3 4326800
5 7 5143560
5 6 4896160
6 8 3827600
6 7 4951300
6 5 4896160
6 11 5069440
6 16 4430530
7 6 4951300
7 21 3925660
7 5 5143560
8 6 3827600
8 10 3860810
8 15 3758180
9 12 2882510
9 10 3196910
10 15 4667690
10 8 3860810
10 11 5102650
10 9 3196910
11 4 5627910
11 6 5069440
11 10 5102650
12 9 2882510
12 14 3202250
12 13 4212670
12 15 4353290
13 12 4212670
13 15 4424440
13 17 4518800
13 16 4220490
14 17 3508380
14 12 3202250
15 10 4667690
15 13 4424440
15 12 4353290
15 8 3758180
16 23 4446020
16 20 4518390
16 6 4430530
16 13 4220490
17 14 3508380
17 13 4518800
17 19 3978170
17 25 5371620
18 22 3536230
18 25 6007430
18 19 4613980
19 17 3978170
19 18 4613980
19 22 2124810
20 16 4518390
20 25 5434540
20 23 4807250
21 24 3349770
21 23 3693750
21 7 3925660
22 18 3536230
22 19 2124810
23 21 3693750
23 24 4390900
23 16 4446020
23 20 4807250
24 21 3349770
24 23 4390900
25 20 5434540
25 18 6007430
25 17 5371620
