0 4 3275320
0 2 4118470
1 2 6574690
1 5 5341700
1 3 4846580
2 1 6574690
2 0 4118470
2 4 6519390
3 4 4791280
3 1 4846580
3 5 4401440
4 0 3275320
4 3 4791280
4 2 6519390
4 11 5730300
5 1 5341700
5 3 4401440
5 7 5508920
5 6 4518440
6 8 2870980
6 7 5130800
6 5 4518440
6 11 4962340
6 16 4086200
7 6 5130800
7 21 4600480
7 5 5508920
8 6 2870980
8 10 3277480
8 15 3447840
9 12 3261520
9 10 3264160
10 15 5123680
10 8 3277480
10 11 5368840
10 9 3264160
11 4 5730300
11 6 4962340
11 10 5368840
12 9 3261520
12 14 4416340
12 13 5218870
12 15 5121040
13 12 5218870
13 15 5391870
13 17 6137750
13 16 4760890
14 17 5335220
14 12 4416340
15 10 5123680
15 13 5391870
15 12 5121040
15 8 3447840
16 23 4366300
16 20 4132350
16 6 4086200
16 13 4760890
17 14 5335220
17 13 6137750
17 19 5804080
17 25 6250330
18 22 3802760
18 25 6357370
18 19 5911120
19 17 5804080
19 18 5911120
19 22 2714000
20 16 4132350
20 25 4973740
20 23 4466570
21 24 2594350
21 23 3890100
21 7 4600480
22 18 3802760
22 19 2714000
23 21 3890100
23 24 3404770
23 16 4366300
23 20 4466570
24 21 2594350
24 23 3404770
25 20 4973740
25 18 6357370
25 17 6250330
