0 4 3441530
0 2 4539610
1 2 7402850
1 5 6064540
1 3 5488350
2 1 7402850
2 0 4539610
2 4 7275460
3 4 5360960
3 1 5488350
3 5 5120730
4 0 3441530
4 3 5360960
4 2 7275460
4 11 6249380
5 1 6064540
5 3 5120730
5 7 5440230
5 6 5578580
6 8 3976830
6 7 5321890
6 5 5578580
6 11 5890810
6 16 4873150
7 6 5321890
7 21 4411480
7 5 5440230
8 6 3976830
8 10 3974660
8 15 4173100
9 12 3592350
9 10 3425470
10 15 5654340
10 8 3974660
10 11 5888640
10 9 3425470
11 4 6249380
11 6 5890810
11 10 5888640
12 9 3592350
12 14 4571440
12 13 5132250
12 15 5821220
13 12 5132250
13 15 5163810
13 17 5044190
13 16 4380450
14 17 4483380
14 12 4571440
15 10 5654340
15 13 5163810
15 12 5821220
15 8 4173100
16 23 4204000
16 20 3738970
16 6 4873150
16 13 4380450
17 14 4483380
17 13 5044190
17 19 4545680
17 25 5469170
18 22 3056910
18 25 5357390
18 19 4433900
19 17 4545680
19 18 4433900
19 22 2100830
20 16 3738970
20 25 4258340
20 23 3656910
21 24 2972570
21 23 3880680
21 7 4411480
22 18 3056910
22 19 2100830
23 21 3880680
23 24 3213830
23 16 4204000
23 20 3656910
24 21 2972570
24 23 3213830
25 20 4258340
25 18 5357390
25 17 5469170
