0 4 2874150
0 2 3090180
1 2 5151450
1 5 4269600
1 3 3932230
2 1 5151450
2 0 3090180
2 4 5232590
3 4 4013370
3 1 3932230
3 5 3347550
4 0 2874150
4 3 4013370
4 2 5232590
4 11 5092760
5 1 4269600
5 3 3347550
5 7 3331490
5 6 3823440
6 8 3127130
6 7 3470010
6 5 3823440
6 11 4565460
6 16 3992110
7 6 3470010
7 21 3167780
7 5 3331490
8 6 3127130
8 10 3553590
8 15 3643960
9 12 2799840
9 10 3385900
10 15 4905250
10 8 3553590
10 11 4991920
10 9 3385900
11 4 5092760
11 6 4565460
11 10 4991920
12 9 2799840
12 14 3725420
12 13 4173060
12 15 4319190
13 12 4173060
13 15 4849490
13 17 5190500
13 16 4362810
14 17 4742860
14 12 3725420
15 10 4905250
15 13 4849490
15 12 4319190
15 8 3643960
16 23 5465370
16 20 5263660
16 6 3992110
16 13 4362810
17 14 4742860
17 13 5190500
17 19 5390080
17 25 6203370
18 22 4784490
18 25 7579790
18 19 6766500
19 17 5390080
19 18 6766500
19 22 3120510
20 16 5263660
20 25 6617080
20 23 6706770
21 24 3358240
21 23 5132990
21 7 3167780
22 18 4784490
22 19 3120510
23 21 5132990
23 24 5133730
23 16 5465370
23 20 6706770
24 21 3358240
24 23 5133730
25 20 6617080
25 18 7579790
25 17 6203370
