0 4 2103690
0 2 2607240
1 2 4418450
1 5 3766650
1 3 3312080
2 1 4418450
2 0 2607240
2 4 4406430
3 4 3300060
3 1 3312080
3 5 3151810
4 0 2103690
4 3 3300060
4 2 4406430
4 11 3780660
5 1 3766650
5 3 3151810
5 7 4482350
5 6 3835860
6 8 3169200
6 7 4711830
6 5 3835860
6 11 3861890
6 16 4028020
7 6 4711830
7 21 4326090
7 5 4482350
8 6 3169200
8 10 3238650
8 15 3372950
9 12 2564840
9 10 2880590
10 15 4338540
10 8 3238650
10 11 3931340
10 9 2880590
11 4 3780660
11 6 3861890
11 10 3931340
12 9 2564840
12 14 3569060
12 13 3782580
12 15 4022790
13 12 3782580
13 15 4232630
13 17 4876080
13 16 3991560
14 17 4662560
14 12 3569060
15 10 4338540
15 13 4232630
15 12 4022790
15 8 3372950
16 23 5012530
16 20 4204870
16 6 4028020
16 13 3991560
17 14 4662560
17 13 4876080
17 19 4864820
17 25 5510350
18 22 3153430
18 25 5541660
18 19 4896130
19 17 4864820
19 18 4896130
19 22 2227200
20 16 4204870
20 25 4840000
20 23 5226700
21 24 3824360
21 23 4664110
21 7 4326090
22 18 3153430
22 19 2227200
23 21 4664110
23 24 5194610
23 16 5012530
23 20 5226700
24 21 3824360
24 23 5194610
25 20 4840000
25 18 5541660
25 17 5510350
