0 4 2591380
0 2 2619130
1 2 4977140
1 5 5044840
1 3 4509680
2 1 4977140
2 0 2619130
2 4 4616990
3 4 4149530
3 1 4509680
3 5 4244980
4 0 2591380
4 3 4149530
4 2 4616990
4 11 4667470
5 1 5044840
5 3 4244980
5 7 5515430
5 6 4848670
6 8 3409420
6 7 5583960
6 5 4848670
6 11 4831450
6 16 4215520
7 6 5583960
7 21 5067680
7 5 5515430
8 6 3409420
8 10 3074280
8 15 3231230
9 12 2991700
9 10 2809530
10 15 4403870
10 8 3074280
10 11 4496310
10 9 2809530
11 4 4667470
11 6 4831450
11 10 4496310
12 9 2991700
12 14 3691840
12 13 4570750
12 15 4586040
13 12 4570750
13 15 4545530
13 17 4982030
13 16 4022040
14 17 4103120
14 12 3691840
15 10 4403870
15 13 4545530
15 12 4586040
15 8 3231230
16 23 4726820
16 20 3707200
16 6 4215520
16 13 4022040
17 14 4103120
17 13 4982030
17 19 4477600
17 25 5324440
18 22 3083010
18 25 5602080
18 19 4755240
19 17 4477600
19 18 4755240
19 22 1849150
20 16 3707200
20 25 4557810
20 23 4920180
21 24 3599450
21 23 4912220
21 7 5067680
22 18 3083010
22 19 1849150
23 21 4912220
23 24 4627030
23 16 4726820
23 20 4920180
24 21 3599450
24 23 4627030
25 20 4557810
25 18 5602080
25 17 5324440
