0 4 2984920
0 2 3018460
1 2 5300580
1 5 5279230
1 3 4693930
2 1 5300580
2 0 3018460
2 4 5266440
3 4 4659790
3 1 4693930
3 5 4671980
4 0 2984920
4 3 4659790
4 2 5266440
4 11 5143880
5 1 5279230
5 3 4671980
5 7 5810340
5 6 5446480
6 8 4348300
6 7 5999540
6 5 5446480
6 11 5345270
6 16 5204390
7 6 5999540
7 21 5041710
7 5 5810340
8 6 4348300
8 10 4163280
8 15 4314340
9 12 3487890
9 10 3552770
10 15 5416700
10 8 4163280
10 11 5160250
10 9 3552770
11 4 5143880
11 6 5345270
11 10 5160250
12 9 3487890
12 14 4219850
12 13 5290240
12 15 5351820
13 12 5290240
13 15 5506180
13 17 6001330
13 16 5108850
14 17 4930940
14 12 4219850
15 10 5416700
15 13 5506180
15 12 5351820
15 8 4314340
16 23 5836310
16 20 5288660
16 6 5204390
16 13 5108850
17 14 4930940
17 13 6001330
17 19 5784720
17 25 6739740
18 22 5004740
18 25 8116520
18 19 7161500
19 17 5784720
19 18 7161500
19 22 2854620
20 16 5288660
20 25 6362820
20 23 6351870
21 24 3483410
21 23 5309770
21 7 5041710
22 18 5004740
22 19 2854620
23 21 5309770
23 24 5073160
23 16 5836310
23 20 6351870
24 21 3483410
24 23 5073160
25 20 6362820
25 18 8116520
25 17 6739740
