0 4 2182480
0 2 2732950
1 2 4427250
1 5 3887570
1 3 3113200
2 1 4427250
2 0 2732950
2 4 4666470
3 4 3352420
3 1 3113200
3 5 3363210
4 0 2182480
4 3 3352420
4 2 4666470
4 11 4042890
5 1 3887570
5 3 3363210
5 7 4013490
5 6 3640680
6 8 2273930
6 7 3516590
6 5 3640680
6 11 3556780
6 16 2478570
7 6 3516590
7 21 3342710
7 5 4013490
8 6 2273930
8 10 2575960
8 15 2370030
9 12 2507650
9 10 2646010
10 15 3541910
10 8 2575960
10 11 3858810
10 9 2646010
11 4 4042890
11 6 3556780
11 10 3858810
12 9 2507650
12 14 2929370
12 13 3259290
12 15 3403550
13 12 3259290
13 15 3191720
13 17 3914290
13 16 2430410
14 17 3584370
14 12 2929370
15 10 3541910
15 13 3191720
15 12 3403550
15 8 2370030
16 23 2897200
16 20 2881730
16 6 2478570
16 13 2430410
17 14 3584370
17 13 3914290
17 19 3734850
17 25 5390930
18 22 2709800
18 25 5541280
18 19 3885200
19 17 3734850
19 18 3885200
19 22 1513180
20 16 2881730
20 25 4975420
20 23 3965570
21 24 2674080
21 23 3388530
21 7 3342710
22 18 2709800
22 19 1513180
23 21 3388530
23 24 3266590
23 16 2897200
23 20 3965570
24 21 2674080
24 23 3266590
25 20 4975420
25 18 5541280
25 17 5390930
