0 4 2914420
0 2 3765890
1 2 6650640
1 5 6141950
1 3 5367730
2 1 6650640
2 0 3765890
2 4 6124730
3 4 4841820
3 1 5367730
3 5 5184600
4 0 2914420
4 3 4841820
4 2 6124730
4 11 5427000
5 1 6141950
5 3 5184600
5 7 5858200
5 6 5588360
6 8 3774280
6 7 5487740
6 5 5588360
6 11 5399320
6 16 4651140
7 6 5487740
7 21 4802420
7 5 5858200
8 6 3774280
8 10 3509180
8 15 3759670
9 12 3525570
9 10 3128640
10 15 4938190
10 8 3509180
10 11 5134220
10 9 3128640
11 4 5427000
11 6 5399320
11 10 5134220
12 9 3525570
12 14 4044570
12 13 4928040
12 15 5335120
13 12 4928040
13 15 4781600
13 17 5147030
13 16 4229450
14 17 4263560
14 12 4044570
15 10 4938190
15 13 4781600
15 12 5335120
15 8 3759670
16 23 5099980
16 20 5216370
16 6 4651140
16 13 4229450
17 14 4263560
17 13 5147030
17 19 5319970
17 25 6732950
18 22 4687860
18 25 8152050
18 19 6739070
19 17 5319970
19 18 6739070
19 22 2669190
20 16 5216370
20 25 6947360
20 23 6231970
21 24 3862000
21 23 4981420
21 7 4802420
22 18 4687860
22 19 2669190
23 21 4981420
23 24 4996160
23 16 5099980
23 20 6231970
24 21 3862000
24 23 4996160
25 20 6947360
25 18 8152050
25 17 6732950
