0 4 2643980
0 2 3616190
1 2 5087910
1 5 4154230
1 3 3548360
2 1 5087910
2 0 3616190
2 4 5015570
3 4 3476020
3 1 3548360
3 5 3514550
4 0 2643980
4 3 3476020
4 2 5015570
4 11 4206950
5 1 4154230
5 3 3514550
5 7 3818870
5 6 3935370
6 8 2937040
6 7 3633820
6 5 3935370
6 11 4060430
6 16 3648820
7 6 3633820
7 21 3747390
7 5 3818870
8 6 2937040
8 10 3197890
8 15 2944980
9 12 2708670
9 10 2910990
10 15 4019110
10 8 3197890
10 11 4321280
10 9 2910990
11 4 4206950
11 6 4060430
11 10 4321280
12 9 2708670
12 14 3595270
12 13 3934320
12 15 3816790
13 12 3934320
13 15 3883730
13 17 4889920
13 16 3774290
14 17 4550870
14 12 3595270
15 10 4019110
15 13 3883730
15 12 3816790
15 8 2944980
16 23 4179500
16 20 3732150
16 6 3648820
16 13 3774290
17 14 4550870
17 13 4889920
17 19 5005900
17 25 5441320
18 22 4226470
18 25 6486960
18 19 6051540
19 17 5005900
19 18 6051540
19 22 2408150
20 16 3732150
20 25 4510520
20 23 4364330
21 24 4051880
21 23 4394570
21 7 3747390
22 18 4226470
22 19 2408150
23 21 4394570
23 24 4468990
23 16 4179500
23 20 4364330
24 21 4051880
24 23 4468990
25 20 4510520
25 18 6486960
25 17 5441320
