0 4 1935870
0 2 2058190
1 2 3802040
1 5 3597860
1 3 3611220
2 1 3802040
2 0 2058190
2 4 3203920
3 4 3013100
3 1 3611220
3 5 2931240
4 0 1935870
4 3 3013100
4 2 3203920
4 11 3079510
5 1 3597860
5 3 2931240
5 7 3688690
5 6 3332310
6 8 2908840
6 7 4103120
6 5 3332310
6 11 3412080
6 16 3197260
7 6 4103120
7 21 3634880
7 5 3688690
8 6 2908840
8 10 2333930
8 15 2895180
9 12 2801970
9 10 1872510
10 15 3158170
10 8 2333930
10 11 2837170
10 9 1872510
11 4 3079510
11 6 3412080
11 10 2837170
12 9 2801970
12 14 3813220
12 13 4081550
12 15 4087630
13 12 4081550
13 15 3713340
13 17 4439690
13 16 3177520
14 17 4171360
14 12 3813220
15 10 3158170
15 13 3713340
15 12 4087630
15 8 2895180
16 23 3193670
16 20 3083460
16 6 3197260
16 13 3177520
17 14 4171360
17 13 4439690
17 19 4078440
17 25 5212340
18 22 3368870
18 25 5598890
18 19 4464990
19 17 4078440
19 18 4464990
19 22 1888640
20 16 3083460
20 25 4385850
20 23 3629350
21 24 3144980
21 23 3274910
21 7 3634880
22 18 3368870
22 19 1888640
23 21 3274910
23 24 3609630
23 16 3193670
23 20 3629350
24 21 3144980
24 23 3609630
25 20 4385850
25 18 5598890
25 17 5212340
