0 4 2546750
0 2 2247840
1 2 4484840
1 5 4798710
1 3 4150530
2 1 4484840
2 0 2247840
2 4 4362590
3 4 4028280
3 1 4150530
3 5 4043240
4 0 2546750
4 3 4028280
4 2 4362590
4 11 5022910
5 1 4798710
5 3 4043240
5 7 4153810
5 6 4806630
6 8 3898930
6 7 4269020
6 5 4806630
6 11 5153080
6 16 3915410
7 6 4269020
7 21 3143530
7 5 4153810
8 6 3898930
8 10 4050630
8 15 3757610
9 12 3218160
9 10 3606230
10 15 4932220
10 8 4050630
10 11 5304780
10 9 3606230
11 4 5022910
11 6 5153080
11 10 5304780
12 9 3218160
12 14 3063420
12 13 4357740
12 15 4544150
13 12 4357740
13 15 4452790
13 17 4726150
13 16 3587680
14 17 3431830
14 12 3063420
15 10 4932220
15 13 4452790
15 12 4544150
15 8 3757610
16 23 4727880
16 20 4576520
16 6 3915410
16 13 3587680
17 14 3431830
17 13 4726150
17 19 4309640
17 25 6005810
18 22 2924860
18 25 6059130
18 19 4362960
19 17 4309640
19 18 4362960
19 22 1995260
20 16 4576520
20 25 6534880
20 23 6395420
21 24 2575970
21 23 4608820
21 7 3143530
22 18 2924860
22 19 1995260
23 21 4608820
23 24 4513930
23 16 4727880
23 20 6395420
24 21 2575970
24 23 4513930
25 20 6534880
25 18 6059130
25 17 6005810
