0 4 3253950
0 2 4206900
1 2 7214190
1 5 6526840
1 3 5751430
2 1 7214190
2 0 4206900
2 4 6666930
3 4 5204170
3 1 5751430
3 5 5469770
4 0 3253950
4 3 5204170
4 2 6666930
4 11 5657830
5 1 6526840
5 3 5469770
5 7 6255010
5 6 6152760
6 8 4186130
6 7 6162590
6 5 6152760
6 11 5831010
6 16 5838630
7 6 6162590
7 21 5822190
7 5 6255010
8 6 4186130
8 10 3868440
8 15 3803730
9 12 3186130
9 10 3428150
10 15 5360250
10 8 3868440
10 11 5513320
10 9 3428150
11 4 5657830
11 6 5831010
11 10 5513320
12 9 3186130
12 14 4335380
12 13 5057950
12 15 5118230
13 12 5057950
13 15 5235260
13 17 5765020
13 16 5395950
14 17 5042450
14 12 4335380
15 10 5360250
15 13 5235260
15 12 5118230
15 8 3803730
16 23 6960520
16 20 5140620
16 6 5838630
16 13 5395950
17 14 5042450
17 13 5765020
17 19 5497080
17 25 5948220
18 22 3669700
18 25 6253070
18 19 5801930
19 17 5497080
19 18 5801930
19 22 2506870
20 16 5140620
20 25 5102850
20 23 6484220
21 24 4829480
21 23 6841830
21 7 5822190
22 18 3669700
22 19 2506870
23 21 6841830
23 24 6291770
23 16 6960520
23 20 6484220
24 21 4829480
24 23 6291770
25 20 5102850
25 18 6253070
25 17 5948220
