0 4 2919500
0 2 4591480
1 2 7513610
1 5 6098250
1 3 5565910
2 1 7513610
2 0 4591480
2 4 7029780
3 4 5082080
3 1 5565910
3 5 5338700
4 0 2919500
4 3 5082080
4 2 7029780
4 11 5598300
5 1 6098250
5 3 5338700
5 7 6968650
5 6 6310420
6 8 5044620
6 7 7408030
6 5 6310420
6 11 6294300
6 16 5484340
7 6 7408030
7 21 6822080
7 5 6968650
8 6 5044620
8 10 4465970
8 15 4457810
9 12 3674250
9 10 3766650
10 15 5584340
10 8 4465970
10 11 5715650
10 9 3766650
11 4 5598300
11 6 6294300
11 10 5715650
12 9 3674250
12 14 4344910
12 13 5031450
12 15 5491940
13 12 5031450
13 15 5115690
13 17 5385840
13 16 4437040
14 17 4699300
14 12 4344910
15 10 5584340
15 13 5115690
15 12 5491940
15 8 4457810
16 23 6302610
16 20 5495400
16 6 5484340
16 13 4437040
17 14 4699300
17 13 5385840
17 19 5043380
17 25 6682390
18 22 4075910
18 25 7281080
18 19 5642070
19 17 5043380
19 18 5642070
19 22 2404120
20 16 5495400
20 25 7010110
20 23 7579130
21 24 5507940
21 23 6982120
21 7 6822080
22 18 4075910
22 19 2404120
23 21 6982120
23 24 6912160
23 16 6302610
23 20 7579130
24 21 5507940
24 23 6912160
25 20 7010110
25 18 7281080
25 17 6682390
