0 4 2067560
0 2 1574080
1 2 3367910
1 5 3343260
1 3 3310110
2 1 3367910
2 0 1574080
2 4 3296620
3 4 3238820
3 1 3310110
3 5 2720690
4 0 2067560
4 3 3238820
4 2 3296620
4 11 3797940
5 1 3343260
5 3 2720690
5 7 2941180
5 6 3257380
6 8 2854920
6 7 3444720
6 5 3257380
6 11 3783350
6 16 3334610
7 6 3444720
7 21 2750950
7 5 2941180
8 6 2854920
8 10 2802040
8 15 2999740
9 12 2612550
9 10 2528040
10 15 3852860
10 8 2802040
10 11 3730470
10 9 2528040
11 4 3797940
11 6 3783350
11 10 3730470
12 9 2612550
12 14 2854780
12 13 3964500
12 15 3937370
13 12 3964500
13 15 4077690
13 17 4069870
13 16 3506560
14 17 2960150
14 12 2854780
15 10 3852860
15 13 4077690
15 12 3937370
15 8 2999740
16 23 4485870
16 20 3448020
16 6 3334610
16 13 3506560
17 14 2960150
17 13 4069870
17 19 3465730
17 25 4222050
18 22 2502060
18 25 4578100
18 19 3821780
19 17 3465730
19 18 3821780
19 22 1576820
20 16 3448020
20 25 4198460
20 23 5025590
21 24 2826300
21 23 4218410
21 7 2750950
22 18 2502060
22 19 1576820
23 21 4218410
23 24 4671330
23 16 4485870
23 20 5025590
24 21 2826300
24 23 4671330
25 20 4198460
25 18 4578100
25 17 4222050
