0 4 2431570
0 2 2520880
1 2 4981050
1 5 5155460
1 3 4717000
2 1 4981050
2 0 2520880
2 4 4494210
3 4 4230160
3 1 4717000
3 5 4493880
4 0 2431570
4 3 4230160
4 2 4494210
4 11 4741890
5 1 5155460
5 3 4493880
5 7 4817200
5 6 5203960
6 8 4149010
6 7 5088820
6 5 5203960
6 11 5277230
6 16 4967140
7 6 5088820
7 21 4161150
7 5 4817200
8 6 4149010
8 10 4044880
8 15 3736110
9 12 3210210
9 10 3511750
10 15 4958550
10 8 4044880
10 11 5173100
10 9 3511750
11 4 4741890
11 6 5277230
11 10 5173100
12 9 3210210
12 14 3948200
12 13 4246060
12 15 4657010
13 12 4246060
13 15 4238830
13 17 4559720
13 16 4143290
14 17 4261860
14 12 3948200
15 10 4958550
15 13 4238830
15 12 4657010
15 8 3736110
16 23 5341100
16 20 4880280
16 6 4967140
16 13 4143290
17 14 4261860
17 13 4559720
17 19 4100420
17 25 6417580
18 22 3511220
18 25 7121680
18 19 4804520
19 17 4100420
19 18 4804520
19 22 1615980
20 16 4880280
20 25 6422730
20 23 5762680
21 24 3693570
21 23 4921870
21 7 4161150
22 18 3511220
22 19 1615980
23 21 4921870
23 24 4995200
23 16 5341100
23 20 5762680
24 21 3693570
24 23 4995200
25 20 6422730
25 18 7121680
25 17 6417580
