0 4 3094720
0 2 2864920
1 2 4956030
1 5 4308170
1 3 3962890
2 1 4956030
2 0 2864920
2 4 5454900
3 4 4461760
3 1 3962890
3 5 3584100
4 0 3094720
4 3 4461760
4 2 5454900
4 11 5269090
5 1 4308170
5 3 3584100
5 7 5824660
5 6 4397560
6 8 4044470
6 7 6292840
6 5 4397560
6 11 4859610
6 16 4535210
7 6 6292840
7 21 6517150
7 5 5824660
8 6 4044470
8 10 3894380
8 15 4106310
9 12 3785480
9 10 3235240
10 15 4777490
10 8 3894380
10 11 4709520
10 9 3235240
11 4 5269090
11 6 4859610
11 10 4709520
12 9 3785480
12 14 4253430
12 13 5394260
12 15 5327730
13 12 5394260
13 15 5055950
13 17 5401020
13 16 4663580
14 17 4260190
14 12 4253430
15 10 4777490
15 13 5055950
15 12 5327730
15 8 4106310
16 23 6561680
16 20 5054350
16 6 4535210
16 13 4663580
17 14 4260190
17 13 5401020
17 19 4598550
17 25 6015190
18 22 2755810
18 25 5691770
18 19 4275130
19 17 4598550
19 18 4275130
19 22 1998220
20 16 5054350
20 25 6127420
20 23 7411350
21 24 4823670
21 23 7116520
21 7 6517150
22 18 2755810
22 19 1998220
23 21 7116520
23 24 6625830
23 16 6561680
23 20 7411350
24 21 4823670
24 23 6625830
25 20 6127420
25 18 5691770
25 17 6015190
