0 4 3275240
0 2 4448560
1 2 7105920
1 5 6085050
1 3 4957650
2 1 7105920
2 0 4448560
2 4 7313840
3 4 5165570
3 1 4957650
3 5 5318020
4 0 3275240
4 3 5165570
4 2 7313840
4 11 6072370
5 1 6085050
5 3 5318020
5 7 5615800
5 6 5759010
6 8 3651060
6 7 4929390
6 5 5759010
6 11 5538410
6 16 4864900
7 6 4929390
7 21 4594360
7 5 5615800
8 6 3651060
8 10 3517490
8 15 3752590
9 12 3334540
9 10 3284290
10 15 5040560
10 8 3517490
10 11 5404840
10 9 3284290
11 4 6072370
11 6 5538410
11 10 5404840
12 9 3334540
12 14 3955680
12 13 5189970
12 15 5090810
13 12 5189970
13 15 5374820
13 17 5425640
13 16 5065590
14 17 4191350
14 12 3955680
15 10 5040560
15 13 5374820
15 12 5090810
15 8 3752590
16 23 5015980
16 20 4429760
16 6 4864900
16 13 5065590
17 14 4191350
17 13 5425640
17 19 4452740
17 25 6031370
18 22 3845440
18 25 6861760
18 19 5283130
19 17 4452740
19 18 5283130
19 22 2090490
20 16 4429760
20 25 5443880
20 23 4788540
21 24 4166960
21 23 4888650
21 7 4594360
22 18 3845440
22 19 2090490
23 21 4888650
23 24 4653070
23 16 5015980
23 20 4788540
24 21 4166960
24 23 4653070
25 20 5443880
25 18 6861760
25 17 6031370
