0 4 1880870
0 2 2381750
1 2 3774700
1 5 3003110
1 3 2684530
2 1 3774700
2 0 2381750
2 4 4010020
3 4 2919850
3 1 2684530
3 5 2649140
4 0 1880870
4 3 2919850
4 2 4010020
4 11 3773060
5 1 3003110
5 3 2649140
5 7 3790510
5 6 3174350
6 8 2558360
6 7 3997140
6 5 3174350
6 11 3708980
6 16 3078980
7 6 3997140
7 21 4160040
7 5 3790510
8 6 2558360
8 10 2391860
8 15 2467230
9 12 2263250
9 10 2185780
10 15 3123350
10 8 2391860
10 11 3542480
10 9 2185780
11 4 3773060
11 6 3708980
11 10 3542480
12 9 2263250
12 14 2548280
12 13 3036930
12 15 3200820
13 12 3036930
13 15 3034830
13 17 3082690
13 16 2823960
14 17 2594040
14 12 2548280
15 10 3123350
15 13 3034830
15 12 3200820
15 8 2467230
16 23 4142100
16 20 3161600
16 6 3078980
16 13 2823960
17 14 2594040
17 13 3082690
17 19 3039240
17 25 3799630
18 22 2765450
18 25 4686190
18 19 3925800
19 17 3039240
19 18 3925800
19 22 1623690
20 16 3161600
20 25 3925520
20 23 4526720
21 24 3024530
21 23 4607000
21 7 4160040
22 18 2765450
22 19 1623690
23 21 4607000
23 24 3924750
23 16 4142100
23 20 4526720
24 21 3024530
24 23 3924750
25 20 3925520
25 18 4686190
25 17 3799630
