0 4 2692680
0 2 2445660
1 2 4746140
1 5 5048470
1 3 4439490
2 1 4746140
2 0 2445660
2 4 4717520
3 4 4410870
3 1 4439490
3 5 4466180
4 0 2692680
4 3 4410870
4 2 4717520
4 11 5107130
5 1 5048470
5 3 4466180
5 7 5258260
5 6 4817260
6 8 3470200
6 7 5000360
6 5 4817260
6 11 4904540
6 16 3873170
7 6 5000360
7 21 4596930
7 5 5258260
8 6 3470200
8 10 3303220
8 15 3788540
9 12 3244070
9 10 2950190
10 15 4710720
10 8 3303220
10 11 4737560
10 9 2950190
11 4 5107130
11 6 4904540
11 10 4737560
12 9 3244070
12 14 4173920
12 13 4914380
12 15 5004600
13 12 4914380
13 15 5105820
13 17 5698960
13 16 4101290
14 17 4958500
14 12 4173920
15 10 4710720
15 13 5105820
15 12 5004600
15 8 3788540
16 23 4554310
16 20 4522080
16 6 3873170
16 13 4101290
17 14 4958500
17 13 5698960
17 19 5611850
17 25 6631220
18 22 5012430
18 25 8034830
18 19 7015460
19 17 5611850
19 18 7015460
19 22 2838350
20 16 4522080
20 25 6368650
20 23 5889410
21 24 3382840
21 23 4837070
21 7 4596930
22 18 5012430
22 19 2838350
23 21 4837070
23 24 4467410
23 16 4554310
23 20 5889410
24 21 3382840
24 23 4467410
25 20 6368650
25 18 8034830
25 17 6631220
