0 4 4147500
0 2 4184380
1 2 8240220
1 5 8390390
1 3 7325740
2 1 8240220
2 0 4184380
2 4 7551360
3 4 6636880
3 1 7325740
3 5 6823930
4 0 4147500
4 3 6636880
4 2 7551360
4 11 7761210
5 1 8390390
5 3 6823930
5 7 8266670
5 6 7472810
6 8 5150500
6 7 7850900
6 5 7472810
6 11 7532490
6 16 6609550
7 6 7850900
7 21 6854890
7 5 8266670
8 6 5150500
8 10 5520980
8 15 5204010
9 12 3874630
9 10 5320010
10 15 7481030
10 8 5520980
10 11 7902970
10 9 5320010
11 4 7761210
11 6 7532490
11 10 7902970
12 9 3874630
12 14 4731960
12 13 5271660
12 15 6035650
13 12 5271660
13 15 6400070
13 17 6848160
13 16 5899070
14 17 6308460
14 12 4731960
15 10 7481030
15 13 6400070
15 12 6035650
15 8 5204010
16 23 7790190
16 20 4849980
16 6 6609550
16 13 5899070
17 14 6308460
17 13 6848160
17 19 6201390
17 25 7535150
18 22 3558360
18 25 6756230
18 19 5422470
19 17 6201390
19 18 5422470
19 22 2478430
20 16 4849980
20 25 5273980
20 23 6478110
21 24 4168640
21 23 7241670
21 7 6854890
22 18 3558360
22 19 2478430
23 21 7241670
23 24 6345290
23 16 7790190
23 20 6478110
24 21 4168640
24 23 6345290
25 20 5273980
25 18 6756230
25 17 7535150
