0 4 1585020
0 2 2089580
1 2 3203490
1 5 2721550
1 3 2236570
2 1 3203490
2 0 2089580
2 4 3317540
3 4 2350620
3 1 2236570
3 5 2373240
4 0 1585020
4 3 2350620
4 2 3317540
4 11 2876890
5 1 2721550
5 3 2373240
5 7 3328090
5 6 2790550
6 8 1995020
6 7 3260420
6 5 2790550
6 11 2831840
6 16 2794920
7 6 3260420
7 21 3389810
7 5 3328090
8 6 1995020
8 10 1970680
8 15 2091750
9 12 2180460
9 10 1786840
10 15 2795270
10 8 1970680
10 11 2807500
10 9 1786840
11 4 2876890
11 6 2831840
11 10 2807500
12 9 2180460
12 14 2818750
12 13 3262430
12 15 3188890
13 12 3262430
13 15 2989880
13 17 3319460
13 16 2965190
14 17 2875780
14 12 2818750
15 10 2795270
15 13 2989880
15 12 3188890
15 8 2091750
16 23 3784330
16 20 2926980
16 6 2794920
16 13 2965190
17 14 2875780
17 13 3319460
17 19 3064010
17 25 3344540
18 22 2153180
18 25 3458770
18 19 3178240
19 17 3064010
19 18 3178240
19 22 1527460
20 16 2926980
20 25 3050290
20 23 3844350
21 24 3280510
21 23 3841680
21 7 3389810
22 18 2153180
22 19 1527460
23 21 3841680
23 24 4140530
23 16 3784330
23 20 3844350
24 21 3280510
24 23 4140530
25 20 3050290
25 18 3458770
25 17 3344540
