0 4 3353690
0 2 5308430
1 2 8326660
1 5 6690020
1 3 5794590
2 1 8326660
2 0 5308430
2 4 7746660
3 4 5214590
3 1 5794590
3 5 5532690
4 0 3353690
4 3 5214590
4 2 7746660
4 11 6090170
5 1 6690020
5 3 5532690
5 7 6241440
5 6 6263480
6 8 4577290
6 7 6076800
6 5 6263480
6 11 6243630
6 16 5875180
7 6 6076800
7 21 5136820
7 5 6241440
8 6 4577290
8 10 4526220
8 15 4877180
9 12 4854880
9 10 4041240
10 15 6347660
10 8 4526220
10 11 6192560
10 9 4041240
11 4 6090170
11 6 6243630
11 10 6192560
12 9 4854880
12 14 5310240
12 13 7156130
12 15 7161300
13 12 7156130
13 15 6693450
13 17 6344820
13 16 6169900
14 17 4498930
14 12 5310240
15 10 6347660
15 13 6693450
15 12 7161300
15 8 4877180
16 23 6392550
16 20 4836230
16 6 5875180
16 13 6169900
17 14 4498930
17 13 6344820
17 19 4797570
17 25 6225340
18 22 2923510
18 25 5888280
18 19 4460510
19 17 4797570
19 18 4460510
19 22 2056780
20 16 4836230
20 25 5235130
20 23 5577260
21 24 4080820
21 23 5676230
21 7 5136820
22 18 2923510
22 19 2056780
23 21 5676230
23 24 5538170
23 16 6392550
23 20 5577260
24 21 4080820
24 23 5538170
25 20 5235130
25 18 5888280
25 17 6225340
