0 4 3480100
0 2 3848750
1 2 6489570
1 5 6113720
1 3 5166610
2 1 6489570
2 0 3848750
2 4 6503230
3 4 5180270
3 1 5166610
3 5 5173070
4 0 3480100
4 3 5180270
4 2 6503230
4 11 6171480
5 1 6113720
5 3 5173070
5 7 5813330
5 6 5731200
6 8 3692050
6 7 5424350
6 5 5731200
6 11 5775300
6 16 4771400
7 6 5424350
7 21 4530270
7 5 5813330
8 6 3692050
8 10 4239870
8 15 3768420
9 12 3893580
9 10 4164280
10 15 5966410
10 8 4239870
10 11 6323120
10 9 4164280
11 4 6171480
11 6 5775300
11 10 6323120
12 9 3893580
12 14 4725770
12 13 5316380
12 15 5695710
13 12 5316380
13 15 5115630
13 17 5593800
13 16 4468440
14 17 5003190
14 12 4725770
15 10 5966410
15 13 5115630
15 12 5695710
15 8 3768420
16 23 4923440
16 20 3683190
16 6 4771400
16 13 4468440
17 14 5003190
17 13 5593800
17 19 5657620
17 25 6166400
18 22 4405450
18 25 7307930
18 19 6799150
19 17 5657620
19 18 6799150
19 22 2470240
20 16 3683190
20 25 4523650
20 23 4406050
21 24 2962000
21 23 4600180
21 7 4530270
22 18 4405450
22 19 2470240
23 21 4600180
23 24 4008120
23 16 4923440
23 20 4406050
24 21 2962000
24 23 4008120
25 20 4523650
25 18 7307930
25 17 6166400
