0 4 2520670
0 2 3070450
1 2 5894640
1 5 5106500
1 3 4812250
2 1 5894640
2 0 3070450
2 4 5363760
3 4 4281370
3 1 4812250
3 5 4043010
4 0 2520670
4 3 4281370
4 2 5363760
4 11 4951720
5 1 5106500
5 3 4043010
5 7 4463650
5 6 4252720
6 8 3382040
6 7 4379110
6 5 4252720
6 11 4628820
6 16 4105340
7 6 4379110
7 21 3798900
7 5 4463650
8 6 3382040
8 10 4142350
8 15 3910360
9 12 4226460
9 10 3835420
10 15 5456810
10 8 4142350
10 11 5389130
10 9 3835420
11 4 4951720
11 6 4628820
11 10 5389130
12 9 4226460
12 14 4679440
12 13 5705280
12 15 5847850
13 12 5705280
13 15 5082250
13 17 4817690
13 16 4491090
14 17 3791850
14 12 4679440
15 10 5456810
15 13 5082250
15 12 5847850
15 8 3910360
16 23 4692680
16 20 3930230
16 6 4105340
16 13 4491090
17 14 3791850
17 13 4817690
17 19 4311220
17 25 4651200
18 22 4087550
18 25 5755490
18 19 5415510
19 17 4311220
19 18 5415510
19 22 2598780
20 16 3930230
20 25 4212330
20 23 4580410
21 24 3495830
21 23 4175310
21 7 3798900
22 18 4087550
22 19 2598780
23 21 4175310
23 24 4663380
23 16 4692680
23 20 4580410
24 21 3495830
24 23 4663380
25 20 4212330
25 18 5755490
25 17 4651200
