0 4 1512070
0 2 1501090
1 2 2969830
1 5 3433050
1 3 2677840
2 1 2969830
2 0 1501090
2 4 2726720
3 4 2434730
3 1 2677840
3 5 2886970
4 0 1512070
4 3 2434730
4 2 2726720
4 11 2730020
5 1 3433050
5 3 2886970
5 7 3972590
5 6 3817040
6 8 3002900
6 7 4147450
6 5 3817040
6 11 3357120
6 16 3532020
7 6 4147450
7 21 3394970
7 5 3972590
8 6 3002900
8 10 2044230
8 15 2549780
9 12 1966420
9 10 1512890
10 15 2580110
10 8 2044230
10 11 2398450
10 9 1512890
11 4 2730020
11 6 3357120
11 10 2398450
12 9 1966420
12 14 2673350
12 13 2957730
12 15 3033640
13 12 2957730
13 15 3009750
13 17 3460700
13 16 3002990
14 17 3176320
14 12 2673350
15 10 2580110
15 13 3009750
15 12 3033640
15 8 2549780
16 23 3414000
16 20 3711540
16 6 3532020
16 13 3002990
17 14 3176320
17 13 3460700
17 19 3413780
17 25 4535160
18 22 2329370
18 25 4737850
18 19 3616470
19 17 3413780
19 18 3616470
19 22 1552900
20 16 3711540
20 25 4716850
20 23 4053400
21 24 2575010
21 23 3121400
21 7 3394970
22 18 2329370
22 19 1552900
23 21 3121400
23 24 3209470
23 16 3414000
23 20 4053400
24 21 2575010
24 23 3209470
25 20 4716850
25 18 4737850
25 17 4535160
