0 4 2145140
0 2 2651060
1 2 4431050
1 5 3304980
1 3 3072980
2 1 4431050
2 0 2651060
2 4 4698520
3 4 3340450
3 1 3072980
3 5 2720300
4 0 2145140
4 3 3340450
4 2 4698520
4 11 4151920
5 1 3304980
5 3 2720300
5 7 3068560
5 6 3098860
6 8 2335940
6 7 3215120
6 5 3098860
6 11 3678330
6 16 2758770
7 6 3215120
7 21 2909910
7 5 3068560
8 6 2335940
8 10 2753520
8 15 2536850
9 12 2386060
9 10 2847590
10 15 3863910
10 8 2753520
10 11 4095910
10 9 2847590
11 4 4151920
11 6 3678330
11 10 4095910
12 9 2386060
12 14 2556730
12 13 2875650
12 15 3402380
13 12 2875650
13 15 3120510
13 17 3060030
13 16 2432950
14 17 2741110
14 12 2556730
15 10 3863910
15 13 3120510
15 12 3402380
15 8 2536850
16 23 3407130
16 20 2445420
16 6 2758770
16 13 2432950
17 14 2741110
17 13 3060030
17 19 2839170
17 25 3454070
18 22 1796280
18 25 3235530
18 19 2620630
19 17 2839170
19 18 2620630
19 22 1327710
20 16 2445420
20 25 3000290
20 23 3580430
21 24 3023450
21 23 3588570
21 7 2909910
22 18 1796280
22 19 1327710
23 21 3588570
23 24 3977020
23 16 3407130
23 20 3580430
24 21 3023450
24 23 3977020
25 20 3000290
25 18 3235530
25 17 3454070
