0 4 3225970
0 2 3525370
1 2 6799990
1 5 6288500
1 3 6089760
2 1 6799990
2 0 3525370
2 4 6333080
3 4 5622850
3 1 6089760
3 5 5410760
4 0 3225970
4 3 5622850
4 2 6333080
4 11 6354890
5 1 6288500
5 3 5410760
5 7 6166750
5 6 5726940
6 8 4701850
6 7 6284190
6 5 5726940
6 11 6260240
6 16 5506600
7 6 6284190
7 21 6355330
7 5 6166750
8 6 4701850
8 10 4487650
8 15 5299010
9 12 5045140
9 10 3859770
10 15 6227340
10 8 4487650
10 11 6046040
10 9 3859770
11 4 6354890
11 6 6260240
11 10 6046040
12 9 5045140
12 14 5909050
12 13 7029720
12 15 7412710
13 12 7029720
13 15 6655710
13 17 6548720
13 16 5720770
14 17 5428050
14 12 5909050
15 10 6227340
15 13 6655710
15 12 7412710
15 8 5299010
16 23 6718510
16 20 5475790
16 6 5506600
16 13 5720770
17 14 5428050
17 13 6548720
17 19 6271360
17 25 7216530
18 22 5830980
18 25 9252990
18 19 8307820
19 17 6271360
19 18 8307820
19 22 3241160
20 16 5475790
20 25 6695550
20 23 7025480
21 24 4460500
21 23 7127430
21 7 6355330
22 18 5830980
22 19 3241160
23 21 7127430
23 24 5601270
23 16 6718510
23 20 7025480
24 21 4460500
24 23 5601270
25 20 6695550
25 18 9252990
25 17 7216530
