0 4 1927350
0 2 2293610
1 2 4240640
1 5 4010220
1 3 3659810
2 1 4240640
2 0 2293610
2 4 3826360
3 4 3245530
3 1 3659810
3 5 3381370
4 0 1927350
4 3 3245530
4 2 3826360
4 11 3321550
5 1 4010220
5 3 3381370
5 7 3572970
5 6 3618440
6 8 2618600
6 7 3459630
6 5 3618440
6 11 3344050
6 16 3695090
7 6 3459630
7 21 3118520
7 5 3572970
8 6 2618600
8 10 2686850
8 15 2651880
9 12 2264650
9 10 2440210
10 15 3606630
10 8 2686850
10 11 3412300
10 9 2440210
11 4 3321550
11 6 3344050
11 10 3412300
12 9 2264650
12 14 2463710
12 13 3502260
12 15 3431070
13 12 3502260
13 15 3642850
13 17 3441120
13 16 3799560
14 17 2402570
14 12 2463710
15 10 3606630
15 13 3642850
15 12 3431070
15 8 2651880
16 23 4675160
16 20 3391810
16 6 3695090
16 13 3799560
17 14 2402570
17 13 3441120
17 19 2744470
17 25 3483320
18 22 2220600
18 25 3996030
18 19 3257180
19 17 2744470
19 18 3257180
19 22 1284160
20 16 3391810
20 25 3348490
20 23 4181890
21 24 2378380
21 23 4144060
21 7 3118520
22 18 2220600
22 19 1284160
23 21 4144060
23 24 3699560
23 16 4675160
23 20 4181890
24 21 2378380
24 23 3699560
25 20 3348490
25 18 3996030
25 17 3483320
