0 4 2671780
0 2 2971040
1 2 5075570
1 5 4462360
1 3 3721920
2 1 5075570
2 0 2971040
2 4 5261020
3 4 3907370
3 1 3721920
3 5 3593420
4 0 2671780
4 3 3907370
4 2 5261020
4 11 5041020
5 1 4462360
5 3 3593420
5 7 4156220
5 6 4139250
6 8 3234910
6 7 3961610
6 5 4139250
6 11 4532460
6 16 3411250
7 6 3961610
7 21 3051920
7 5 4156220
8 6 3234910
8 10 3718770
8 15 3745170
9 12 3151330
9 10 3201700
10 15 4938760
10 8 3718770
10 11 5016320
10 9 3201700
11 4 5041020
11 6 4532460
11 10 5016320
12 9 3151330
12 14 3237190
12 13 4194280
12 15 4888390
13 12 4194280
13 15 4271050
13 17 3786590
13 16 3227400
14 17 2829500
14 12 3237190
15 10 4938760
15 13 4271050
15 12 4888390
15 8 3745170
16 23 3460740
16 20 3028720
16 6 3411250
16 13 3227400
17 14 2829500
17 13 3786590
17 19 3454690
17 25 3946460
18 22 2507260
18 25 4298110
18 19 3806340
19 17 3454690
19 18 3806340
19 22 1614060
20 16 3028720
20 25 3538130
20 23 3611600
21 24 1854020
21 23 3084440
21 7 3051920
22 18 2507260
22 19 1614060
23 21 3084440
23 24 2813200
23 16 3460740
23 20 3611600
24 21 1854020
24 23 2813200
25 20 3538130
25 18 4298110
25 17 3946460
