0 4 2060900
0 2 3309090
1 2 5283340
1 5 3850410
1 3 3685420
2 1 5283340
2 0 3309090
2 4 4913010
3 4 3315090
3 1 3685420
3 5 3130350
4 0 2060900
4 3 3315090
4 2 4913010
4 11 3697480
5 1 3850410
5 3 3130350
5 7 3666700
5 6 3188200
6 8 2403520
6 7 3559560
6 5 3188200
6 11 3405600
6 16 3190200
7 6 3559560
7 21 4020570
7 5 3666700
8 6 2403520
8 10 2539660
8 15 2475470
9 12 2189480
9 10 2237280
10 15 3289150
10 8 2539660
10 11 3541740
10 9 2237280
11 4 3697480
11 6 3405600
11 10 3541740
12 9 2189480
12 14 3111370
12 13 3195130
12 15 3241350
13 12 3195130
13 15 3178740
13 17 3969260
13 16 3215930
14 17 3885500
14 12 3111370
15 10 3289150
15 13 3178740
15 12 3241350
15 8 2475470
16 23 3853710
16 20 3267460
16 6 3190200
16 13 3215930
17 14 3885500
17 13 3969260
17 19 3900680
17 25 4771870
18 22 2935950
18 25 4685470
18 19 3814280
19 17 3900680
19 18 3814280
19 22 2117030
20 16 3267460
20 25 3986660
20 23 3821830
21 24 3575830
21 23 4205580
21 7 4020570
22 18 2935950
22 19 2117030
23 21 4205580
23 24 3778330
23 16 3853710
23 20 3821830
24 21 3575830
24 23 3778330
25 20 3986660
25 18 4685470
25 17 4771870
