0 4 2765510
0 2 3688240
1 2 6113480
1 5 5094240
1 3 4382010
2 1 6113480
2 0 3688240
2 4 6072710
3 4 4341240
3 1 4382010
3 5 4244730
4 0 2765510
4 3 4341240
4 2 6072710
4 11 5106120
5 1 5094240
5 3 4244730
5 7 5734670
5 6 4615000
6 8 3038600
6 7 5392710
6 5 4615000
6 11 4667650
6 16 4115250
7 6 5392710
7 21 5240770
7 5 5734670
8 6 3038600
8 10 3041430
8 15 2829770
9 12 2689840
9 10 2776460
10 15 4067040
10 8 3041430
10 11 4670480
10 9 2776460
11 4 5106120
11 6 4667650
11 10 4670480
12 9 2689840
12 14 4035490
12 13 4329250
12 15 3980420
13 12 4329250
13 15 4204210
13 17 5041050
13 16 4255250
14 17 4747290
14 12 4035490
15 10 4067040
15 13 4204210
15 12 3980420
15 8 2829770
16 23 4854480
16 20 3829630
16 6 4115250
16 13 4255250
17 14 4747290
17 13 5041050
17 19 4594630
17 25 5535610
18 22 3700030
18 25 6064330
18 19 5123350
19 17 4594630
19 18 5123350
19 22 2236880
20 16 3829630
20 25 4621980
20 23 4726650
21 24 3382240
21 23 4860330
21 7 5240770
22 18 3700030
22 19 2236880
23 21 4860330
23 24 4273410
23 16 4854480
23 20 4726650
24 21 3382240
24 23 4273410
25 20 4621980
25 18 6064330
25 17 5535610
