0 4 1625650
0 2 2217730
1 2 4003270
1 5 3629090
1 3 3095490
2 1 4003270
2 0 2217730
2 4 3613440
3 4 2705660
3 1 3095490
3 5 2923560
4 0 1625650
4 3 2705660
4 2 3613440
4 11 3041990
5 1 3629090
5 3 2923560
5 7 3324990
5 6 3218170
6 8 2351650
6 7 3086000
6 5 3218170
6 11 3020900
6 16 2508900
7 6 3086000
7 21 3103390
7 5 3324990
8 6 2351650
8 10 2279170
8 15 2306120
9 12 2228160
9 10 1980410
10 15 2861170
10 8 2279170
10 11 2948420
10 9 1980410
11 4 3041990
11 6 3020900
11 10 2948420
12 9 2228160
12 14 2373180
12 13 3138800
12 15 3108920
13 12 3138800
13 15 2918000
13 17 3069360
13 16 2493250
14 17 2303740
14 12 2373180
15 10 2861170
15 13 2918000
15 12 3108920
15 8 2306120
16 23 2963540
16 20 2297620
16 6 2508900
16 13 2493250
17 14 2303740
17 13 3069360
17 19 2965580
17 25 3138940
18 22 2250140
18 25 3659410
18 19 3486050
19 17 2965580
19 18 3486050
19 22 1504410
20 16 2297620
20 25 2821830
20 23 3222540
21 24 2569800
21 23 3451210
21 7 3103390
22 18 2250140
22 19 1504410
23 21 3451210
23 24 3007050
23 16 2963540
23 20 3222540
24 21 2569800
24 23 3007050
25 20 2821830
25 18 3659410
25 17 3138940
