0 4 1603720
0 2 1834460
1 2 3580980
1 5 3456230
1 3 3111410
2 1 3580980
2 0 1834460
2 4 3171480
3 4 2701910
3 1 3111410
3 5 2807900
4 0 1603720
4 3 2701910
4 2 3171480
4 11 3073600
5 1 3456230
5 3 2807900
5 7 3291510
5 6 2954590
6 8 1925540
6 7 3093380
6 5 2954590
6 11 2981460
6 16 2637930
7 6 3093380
7 21 2805140
7 5 3291510
8 6 1925540
8 10 1953050
8 15 1836270
9 12 1560450
9 10 1797670
10 15 2694700
10 8 1953050
10 11 3008970
10 9 1797670
11 4 3073600
11 6 2981460
11 10 3008970
12 9 1560450
12 14 2048420
12 13 2394690
12 15 2457480
13 12 2394690
13 15 2515130
13 17 2436440
13 16 2485870
14 17 2090170
14 12 2048420
15 10 2694700
15 13 2515130
15 12 2457480
15 8 1836270
16 23 2765020
16 20 2182020
16 6 2637930
16 13 2485870
17 14 2090170
17 13 2436440
17 19 1572090
17 25 3011400
18 22 1253230
18 25 2869690
18 19 1430380
19 17 1572090
19 18 1430380
19 22 546490
20 16 2182020
20 25 2723450
20 23 2427640
21 24 2469540
21 23 2595310
21 7 2805140
22 18 1253230
22 19 546490
23 21 2595310
23 24 2884870
23 16 2765020
23 20 2427640
24 21 2469540
24 23 2884870
25 20 2723450
25 18 2869690
25 17 3011400
