0 4 1585630
0 2 1798340
1 2 3160850
1 5 2816980
1 3 2575880
2 1 3160850
2 0 1798340
2 4 3029770
3 4 2444800
3 1 2575880
3 5 2313640
4 0 1585630
4 3 2444800
4 2 3029770
4 11 2914060
5 1 2816980
5 3 2313640
5 7 2827600
5 6 2800640
6 8 2145650
6 7 3073500
6 5 2800640
6 11 3028800
6 16 2399310
7 6 3073500
7 21 2476010
7 5 2827600
8 6 2145650
8 10 1844430
8 15 2097330
9 12 1928650
9 10 1684020
10 15 2697000
10 8 1844430
10 11 2727580
10 9 1684020
11 4 2914060
11 6 3028800
11 10 2727580
12 9 1928650
12 14 2332910
12 13 2539550
12 15 2941630
13 12 2539550
13 15 2547820
13 17 2639470
13 16 1948910
14 17 2432830
14 12 2332910
15 10 2697000
15 13 2547820
15 12 2941630
15 8 2097330
16 23 2298280
16 20 1941370
16 6 2399310
16 13 1948910
17 14 2432830
17 13 2639470
17 19 2421460
17 25 3408340
18 22 1619930
18 25 3298150
18 19 2311270
19 17 2421460
19 18 2311270
19 22 1018380
20 16 1941370
20 25 2907070
20 23 2487570
21 24 1790230
21 23 2348020
21 7 2476010
22 18 1619930
22 19 1018380
23 21 2348020
23 24 2286690
23 16 2298280
23 20 2487570
24 21 1790230
24 23 2286690
25 20 2907070
25 18 3298150
25 17 3408340
