0 4 1451740
0 2 1735370
1 2 2945030
1 5 2840350
1 3 2406220
2 1 2945030
2 0 1735370
2 4 2720410
3 4 2181600
3 1 2406220
3 5 2360550
4 0 1451740
4 3 2181600
4 2 2720410
4 11 2676060
5 1 2840350
5 3 2360550
5 7 2568930
5 6 2637470
6 8 1858440
6 7 2411720
6 5 2637470
6 11 2697800
6 16 2241910
7 6 2411720
7 21 2345140
7 5 2568930
8 6 1858440
8 10 2005250
8 15 1892960
9 12 1813260
9 10 1948890
10 15 2661590
10 8 2005250
10 11 2844610
10 9 1948890
11 4 2676060
11 6 2697800
11 10 2844610
12 9 1813260
12 14 2021020
12 13 2404370
12 15 2525960
13 12 2404370
13 15 2427710
13 17 2571870
13 16 2154840
14 17 2188520
14 12 2021020
15 10 2661590
15 13 2427710
15 12 2525960
15 8 1892960
16 23 2489550
16 20 2245990
16 6 2241910
16 13 2154840
17 14 2188520
17 13 2571870
17 19 2317670
17 25 3181040
18 22 2000610
18 25 3556490
18 19 2693120
19 17 2317670
19 18 2693120
19 22 1105210
20 16 2245990
20 25 3006440
20 23 2731980
21 24 2133790
21 23 2661320
21 7 2345140
22 18 2000610
22 19 1105210
23 21 2661320
23 24 2448010
23 16 2489550
23 20 2731980
24 21 2133790
24 23 2448010
25 20 3006440
25 18 3556490
25 17 3181040
