0 4 999340
0 2 1271410
1 2 2042300
1 5 1707160
1 3 1407800
2 1 2042300
2 0 1271410
2 4 2122730
3 4 1488230
3 1 1407800
3 5 1425160
4 0 999340
4 3 1488230
4 2 2122730
4 11 1846900
5 1 1707160
5 3 1425160
5 7 1802060
5 6 1840690
6 8 1547150
6 7 1918230
6 5 1840690
6 11 1900000
6 16 1993550
7 6 1918230
7 21 1739700
7 5 1802060
8 6 1547150
8 10 1604520
8 15 1467270
9 12 1227370
9 10 1288700
10 15 1934350
10 8 1604520
10 11 1957370
10 9 1288700
11 4 1846900
11 6 1900000
11 10 1957370
12 9 1227370
12 14 1646210
12 13 2046970
12 15 1873020
13 12 2046970
13 15 1971050
13 17 2182950
13 16 2087620
14 17 1782190
14 12 1646210
15 10 1934350
15 13 1971050
15 12 1873020
15 8 1467270
16 23 2613970
16 20 2041310
16 6 1993550
16 13 2087620
17 14 1782190
17 13 2182950
17 19 2033430
17 25 2425740
18 22 1805310
18 25 2954460
18 19 2562150
19 17 2033430
19 18 2562150
19 22 1089120
20 16 2041310
20 25 2341480
20 23 2625040
21 24 1525160
21 23 2398750
21 7 1739700
22 18 1805310
22 19 1089120
23 21 2398750
23 24 2324110
23 16 2613970
23 20 2625040
24 21 1525160
24 23 2324110
25 20 2341480
25 18 2954460
25 17 2425740
