0 4 2286830
0 2 2858230
1 2 4835660
1 5 4085510
1 3 3739300
2 1 4835660
2 0 2858230
2 4 4753040
3 4 3656680
3 1 3739300
3 5 3477930
4 0 2286830
4 3 3656680
4 2 4753040
4 11 4338850
5 1 4085510
5 3 3477930
5 7 4273720
5 6 3801900
6 8 2967200
6 7 4251480
6 5 3801900
6 11 4137860
6 16 3418590
7 6 4251480
7 21 3861660
7 5 4273720
8 6 2967200
8 10 2738100
8 15 2964420
9 12 2589420
9 10 2295160
10 15 3547780
10 8 2738100
10 11 3908760
10 9 2295160
11 4 4338850
11 6 4137860
11 10 3908760
12 9 2589420
12 14 2800030
12 13 3736340
12 15 3842040
13 12 3736340
13 15 3668400
13 17 3695250
13 16 3310110
14 17 2758940
14 12 2800030
15 10 3547780
15 13 3668400
15 12 3842040
15 8 2964420
16 23 3821830
16 20 3136910
16 6 3418590
16 13 3310110
17 14 2758940
17 13 3695250
17 19 3191450
17 25 3838700
18 22 2175230
18 25 3984190
18 19 3336940
19 17 3191450
19 18 3336940
19 22 1393390
20 16 3136910
20 25 3532950
20 23 3901220
21 24 2455520
21 23 3793080
21 7 3861660
22 18 2175230
22 19 1393390
23 21 3793080
23 24 3248580
23 16 3821830
23 20 3901220
24 21 2455520
24 23 3248580
25 20 3532950
25 18 3984190
25 17 3838700
