0 4 1837910
0 2 2729810
1 2 4269460
1 5 3343840
1 3 2634910
2 1 4269460
2 0 2729810
2 4 4551640
3 4 2917090
3 1 2634910
3 5 2883370
4 0 1837910
4 3 2917090
4 2 4551640
4 11 3826960
5 1 3343840
5 3 2883370
5 7 3889980
5 6 3564640
6 8 2862450
6 7 3862320
6 5 3564640
6 11 3765580
6 16 3184770
7 6 3862320
7 21 3573050
7 5 3889980
8 6 2862450
8 10 3020180
8 15 2922780
9 12 2110360
9 10 2568310
10 15 3755040
10 8 3020180
10 11 3923310
10 9 2568310
11 4 3826960
11 6 3765580
11 10 3923310
12 9 2110360
12 14 2464630
12 13 2928910
12 15 3297090
13 12 2928910
13 15 3289460
13 17 3220770
13 16 2876920
14 17 2756490
14 12 2464630
15 10 3755040
15 13 3289460
15 12 3297090
15 8 2922780
16 23 3019410
16 20 2954490
16 6 3184770
16 13 2876920
17 14 2756490
17 13 3220770
17 19 2999210
17 25 3613920
18 22 2633030
18 25 4027540
18 19 3412830
19 17 2999210
19 18 3412830
19 22 1698360
20 16 2954490
20 25 3392000
20 23 3141340
21 24 2741180
21 23 3082350
21 7 3573050
22 18 2633030
22 19 1698360
23 21 3082350
23 24 2865090
23 16 3019410
23 20 3141340
24 21 2741180
24 23 2865090
25 20 3392000
25 18 4027540
25 17 3613920
