0 4 1454690
0 2 1727940
1 2 2662280
1 5 2301820
1 3 1853700
2 1 2662280
2 0 1727940
2 4 2812070
3 4 2003490
3 1 1853700
3 5 1916280
4 0 1454690
4 3 2003490
4 2 2812070
4 11 2596630
5 1 2301820
5 3 1916280
5 7 3216940
5 6 2675770
6 8 2074270
6 7 3528310
6 5 2675770
6 11 2820790
6 16 2706070
7 6 3528310
7 21 3399750
7 5 3216940
8 6 2074270
8 10 1924400
8 15 1838170
9 12 2104520
9 10 1980080
10 15 2601170
10 8 1924400
10 11 2670920
10 9 1980080
11 4 2596630
11 6 2820790
11 10 2670920
12 9 2104520
12 14 2437200
12 13 2703550
12 15 2725610
13 12 2703550
13 15 2492880
13 17 2694720
13 16 2447910
14 17 2428370
14 12 2437200
15 10 2601170
15 13 2492880
15 12 2725610
15 8 1838170
16 23 2984630
16 20 2451200
16 6 2706070
16 13 2447910
17 14 2428370
17 13 2694720
17 19 2351960
17 25 3006350
18 22 1872050
18 25 3274510
18 19 2620120
19 17 2351960
19 18 2620120
19 22 1037230
20 16 2451200
20 25 2785740
20 23 3010830
21 24 2124110
21 23 3137140
21 7 3399750
22 18 1872050
22 19 1037230
23 21 3137140
23 24 2531230
23 16 2984630
23 20 3010830
24 21 2124110
24 23 2531230
25 20 2785740
25 18 3274510
25 17 3006350
