0 4 1509000
0 2 1640370
1 2 2640160
1 5 2351050
1 3 2048210
2 1 2640160
2 0 1640370
2 4 2747410
3 4 2155460
3 1 2048210
3 5 1997720
4 0 1509000
4 3 2155460
4 2 2747410
4 11 2648330
5 1 2351050
5 3 1997720
5 7 2414870
5 6 2432400
6 8 1873070
6 7 2546710
6 5 2432400
6 11 2622430
6 16 2160120
7 6 2546710
7 21 2288440
7 5 2414870
8 6 1873070
8 10 1732140
8 15 1779950
9 12 1300840
9 10 1505800
10 15 2330190
10 8 1732140
10 11 2481500
10 9 1505800
11 4 2648330
11 6 2622430
11 10 2481500
12 9 1300840
12 14 1879080
12 13 1977990
12 15 2125230
13 12 1977990
13 15 2230760
13 17 2613740
13 16 1919760
14 17 2514830
14 12 1879080
15 10 2330190
15 13 2230760
15 12 2125230
15 8 1779950
16 23 2183830
16 20 1657960
16 6 2160120
16 13 1919760
17 14 2514830
17 13 2613740
17 19 2492430
17 25 2932230
18 22 1554720
18 25 2702730
18 19 2262930
19 17 2492430
19 18 2262930
19 22 1132690
20 16 1657960
20 25 2140210
20 23 2085790
21 24 1720890
21 23 2329680
21 7 2288440
22 18 1554720
22 19 1132690
23 21 2329680
23 24 2002870
23 16 2183830
23 20 2085790
24 21 1720890
24 23 2002870
25 20 2140210
25 18 2702730
25 17 2932230
