0 4 2083890
0 2 2051290
1 2 3823970
1 5 3640060
1 3 3218370
2 1 3823970
2 0 2051290
2 4 3839180
3 4 3233580
3 1 3218370
3 5 3017070
4 0 2083890
4 3 3233580
4 2 3839180
4 11 3940850
5 1 3640060
5 3 3017070
5 7 3603830
5 6 3861440
6 8 3205060
6 7 4026510
6 5 3861440
6 11 4147020
6 16 3823840
7 6 4026510
7 21 3328040
7 5 3603830
8 6 3205060
8 10 3026440
8 15 3137330
9 12 3040480
9 10 2746280
10 15 4037770
10 8 3026440
10 11 3968400
10 9 2746280
11 4 3940850
11 6 4147020
11 10 3968400
12 9 3040480
12 14 3846650
12 13 4374450
12 15 4331970
13 12 4374450
13 15 4191140
13 17 4940550
13 16 3798590
14 17 4412750
14 12 3846650
15 10 4037770
15 13 4191140
15 12 4331970
15 8 3137330
16 23 3770750
16 20 3595320
16 6 3823840
16 13 3798590
17 14 4412750
17 13 4940550
17 19 4895330
17 25 5156610
18 22 3638960
18 25 5572130
18 19 5310850
19 17 4895330
19 18 5310850
19 22 2471290
20 16 3595320
20 25 4246410
20 23 4002510
21 24 3192480
21 23 3532560
21 7 3328040
22 18 3638960
22 19 2471290
23 21 3532560
23 24 3837860
23 16 3770750
23 20 4002510
24 21 3192480
24 23 3837860
25 20 4246410
25 18 5572130
25 17 5156610
