0 4 2053950
0 2 2485230
1 2 4136980
1 5 3762020
1 3 3041570
2 1 4136980
2 0 2485230
2 4 4150580
3 4 3055170
3 1 3041570
3 5 3111490
4 0 2053950
4 3 3055170
4 2 4150580
4 11 3759390
5 1 3762020
5 3 3111490
5 7 4412590
5 6 4136570
6 8 3425410
6 7 4717220
6 5 4136570
6 11 4120340
6 16 3647870
7 6 4717220
7 21 4203740
7 5 4412590
8 6 3425410
8 10 3117000
8 15 3210160
9 12 2621330
9 10 2632990
10 15 3917540
10 8 3117000
10 11 3811930
10 9 2632990
11 4 3759390
11 6 4120340
11 10 3811930
12 9 2621330
12 14 3143150
12 13 3918340
12 15 3905880
13 12 3918340
13 15 4023160
13 17 4353220
13 16 3445080
14 17 3578030
14 12 3143150
15 10 3917540
15 13 4023160
15 12 3905880
15 8 3210160
16 23 3807700
16 20 3430410
16 6 3647870
16 13 3445080
17 14 3578030
17 13 4353220
17 19 3985020
17 25 5262020
18 22 3176040
18 25 5915050
18 19 4638050
19 17 3985020
19 18 4638050
19 22 1837210
20 16 3430410
20 25 4929750
20 23 4383570
21 24 3532380
21 23 4087550
21 7 4203740
22 18 3176040
22 19 1837210
23 21 4087550
23 24 4205690
23 16 3807700
23 20 4383570
24 21 3532380
24 23 4205690
25 20 4929750
25 18 5915050
25 17 5262020
