0 4 1376670
0 2 1818260
1 2 2819510
1 5 2125950
1 3 1966360
2 1 2819510
2 0 1818260
2 4 2857230
3 4 2004080
3 1 1966360
3 5 1752110
4 0 1376670
4 3 2004080
4 2 2857230
4 11 2498350
5 1 2125950
5 3 1752110
5 7 2037310
5 6 1941230
6 8 1382050
6 7 2066840
6 5 1941230
6 11 2275910
6 16 1849980
7 6 2066840
7 21 1835030
7 5 2037310
8 6 1382050
8 10 1387190
8 15 1469600
9 12 1217960
9 10 1343840
10 15 2063450
10 8 1387190
10 11 2281050
10 9 1343840
11 4 2498350
11 6 2275910
11 10 2281050
12 9 1217960
12 14 1427680
12 13 1837620
12 15 1937570
13 12 1837620
13 15 2045910
13 17 1975880
13 16 1837580
14 17 1565940
14 12 1427680
15 10 2063450
15 13 2045910
15 12 1937570
15 8 1469600
16 23 2320280
16 20 1753400
16 6 1849980
16 13 1837580
17 14 1565940
17 13 1975880
17 19 1611710
17 25 2245770
18 22 1096390
18 25 2252740
18 19 1618680
19 17 1611710
19 18 1618680
19 22 695330
20 16 1753400
20 25 2131670
20 23 2344480
21 24 1421210
21 23 2209250
21 7 1835030
22 18 1096390
22 19 695330
23 21 2209250
23 24 2123320
23 16 2320280
23 20 2344480
24 21 1421210
24 23 2123320
25 20 2131670
25 18 2252740
25 17 2245770
