0 4 1134730
0 2 1270280
1 2 2207930
1 5 1862910
1 3 1571650
2 1 2207930
2 0 1270280
2 4 2354450
3 4 1718170
3 1 1571650
3 5 1508700
4 0 1134730
4 3 1718170
4 2 2354450
4 11 2173990
5 1 1862910
5 3 1508700
5 7 1950740
5 6 1964130
6 8 1681280
6 7 2114910
6 5 1964130
6 11 2128690
6 16 1872090
7 6 2114910
7 21 1894660
7 5 1950740
8 6 1681280
8 10 1693310
8 15 1799820
9 12 1335980
9 10 1450980
10 15 2258870
10 8 1693310
10 11 2140720
10 9 1450980
11 4 2173990
11 6 2128690
11 10 2140720
12 9 1335980
12 14 1564870
12 13 2010740
12 15 2143870
13 12 2010740
13 15 2232250
13 17 2066770
13 16 1857500
14 17 1620900
14 12 1564870
15 10 2258870
15 13 2232250
15 12 2143870
15 8 1799820
16 23 2151370
16 20 1760760
16 6 1872090
16 13 1857500
17 14 1620900
17 13 2066770
17 19 1757420
17 25 2261130
18 22 1520330
18 25 2686510
18 19 2182800
19 17 1757420
19 18 2182800
19 22 817950
20 16 1760760
20 25 2196740
20 23 2296250
21 24 1964720
21 23 2187330
21 7 1894660
22 18 1520330
22 19 817950
23 21 2187330
23 24 2464250
23 16 2151370
23 20 2296250
24 21 1964720
24 23 2464250
25 20 2196740
25 18 2686510
25 17 2261130
