0 4 1513050
0 2 1528890
1 2 2225050
1 5 2186220
1 3 1720110
2 1 2225050
2 0 1528890
2 4 2452700
3 4 1947760
3 1 1720110
3 5 1924770
4 0 1513050
4 3 1947760
4 2 2452700
4 11 2401540
5 1 2186220
5 3 1924770
5 7 2375630
5 6 2610030
6 8 2192380
6 7 2594780
6 5 2610030
6 11 2597700
6 16 2412190
7 6 2594780
7 21 2197690
7 5 2375630
8 6 2192380
8 10 1877940
8 15 1937670
9 12 1306200
9 10 1516290
10 15 2260030
10 8 1877940
10 11 2283260
10 9 1516290
11 4 2401540
11 6 2597700
11 10 2283260
12 9 1306200
12 14 1384120
12 13 1803390
12 15 2049940
13 12 1803390
13 15 2073210
13 17 1887250
13 16 1910930
14 17 1467980
14 12 1384120
15 10 2260030
15 13 2073210
15 12 2049940
15 8 1937670
16 23 2182870
16 20 2063340
16 6 2412190
16 13 1910930
17 14 1467980
17 13 1887250
17 19 1721230
17 25 2173450
18 22 1365240
18 25 2482580
18 19 2030360
19 17 1721230
19 18 2030360
19 22 829500
20 16 2063340
20 25 2265270
20 23 2251010
21 24 1779900
21 23 2202770
21 7 2197690
22 18 1365240
22 19 829500
23 21 2202770
23 24 1947670
23 16 2182870
23 20 2251010
24 21 1779900
24 23 1947670
25 20 2265270
25 18 2482580
25 17 2173450
