0 4 1824120
0 2 1640070
1 2 3284130
1 5 3360900
1 3 2878770
2 1 3284130
2 0 1640070
2 4 3097550
3 4 2692190
3 1 2878770
3 5 2584910
4 0 1824120
4 3 2692190
4 2 3097550
4 11 3230980
5 1 3360900
5 3 2584910
5 7 2847830
5 6 3135190
6 8 2281190
6 7 2915980
6 5 3135190
6 11 3191850
6 16 3574360
7 6 2915980
7 21 2570180
7 5 2847830
8 6 2281190
8 10 2203630
8 15 2183690
9 12 2734200
9 10 2141440
10 15 3028280
10 8 2203630
10 11 3114290
10 9 2141440
11 4 3230980
11 6 3191850
11 10 3114290
12 9 2734200
12 14 2825780
12 13 3985860
12 15 3621040
13 12 3985860
13 15 3373160
13 17 3550200
13 16 3841680
14 17 2390120
14 12 2825780
15 10 3028280
15 13 3373160
15 12 3621040
15 8 2183690
16 23 3973410
16 20 3560450
16 6 3574360
16 13 3841680
17 14 2390120
17 13 3550200
17 19 2997440
17 25 3427790
18 22 2339540
18 25 3960490
18 19 3530140
19 17 2997440
19 18 3530140
19 22 1441860
20 16 3560450
20 25 3334340
20 23 3588480
21 24 2266160
21 23 3256590
21 7 2570180
22 18 2339540
22 19 1441860
23 21 3256590
23 24 3011010
23 16 3973410
23 20 3588480
24 21 2266160
24 23 3011010
25 20 3334340
25 18 3960490
25 17 3427790
