0 4 3415080
0 2 3600150
1 2 6349940
1 5 5663660
1 3 5072180
2 1 6349940
2 0 3600150
2 4 6419530
3 4 5141770
3 1 5072180
3 5 4640560
4 0 3415080
4 3 5141770
4 2 6419530
4 11 6067880
5 1 5663660
5 3 4640560
5 7 4772930
5 6 5025570
6 8 3540210
6 7 4566460
6 5 5025570
6 11 5360200
6 16 4474020
7 6 4566460
7 21 4105630
7 5 4772930
8 6 3540210
8 10 3573650
8 15 3697920
9 12 2878580
9 10 3340320
10 15 5010250
10 8 3573650
10 11 5393640
10 9 3340320
11 4 6067880
11 6 5360200
11 10 5393640
12 9 2878580
12 14 3039640
12 13 3894510
12 15 4548510
13 12 3894510
13 15 4480520
13 17 3806280
13 16 3977730
14 17 2951410
14 12 3039640
15 10 5010250
15 13 4480520
15 12 4548510
15 8 3697920
16 23 4878890
16 20 4270430
16 6 4474020
16 13 3977730
17 14 2951410
17 13 3806280
17 19 3209580
17 25 4212870
18 22 3038540
18 25 4717790
18 19 3714500
19 17 3209580
19 18 3714500
19 22 1957160
20 16 4270430
20 25 4525810
20 23 5020380
21 24 3643060
21 23 4763140
21 7 4105630
22 18 3038540
22 19 1957160
23 21 4763140
23 24 4508760
23 16 4878890
23 20 5020380
24 21 3643060
24 23 4508760
25 20 4525810
25 18 4717790
25 17 4212870
