0 4 1984850
0 2 2536840
1 2 4118080
1 5 3416970
1 3 2911740
2 1 4118080
2 0 2536840
2 4 4061730
3 4 2855390
3 1 2911740
3 5 2706270
4 0 1984850
4 3 2855390
4 2 4061730
4 11 3524580
5 1 3416970
5 3 2706270
5 7 3692140
5 6 3162550
6 8 2041770
6 7 3643190
6 5 3162550
6 11 3326510
6 16 3227140
7 6 3643190
7 21 3842190
7 5 3692140
8 6 2041770
8 10 1997460
8 15 1920990
9 12 1987290
9 10 2091610
10 15 2948510
10 8 1997460
10 11 3282200
10 9 2091610
11 4 3524580
11 6 3326510
11 10 3282200
12 9 1987290
12 14 2613080
12 13 2929010
12 15 2844190
13 12 2929010
13 15 2956860
13 17 3743620
13 16 3191180
14 17 3427690
14 12 2613080
15 10 2948510
15 13 2956860
15 12 2844190
15 8 1920990
16 23 4255080
16 20 3609510
16 6 3227140
16 13 3191180
17 14 3427690
17 13 3743620
17 19 3673470
17 25 4568890
18 22 2554460
18 25 4641550
18 19 3746130
19 17 3673470
19 18 3746130
19 22 1709710
20 16 3609510
20 25 4285280
20 23 4523910
21 24 3434150
21 23 4340540
21 7 3842190
22 18 2554460
22 19 1709710
23 21 4340540
23 24 4263090
23 16 4255080
23 20 4523910
24 21 3434150
24 23 4263090
25 20 4285280
25 18 4641550
25 17 4568890
