0 4 1892870
0 2 1778880
1 2 3999660
1 5 4460560
1 3 4029800
2 1 3999660
2 0 1778880
2 4 3407190
3 4 3437330
3 1 4029800
3 5 3784240
4 0 1892870
4 3 3437330
4 2 3407190
4 11 3689960
5 1 4460560
5 3 3784240
5 7 4775950
5 6 3814060
6 8 2374800
6 7 4375010
6 5 3814060
6 11 3635930
6 16 3213780
7 6 4375010
7 21 4118800
7 5 4775950
8 6 2374800
8 10 2277970
8 15 2314090
9 12 1879130
9 10 2048530
10 15 3255580
10 8 2277970
10 11 3539100
10 9 2048530
11 4 3689960
11 6 3635930
11 10 3539100
12 9 1879130
12 14 2275750
12 13 3154510
12 15 3086180
13 12 3154510
13 15 3360030
13 17 3334090
13 16 3221400
14 17 2455330
14 12 2275750
15 10 3255580
15 13 3360030
15 12 3086180
15 8 2314090
16 23 4010680
16 20 2766420
16 6 3213780
16 13 3221400
17 14 2455330
17 13 3334090
17 19 2817320
17 25 3182960
18 22 2277740
18 25 3645610
18 19 3279970
19 17 2817320
19 18 3279970
19 22 1392590
20 16 2766420
20 25 2822250
20 23 3762660
21 24 2839770
21 23 3953810
21 7 4118800
22 18 2277740
22 19 1392590
23 21 3953810
23 24 3892880
23 16 4010680
23 20 3762660
24 21 2839770
24 23 3892880
25 20 2822250
25 18 3645610
25 17 3182960
