0 4 2478430
0 2 2441850
1 2 4541560
1 5 4350960
1 3 3898410
2 1 4541560
2 0 2441850
2 4 4536680
3 4 3893530
3 1 3898410
3 5 3666350
4 0 2478430
4 3 3893530
4 2 4536680
4 11 4718000
5 1 4350960
5 3 3666350
5 7 4918110
5 6 4080380
6 8 2943000
6 7 4879590
6 5 4080380
6 11 4452300
6 16 3669640
7 6 4879590
7 21 4658920
7 5 4918110
8 6 2943000
8 10 3093370
8 15 3025720
9 12 2628220
9 10 2846140
10 15 4274950
10 8 3093370
10 11 4602670
10 9 2846140
11 4 4718000
11 6 4452300
11 10 4602670
12 9 2628220
12 14 2663390
12 13 3936300
12 15 4057030
13 12 3936300
13 15 4086570
13 17 3667620
13 16 3631630
14 17 2394710
14 12 2663390
15 10 4274950
15 13 4086570
15 12 4057030
15 8 3025720
16 23 4248020
16 20 2836500
16 6 3669640
16 13 3631630
17 14 2394710
17 13 3667620
17 19 2891680
17 25 3818070
18 22 2149730
18 25 4093480
18 19 3167090
19 17 2891680
19 18 3167090
19 22 1396600
20 16 2836500
20 25 3321160
20 23 3787100
21 24 3073810
21 23 4399570
21 7 4658920
22 18 2149730
22 19 1396600
23 21 4399570
23 24 3872860
23 16 4248020
23 20 3787100
24 21 3073810
24 23 3872860
25 20 3321160
25 18 4093480
25 17 3818070
