0 4 1361350
0 2 1867880
1 2 3182450
1 5 2646530
1 3 2428320
2 1 3182450
2 0 1867880
2 4 2999350
3 4 2245220
3 1 2428320
3 5 2215830
4 0 1361350
4 3 2245220
4 2 2999350
4 11 2620850
5 1 2646530
5 3 2215830
5 7 2468290
5 6 2405100
6 8 1739840
6 7 2439350
6 5 2405100
6 11 2562520
6 16 2529020
7 6 2439350
7 21 2159740
7 5 2468290
8 6 1739840
8 10 1685040
8 15 1823280
9 12 1852400
9 10 1522440
10 15 2404800
10 8 1685040
10 11 2507720
10 9 1522440
11 4 2620850
11 6 2562520
11 10 2507720
12 9 1852400
12 14 1971460
12 13 2864020
12 15 2734760
13 12 2864020
13 15 2672300
13 17 2576250
13 16 2741720
14 17 1683690
14 12 1971460
15 10 2404800
15 13 2672300
15 12 2734760
15 8 1823280
16 23 2957570
16 20 2078770
16 6 2529020
16 13 2741720
17 14 1683690
17 13 2576250
17 19 1882310
17 25 2283420
18 22 1493340
18 25 2425620
18 19 2024510
19 17 1882310
19 18 2024510
19 22 882510
20 16 2078770
20 25 1845780
20 23 2354460
21 24 1831400
21 23 2525100
21 7 2159740
22 18 1493340
22 19 882510
23 21 2525100
23 24 2539560
23 16 2957570
23 20 2354460
24 21 1831400
24 23 2539560
25 20 1845780
25 18 2425620
25 17 2283420
