0 4 1609920
0 2 1774610
1 2 3365710
1 5 3070820
1 3 2892590
2 1 3365710
2 0 1774610
2 4 3008930
3 4 2535810
3 1 2892590
3 5 2405610
4 0 1609920
4 3 2535810
4 2 3008930
4 11 2928960
5 1 3070820
5 3 2405610
5 7 2621740
5 6 2873990
6 8 2541500
6 7 2911890
6 5 2873990
6 11 3088910
6 16 2777520
7 6 2911890
7 21 2269980
7 5 2621740
8 6 2541500
8 10 2736830
8 15 2721330
9 12 2163070
9 10 2419100
10 15 3539300
10 8 2736830
10 11 3284240
10 9 2419100
11 4 2928960
11 6 3088910
11 10 3284240
12 9 2163070
12 14 1981210
12 13 3004040
12 15 3283270
13 12 3004040
13 15 3244570
13 17 2957670
13 16 2678120
14 17 1934840
14 12 1981210
15 10 3539300
15 13 3244570
15 12 3283270
15 8 2721330
16 23 4037740
16 20 3011970
16 6 2777520
16 13 2678120
17 14 1934840
17 13 2957670
17 19 2940770
17 25 3577280
18 22 2381170
18 25 4295380
18 19 3658870
19 17 2940770
19 18 3658870
19 22 1653840
20 16 3011970
20 25 3918800
20 23 4658810
21 24 2128230
21 23 3782450
21 7 2269980
22 18 2381170
22 19 1653840
23 21 3782450
23 24 4030360
23 16 4037740
23 20 4658810
24 21 2128230
24 23 4030360
25 20 3918800
25 18 4295380
25 17 3577280
