0 4 1886760
0 2 2646010
1 2 4522060
1 5 3670490
1 3 3313840
2 1 4522060
2 0 2646010
2 4 4158030
3 4 2949810
3 1 3313840
3 5 2857490
4 0 1886760
4 3 2949810
4 2 4158030
4 11 3602190
5 1 3670490
5 3 2857490
5 7 3164930
5 6 2970390
6 8 2016080
6 7 2921180
6 5 2970390
6 11 3266120
6 16 2605110
7 6 2921180
7 21 2478290
7 5 3164930
8 6 2016080
8 10 2187300
8 15 2176250
9 12 1803890
9 10 2031180
10 15 3058030
10 8 2187300
10 11 3437340
10 9 2031180
11 4 3602190
11 6 3266120
11 10 3437340
12 9 1803890
12 14 2069520
12 13 2654550
12 15 2830740
13 12 2654550
13 15 2870790
13 17 2755680
13 16 2589090
14 17 2170650
14 12 2069520
15 10 3058030
15 13 2870790
15 12 2830740
15 8 2176250
16 23 2682890
16 20 1975430
16 6 2605110
16 13 2589090
17 14 2170650
17 13 2755680
17 19 2166540
17 25 2988770
18 22 1369500
18 25 2829890
18 19 2007660
19 17 2166540
19 18 2007660
19 22 878160
20 16 1975430
20 25 2314030
20 23 2174740
21 24 1965150
21 23 2361530
21 7 2478290
22 18 1369500
22 19 878160
23 21 2361530
23 24 2485820
23 16 2682890
23 20 2174740
24 21 1965150
24 23 2485820
25 20 2314030
25 18 2829890
25 17 2988770
