0 4 1787330
0 2 1743400
1 2 3222190
1 5 2924310
1 3 2683380
2 1 3222190
2 0 1743400
2 4 3288070
3 4 2749260
3 1 2683380
3 5 2407450
4 0 1787330
4 3 2749260
4 2 3288070
4 11 3216130
5 1 2924310
5 3 2407450
5 7 3413800
5 6 3213220
6 8 2852000
6 7 3978640
6 5 3213220
6 11 3439160
6 16 4036240
7 6 3978640
7 21 3678740
7 5 3413800
8 6 2852000
8 10 2596730
8 15 2789770
9 12 2541790
9 10 2334680
10 15 3460560
10 8 2596730
10 11 3183890
10 9 2334680
11 4 3216130
11 6 3439160
11 10 3183890
12 9 2541790
12 14 2733740
12 13 3802480
12 15 3667670
13 12 3802480
13 15 3788410
13 17 3555200
13 16 4108820
14 17 2486460
14 12 2733740
15 10 3460560
15 13 3788410
15 12 3667670
15 8 2789770
16 23 5112970
16 20 3644750
16 6 4036240
16 13 4108820
17 14 2486460
17 13 3555200
17 19 2415420
17 25 3574810
18 22 1599620
18 25 3449050
18 19 2289660
19 17 2415420
19 18 2289660
19 22 953620
20 16 3644750
20 25 3478760
20 23 4463300
21 24 2442360
21 23 4554890
21 7 3678740
22 18 1599620
22 19 953620
23 21 4554890
23 24 3818990
23 16 5112970
23 20 4463300
24 21 2442360
24 23 3818990
25 20 3478760
25 18 3449050
25 17 3574810
