0 4 2256050
0 2 3712810
1 2 5910090
1 5 4752810
1 3 4482190
2 1 5910090
2 0 3712810
2 4 5007020
3 4 3579120
3 1 4482190
3 5 3878600
4 0 2256050
4 3 3579120
4 2 5007020
4 11 3683640
5 1 4752810
5 3 3878600
5 7 3940800
5 6 3957630
6 8 2716020
6 7 3749210
6 5 3957630
6 11 3791530
6 16 3456560
7 6 3749210
7 21 3216320
7 5 3940800
8 6 2716020
8 10 2554430
8 15 2615700
9 12 2146220
9 10 2444780
10 15 3504130
10 8 2554430
10 11 3629940
10 9 2444780
11 4 3683640
11 6 3791530
11 10 3629940
12 9 2146220
12 14 2509360
12 13 2863900
12 15 3205570
13 12 2863900
13 15 3223730
13 17 3496780
13 16 3014570
14 17 3142240
14 12 2509360
15 10 3504130
15 13 3223730
15 12 3205570
15 8 2615700
16 23 3542570
16 20 2609740
16 6 3456560
16 13 3014570
17 14 3142240
17 13 3496780
17 19 3301920
17 25 3660040
18 22 2548230
18 25 3731480
18 19 3373360
19 17 3301920
19 18 3373360
19 22 1667210
20 16 2609740
20 25 2640490
20 23 3005230
21 24 2805090
21 23 3319160
21 7 3216320
22 18 2548230
22 19 1667210
23 21 3319160
23 24 3423990
23 16 3542570
23 20 3005230
24 21 2805090
24 23 3423990
25 20 2640490
25 18 3731480
25 17 3660040
