0 4 2201550
0 2 2135900
1 2 4870000
1 5 4766110
1 3 4830280
2 1 4870000
2 0 2135900
2 4 4284350
3 4 4244630
3 1 4830280
3 5 4075090
4 0 2201550
4 3 4244630
4 2 4284350
4 11 4429530
5 1 4766110
5 3 4075090
5 7 4674430
5 6 4396500
6 8 3493470
6 7 5060010
6 5 4396500
6 11 4645570
6 16 3856450
7 6 5060010
7 21 4728090
7 5 4674430
8 6 3493470
8 10 3101940
8 15 3436570
9 12 2482040
9 10 2826240
10 15 4333650
10 8 3101940
10 11 4254040
10 9 2826240
11 4 4429530
11 6 4645570
11 10 4254040
12 9 2482040
12 14 2826490
12 13 3402770
12 15 3989450
13 12 3402770
13 15 4081600
13 17 4118880
13 16 3212870
14 17 3542600
14 12 2826490
15 10 4333650
15 13 4081600
15 12 3989450
15 8 3436570
16 23 3966210
16 20 4174240
16 6 3856450
16 13 3212870
17 14 3542600
17 13 4118880
17 19 3836840
17 25 6153790
18 22 2919230
18 25 6508620
18 19 4191670
19 17 3836840
19 18 4191670
19 22 1658400
20 16 4174240
20 25 6491200
20 23 5209630
21 24 3270920
21 23 4559920
21 7 4728090
22 18 2919230
22 19 1658400
23 21 4559920
23 24 3712600
23 16 3966210
23 20 5209630
24 21 3270920
24 23 3712600
25 20 6491200
25 18 6508620
25 17 6153790
