0 4 2755290
0 2 3050290
1 2 5636500
1 5 5395830
1 3 4775340
2 1 5636500
2 0 3050290
2 4 5318980
3 4 4457820
3 1 4775340
3 5 4512150
4 0 2755290
4 3 4457820
4 2 5318980
4 11 5032060
5 1 5395830
5 3 4512150
5 7 4553110
5 6 4778590
6 8 3373510
6 7 4199060
6 5 4778590
6 11 4732340
6 16 3709020
7 6 4199060
7 21 3627840
7 5 4553110
8 6 3373510
8 10 3818620
8 15 3704340
9 12 3109650
9 10 3472430
10 15 5200480
10 8 3818620
10 11 5177450
10 9 3472430
11 4 5032060
11 6 4732340
11 10 5177450
12 9 3109650
12 14 3508400
12 13 4320320
12 15 4837700
13 12 4320320
13 15 4568820
13 17 4413010
13 16 3522470
14 17 3601090
14 12 3508400
15 10 5200480
15 13 4568820
15 12 4837700
15 8 3704340
16 23 4094650
16 20 3755100
16 6 3709020
16 13 3522470
17 14 3601090
17 13 4413010
17 19 3960150
17 25 5470220
18 22 3010090
18 25 5771190
18 19 4261120
19 17 3960150
19 18 4261120
19 22 1894690
20 16 3755100
20 25 5341280
20 23 4856250
21 24 3028650
21 23 4238950
21 7 3627840
22 18 3010090
22 19 1894690
23 21 4238950
23 24 3985500
23 16 4094650
23 20 4856250
24 21 3028650
24 23 3985500
25 20 5341280
25 18 5771190
25 17 5470220
