0 4 1415050
0 2 1772500
1 2 2910170
1 5 2558180
1 3 2208260
2 1 2910170
2 0 1772500
2 4 2875870
3 4 2173960
3 1 2208260
3 5 2179420
4 0 1415050
4 3 2173960
4 2 2875870
4 11 2681350
5 1 2558180
5 3 2179420
5 7 2905680
5 6 2502700
6 8 1776570
6 7 2879040
6 5 2502700
6 11 2660170
6 16 2261710
7 6 2879040
7 21 2364760
7 5 2905680
8 6 1776570
8 10 1748450
8 15 1778850
9 12 1947770
9 10 1713060
10 15 2450220
10 8 1748450
10 11 2632050
10 9 1713060
11 4 2681350
11 6 2660170
11 10 2632050
12 9 1947770
12 14 2359560
12 13 2616590
12 15 2684930
13 12 2616590
13 15 2412280
13 17 2760830
13 16 2195650
14 17 2503800
14 12 2359560
15 10 2450220
15 13 2412280
15 12 2684930
15 8 1778850
16 23 2490840
16 20 2286640
16 6 2261710
16 13 2195650
17 14 2503800
17 13 2760830
17 19 2733350
17 25 3317830
18 22 2315230
18 25 3865470
18 19 3280990
19 17 2733350
19 18 3280990
19 22 1323220
20 16 2286640
20 25 2991930
20 23 2730120
21 24 1402580
21 23 2190910
21 7 2364760
22 18 2315230
22 19 1323220
23 21 2190910
23 24 2145990
23 16 2490840
23 20 2730120
24 21 1402580
24 23 2145990
25 20 2991930
25 18 3865470
25 17 3317830
