0 4 1085870
0 2 1319280
1 2 2560870
1 5 2283720
1 3 2215760
2 1 2560870
2 0 1319280
2 4 2230650
3 4 1885540
3 1 2215760
3 5 1841800
4 0 1085870
4 3 1885540
4 2 2230650
4 11 2037030
5 1 2283720
5 3 1841800
5 7 1918950
5 6 1958970
6 8 1468230
6 7 1968160
6 5 1958970
6 11 2042500
6 16 1773360
7 6 1968160
7 21 1641120
7 5 1918950
8 6 1468230
8 10 1536940
8 15 1468540
9 12 1493740
9 10 1513880
10 15 2077200
10 8 1536940
10 11 2111210
10 9 1513880
11 4 2037030
11 6 2042500
11 10 2111210
12 9 1493740
12 14 1651640
12 13 1969870
12 15 2057060
13 12 1969870
13 15 1921610
13 17 2242900
13 16 1686480
14 17 1924670
14 12 1651640
15 10 2077200
15 13 1921610
15 12 2057060
15 8 1468540
16 23 1905330
16 20 1958730
16 6 1773360
16 13 1686480
17 14 1924670
17 13 2242900
17 19 2400380
17 25 2580520
18 22 1924020
18 25 3095690
18 19 2915550
19 17 2400380
19 18 2915550
19 22 1157850
20 16 1958730
20 25 2444290
20 23 2325520
21 24 1243530
21 23 1813110
21 7 1641120
22 18 1924020
22 19 1157850
23 21 1813110
23 24 1702540
23 16 1905330
23 20 2325520
24 21 1243530
24 23 1702540
25 20 2444290
25 18 3095690
25 17 2580520
