0 4 2028400
0 2 1992820
1 2 4105670
1 5 4235880
1 3 3813140
2 1 4105670
2 0 1992820
2 4 3659080
3 4 3366550
3 1 3813140
3 5 3461180
4 0 2028400
4 3 3366550
4 2 3659080
4 11 3803970
5 1 4235880
5 3 3461180
5 7 3952550
5 6 4177330
6 8 3287930
6 7 4245960
6 5 4177330
6 11 4192010
6 16 4293960
7 6 4245960
7 21 3607760
7 5 3952550
8 6 3287930
8 10 2787860
8 15 3107490
9 12 2404740
9 10 2438350
10 15 3790230
10 8 2787860
10 11 3691940
10 9 2438350
11 4 3803970
11 6 4192010
11 10 3691940
12 9 2404740
12 14 3251010
12 13 3892520
12 15 3756620
13 12 3892520
13 15 4245760
13 17 4691780
13 16 4249420
14 17 4050270
14 12 3251010
15 10 3790230
15 13 4245760
15 12 3756620
15 8 3107490
16 23 4649600
16 20 4469940
16 6 4293960
16 13 4249420
17 14 4050270
17 13 4691780
17 19 4649440
17 25 5304980
18 22 3821880
18 25 6130130
18 19 5474590
19 17 4649440
19 18 5474590
19 22 2644270
20 16 4469940
20 25 5215380
20 23 5002360
21 24 2812670
21 23 4188180
21 7 3607760
22 18 3821880
22 19 2644270
23 21 4188180
23 24 3806510
23 16 4649600
23 20 5002360
24 21 2812670
24 23 3806510
25 20 5215380
25 18 6130130
25 17 5304980
