0 4 2324120
0 2 3251570
1 2 5034040
1 5 4026890
1 3 3576330
2 1 5034040
2 0 3251570
2 4 4982210
3 4 3524500
3 1 3576330
3 5 3444800
4 0 2324120
4 3 3524500
4 2 4982210
4 11 4260820
5 1 4026890
5 3 3444800
5 7 3977250
5 6 3927010
6 8 2862030
6 7 4008900
6 5 3927010
6 11 4212770
6 16 3927120
7 6 4008900
7 21 3515110
7 5 3977250
8 6 2862030
8 10 2901140
8 15 2859360
9 12 2482190
9 10 2780270
10 15 3995100
10 8 2901140
10 11 4251880
10 9 2780270
11 4 4260820
11 6 4212770
11 10 4251880
12 9 2482190
12 14 2902850
12 13 3296270
12 15 3697020
13 12 3296270
13 15 3552570
13 17 3309520
13 16 3523700
14 17 2916100
14 12 2902850
15 10 3995100
15 13 3552570
15 12 3697020
15 8 2859360
16 23 4377550
16 20 3182200
16 6 3927120
16 13 3523700
17 14 2916100
17 13 3309520
17 19 3171480
17 25 3708100
18 22 2983140
18 25 4485150
18 19 3948530
19 17 3171480
19 18 3948530
19 22 1910350
20 16 3182200
20 25 3208900
20 23 3664170
21 24 2695850
21 23 3915300
21 7 3515110
22 18 2983140
22 19 1910350
23 21 3915300
23 24 3640070
23 16 4377550
23 20 3664170
24 21 2695850
24 23 3640070
25 20 3208900
25 18 4485150
25 17 3708100
