0 4 1946240
0 2 2753680
1 2 4584210
1 5 3661850
1 3 3424230
2 1 4584210
2 0 2753680
2 4 4238040
3 4 3078060
3 1 3424230
3 5 2963140
4 0 1946240
4 3 3078060
4 2 4238040
4 11 3653350
5 1 3661850
5 3 2963140
5 7 3421190
5 6 3007600
6 8 2040900
6 7 3228030
6 5 3007600
6 11 3345270
6 16 2515780
7 6 3228030
7 21 3157950
7 5 3421190
8 6 2040900
8 10 2278970
8 15 2158100
9 12 1977330
9 10 2141770
10 15 3169710
10 8 2278970
10 11 3583340
10 9 2141770
11 4 3653350
11 6 3345270
11 10 3583340
12 9 1977330
12 14 2622390
12 13 3037890
12 15 3005270
13 12 3037890
13 15 3081460
13 17 3490130
13 16 2665600
14 17 3074630
14 12 2622390
15 10 3169710
15 13 3081460
15 12 3005270
15 8 2158100
16 23 3303990
16 20 2628090
16 6 2515780
16 13 2665600
17 14 3074630
17 13 3490130
17 19 3403780
17 25 3752440
18 22 2448000
18 25 3987410
18 19 3638750
19 17 3403780
19 18 3638750
19 22 1750630
20 16 2628090
20 25 3338880
20 23 3714960
21 24 2467600
21 23 3532570
21 7 3157950
22 18 2448000
22 19 1750630
23 21 3532570
23 24 3325890
23 16 3303990
23 20 3714960
24 21 2467600
24 23 3325890
25 20 3338880
25 18 3987410
25 17 3752440
