0 4 1138830
0 2 1682170
1 2 3266500
1 5 2891210
1 3 2714050
2 1 3266500
2 0 1682170
2 4 2688720
3 4 2136270
3 1 2714050
3 5 2304320
4 0 1138830
4 3 2136270
4 2 2688720
4 11 2211500
5 1 2891210
5 3 2304320
5 7 2667790
5 6 2450820
6 8 1901690
6 7 2637130
6 5 2450820
6 11 2348890
6 16 2080980
7 6 2637130
7 21 2290280
7 5 2667790
8 6 1901690
8 10 1811850
8 15 1809460
9 12 1295480
9 10 1477370
10 15 2238090
10 8 1811850
10 11 2259050
10 9 1477370
11 4 2211500
11 6 2348890
11 10 2259050
12 9 1295480
12 14 1442790
12 13 1884530
12 15 2056200
13 12 1884530
13 15 2064030
13 17 1891170
13 16 1817080
14 17 1449430
14 12 1442790
15 10 2238090
15 13 2064030
15 12 2056200
15 8 1809460
16 23 2136620
16 20 1759170
16 6 2080980
16 13 1817080
17 14 1449430
17 13 1891170
17 19 1346530
17 25 2144330
18 22 1135660
18 25 2166750
18 19 1368950
19 17 1346530
19 18 1368950
19 22 569790
20 16 1759170
20 25 2087610
20 23 2153990
21 24 1949580
21 23 2128950
21 7 2290280
22 18 1135660
22 19 569790
23 21 2128950
23 24 2352070
23 16 2136620
23 20 2153990
24 21 1949580
24 23 2352070
25 20 2087610
25 18 2166750
25 17 2144330
