0 4 2310910
0 2 2394260
1 2 4310020
1 5 3463070
1 3 3609520
2 1 4310020
2 0 2394260
2 4 4375790
3 4 3675290
3 1 3609520
3 5 2911690
4 0 2310910
4 3 3675290
4 2 4375790
4 11 4306090
5 1 3463070
5 3 2911690
5 7 4652330
5 6 3395210
6 8 2993180
6 7 5282300
6 5 3395210
6 11 4172460
6 16 3128020
7 6 5282300
7 21 4767420
7 5 4652330
8 6 2993180
8 10 2485350
8 15 2732870
9 12 2026640
9 10 2200890
10 15 3257040
10 8 2485350
10 11 3664630
10 9 2200890
11 4 4306090
11 6 4172460
11 10 3664630
12 9 2026640
12 14 2113980
12 13 2794450
12 15 3082790
13 12 2794450
13 15 3216220
13 17 2999400
13 16 2579370
14 17 2318930
14 12 2113980
15 10 3257040
15 13 3216220
15 12 3082790
15 8 2732870
16 23 3530400
16 20 2689910
16 6 3128020
16 13 2579370
17 14 2318930
17 13 2999400
17 19 2786710
17 25 3289920
18 22 2529830
18 25 4253290
18 19 3750080
19 17 2786710
19 18 3750080
19 22 1282250
20 16 2689910
20 25 3328940
20 23 3989450
21 24 2435740
21 23 3912680
21 7 4767420
22 18 2529830
22 19 1282250
23 21 3912680
23 24 3353000
23 16 3530400
23 20 3989450
24 21 2435740
24 23 3353000
25 20 3328940
25 18 4253290
25 17 3289920
