0 4 1747050
0 2 2504190
1 2 4103640
1 5 3348010
1 3 2828910
2 1 4103640
2 0 2504190
2 4 3980280
3 4 2705550
3 1 2828910
3 5 2707060
4 0 1747050
4 3 2705550
4 2 3980280
4 11 3307840
5 1 3348010
5 3 2707060
5 7 3521340
5 6 3143010
6 8 2134120
6 7 3438190
6 5 3143010
6 11 3226200
6 16 2995150
7 6 3438190
7 21 3118130
7 5 3521340
8 6 2134120
8 10 2277610
8 15 2275350
9 12 2144910
9 10 2158420
10 15 3344580
10 8 2277610
10 11 3369690
10 9 2158420
11 4 3307840
11 6 3226200
11 10 3369690
12 9 2144910
12 14 2647020
12 13 3144670
12 15 3331070
13 12 3144670
13 15 3155920
13 17 3101080
13 16 2949980
14 17 2603430
14 12 2647020
15 10 3344580
15 13 3155920
15 12 3331070
15 8 2275350
16 23 3687050
16 20 2753350
16 6 2995150
16 13 2949980
17 14 2603430
17 13 3101080
17 19 2784860
17 25 3187180
18 22 1702800
18 25 3208320
18 19 2806000
19 17 2784860
19 18 2806000
19 22 1233880
20 16 2753350
20 25 2858990
20 23 3509960
21 24 2349290
21 23 3431700
21 7 3118130
22 18 1702800
22 19 1233880
23 21 3431700
23 24 3361250
23 16 3687050
23 20 3509960
24 21 2349290
24 23 3361250
25 20 2858990
25 18 3208320
25 17 3187180
