0 4 2035220
0 2 2323050
1 2 3691610
1 5 3524840
1 3 2795310
2 1 3691610
2 0 2323050
2 4 3886850
3 4 2990550
3 1 2795310
3 5 3111610
4 0 2035220
4 3 2990550
4 2 3886850
4 11 3830750
5 1 3524840
5 3 3111610
5 7 4470000
5 6 3854670
6 8 2772560
6 7 4483530
6 5 3854670
6 11 3965340
6 16 3686260
7 6 4483530
7 21 4549720
7 5 4470000
8 6 2772560
8 10 2593770
8 15 2645630
9 12 2265570
9 10 2544330
10 15 3562480
10 8 2593770
10 11 3786550
10 9 2544330
11 4 3830750
11 6 3965340
11 10 3786550
12 9 2265570
12 14 2820660
12 13 3093810
12 15 3283720
13 12 3093810
13 15 3424430
13 17 3902260
13 16 3369420
14 17 3629110
14 12 2820660
15 10 3562480
15 13 3424430
15 12 3283720
15 8 2645630
16 23 5022560
16 20 3907910
16 6 3686260
16 13 3369420
17 14 3629110
17 13 3902260
17 19 3620820
17 25 5032930
18 22 2632220
18 25 5031330
18 19 3619220
19 17 3620820
19 18 3619220
19 22 1684640
20 16 3907910
20 25 4903680
20 23 5426150
21 24 4142310
21 23 5270690
21 7 4549720
22 18 2632220
22 19 1684640
23 21 5270690
23 24 5412420
23 16 5022560
23 20 5426150
24 21 4142310
24 23 5412420
25 20 4903680
25 18 5031330
25 17 5032930
