0 4 1999680
0 2 1815660
1 2 3522140
1 5 3746470
1 3 3293490
2 1 3522140
2 0 1815660
2 4 3502520
3 4 3273870
3 1 3293490
3 5 3314180
4 0 1999680
4 3 3273870
4 2 3502520
4 11 3793130
5 1 3746470
5 3 3314180
5 7 3905260
5 6 3575260
6 8 2576200
6 7 3713360
6 5 3575260
6 11 3641540
6 16 2874170
7 6 3713360
7 21 3414930
7 5 3905260
8 6 2576200
8 10 2454220
8 15 2813540
9 12 2407070
9 10 2191190
10 15 3498720
10 8 2454220
10 11 3519560
10 9 2191190
11 4 3793130
11 6 3641540
11 10 3519560
12 9 2407070
12 14 3096920
12 13 3648380
12 15 3714600
13 12 3648380
13 15 3791820
13 17 4231960
13 16 3045290
14 17 3680500
14 12 3096920
15 10 3498720
15 13 3791820
15 12 3714600
15 8 2813540
16 23 3384310
16 20 3358080
16 6 2874170
16 13 3045290
17 14 3680500
17 13 4231960
17 19 4165850
17 25 4924220
18 22 3719430
18 25 5964830
18 19 5206460
19 17 4165850
19 18 5206460
19 22 2106350
20 16 3358080
20 25 4730650
20 23 4377410
21 24 2512840
21 23 3595070
21 7 3414930
22 18 3719430
22 19 2106350
23 21 3595070
23 24 3321410
23 16 3384310
23 20 4377410
24 21 2512840
24 23 3321410
25 20 4730650
25 18 5964830
25 17 4924220
