0 4 1925060
0 2 2602600
1 2 3925340
1 5 3200220
1 3 2635140
2 1 3925340
2 0 2602600
2 4 4023280
3 4 2733080
3 1 2635140
3 5 2685500
4 0 1925060
4 3 2733080
4 2 4023280
4 11 3333180
5 1 3200220
5 3 2685500
5 7 3174140
5 6 3285630
6 8 2733500
6 7 3209190
6 5 3285630
6 11 3320650
6 16 2634760
7 6 3209190
7 21 2807500
7 5 3174140
8 6 2733500
8 10 2568480
8 15 2617130
9 12 2379810
9 10 2273990
10 15 3039290
10 8 2568480
10 11 3155630
10 9 2273990
11 4 3333180
11 6 3320650
11 10 3155630
12 9 2379810
12 14 2318390
12 13 2865390
12 15 3145110
13 12 2865390
13 15 2808220
13 17 2411250
13 16 2238670
14 17 1864250
14 12 2318390
15 10 3039290
15 13 2808220
15 12 3145110
15 8 2617130
16 23 2704700
16 20 2205850
16 6 2634760
16 13 2238670
17 14 1864250
17 13 2411250
17 19 2117820
17 25 2323100
18 22 1754670
18 25 2637590
18 19 2432310
19 17 2117820
19 18 2432310
19 22 1264000
20 16 2205850
20 25 2407530
20 23 2961710
21 24 2842770
21 23 2988930
21 7 2807500
22 18 1754670
22 19 1264000
23 21 2988930
23 24 3314400
23 16 2704700
23 20 2961710
24 21 2842770
24 23 3314400
25 20 2407530
25 18 2637590
25 17 2323100
