0 4 2567690
0 2 2765370
1 2 4515490
1 5 3812390
1 3 3477310
2 1 4515490
2 0 2765370
2 4 4760000
3 4 3721820
3 1 3477310
3 5 3216400
4 0 2567690
4 3 3721820
4 2 4760000
4 11 4733790
5 1 3812390
5 3 3216400
5 7 4127100
5 6 3744260
6 8 2658920
6 7 4319880
6 5 3744260
6 11 4421150
6 16 3515350
7 6 4319880
7 21 3474150
7 5 4127100
8 6 2658920
8 10 2645290
8 15 2564610
9 12 2351820
9 10 2539300
10 15 3829100
10 8 2645290
10 11 4407520
10 9 2539300
11 4 4733790
11 6 4421150
11 10 4407520
12 9 2351820
12 14 3174780
12 13 3472650
12 15 3641620
13 12 3472650
13 15 3579450
13 17 4099710
13 16 3252070
14 17 3801840
14 12 3174780
15 10 3829100
15 13 3579450
15 12 3641620
15 8 2564610
16 23 3406350
16 20 2722570
16 6 3515350
16 13 3252070
17 14 3801840
17 13 4099710
17 19 3591470
17 25 4917520
18 22 2131460
18 25 4528890
18 19 3202840
19 17 3591470
19 18 3202840
19 22 1322620
20 16 2722570
20 25 3698790
20 23 3035260
21 24 2391860
21 23 2982310
21 7 3474150
22 18 2131460
22 19 1322620
23 21 2982310
23 24 3128590
23 16 3406350
23 20 3035260
24 21 2391860
24 23 3128590
25 20 3698790
25 18 4528890
25 17 4917520
