0 4 1302750
0 2 1646330
1 2 2410240
1 5 1865710
1 3 1580610
2 1 2410240
2 0 1646330
2 4 2626720
3 4 1797090
3 1 1580610
3 5 1596140
4 0 1302750
4 3 1797090
4 2 2626720
4 11 2379390
5 1 1865710
5 3 1596140
5 7 2079310
5 6 1996450
6 8 1766600
6 7 2194520
6 5 1996450
6 11 2293650
6 16 2232080
7 6 2194520
7 21 2167230
7 5 2079310
8 6 1766600
8 10 1897300
8 15 1920070
9 12 1584470
9 10 1526760
10 15 2395830
10 8 1897300
10 11 2424350
10 9 1526760
11 4 2379390
11 6 2293650
11 10 2424350
12 9 1584470
12 14 1908380
12 13 2625050
12 15 2453540
13 12 2625050
13 15 2590110
13 17 2595730
13 16 2557060
14 17 1879060
14 12 1908380
15 10 2395830
15 13 2590110
15 12 2453540
15 8 1920070
16 23 3337090
16 20 2559440
16 6 2232080
16 13 2557060
17 14 1879060
17 13 2595730
17 19 2268260
17 25 2968360
18 22 1852900
18 25 3556200
18 19 2856100
19 17 2268260
19 18 2856100
19 22 1103480
20 16 2559440
20 25 3136630
20 23 3544030
21 24 1649670
21 23 3189380
21 7 2167230
22 18 1852900
22 19 1103480
23 21 3189380
23 24 2781970
23 16 3337090
23 20 3544030
24 21 1649670
24 23 2781970
25 20 3136630
25 18 3556200
25 17 2968360
