0 4 2207610
0 2 3138310
1 2 5617880
1 5 5089160
1 3 4631620
2 1 5617880
2 0 3138310
2 4 4888900
3 4 3902640
3 1 4631620
3 5 4304620
4 0 2207610
4 3 3902640
4 2 4888900
4 11 3935790
5 1 5089160
5 3 4304620
5 7 3999920
5 6 4459300
6 8 3082330
6 7 3697060
6 5 4459300
6 11 4034910
6 16 3814830
7 6 3697060
7 21 3284360
7 5 3999920
8 6 3082330
8 10 2920130
8 15 3316840
9 12 2527490
9 10 2602590
10 15 4228750
10 8 2920130
10 11 3872710
10 9 2602590
11 4 3935790
11 6 4034910
11 10 3872710
12 9 2527490
12 14 2761190
12 13 3747200
12 15 4153650
13 12 3747200
13 15 4219010
13 17 4176610
13 16 3642890
14 17 3190600
14 12 2761190
15 10 4228750
15 13 4219010
15 12 4153650
15 8 3316840
16 23 4578280
16 20 3392210
16 6 3814830
16 13 3642890
17 14 3190600
17 13 4176610
17 19 3664150
17 25 4370830
18 22 2143940
18 25 4007360
18 19 3300680
19 17 3664150
19 18 3300680
19 22 1630900
20 16 3392210
20 25 3756100
20 23 4497270
21 24 2894390
21 23 4507190
21 7 3284360
22 18 2143940
22 19 1630900
23 21 4507190
23 24 4070540
23 16 4578280
23 20 4497270
24 21 2894390
24 23 4070540
25 20 3756100
25 18 4007360
25 17 4370830
