0 4 1830270
0 2 1789580
1 2 3123880
1 5 3041520
1 3 2625020
2 1 3123880
2 0 1789580
2 4 3136910
3 4 2638050
3 1 2625020
3 5 2515000
4 0 1830270
4 3 2638050
4 2 3136910
4 11 3183610
5 1 3041520
5 3 2515000
5 7 3068560
5 6 2911580
6 8 2162940
6 7 3048640
6 5 2911580
6 11 3040640
6 16 2489470
7 6 3048640
7 21 2761840
7 5 3068560
8 6 2162940
8 10 2303590
8 15 2323100
9 12 2310220
9 10 2224480
10 15 3192470
10 8 2303590
10 11 3181290
10 9 2224480
11 4 3183610
11 6 3040640
11 10 3181290
12 9 2310220
12 14 2669080
12 13 3027530
12 15 3278210
13 12 3027530
13 15 2961300
13 17 3372210
13 16 2398950
14 17 3013760
14 12 2669080
15 10 3192470
15 13 2961300
15 12 3278210
15 8 2323100
16 23 2741920
16 20 2608030
16 6 2489470
16 13 2398950
17 14 3013760
17 13 3372210
17 19 3544840
17 25 4071030
18 22 2514700
18 25 4394360
18 19 3868170
19 17 3544840
19 18 3868170
19 22 1702410
20 16 2608030
20 25 3618520
20 23 3262670
21 24 1815430
21 23 2857310
21 7 2761840
22 18 2514700
22 19 1702410
23 21 2857310
23 24 2354680
23 16 2741920
23 20 3262670
24 21 1815430
24 23 2354680
25 20 3618520
25 18 4394360
25 17 4071030
