0 4 1947220
0 2 2280840
1 2 3849200
1 5 3677560
1 3 3194380
2 1 3849200
2 0 2280840
2 4 3700680
3 4 3045860
3 1 3194380
3 5 3207840
4 0 1947220
4 3 3045860
4 2 3700680
4 11 3516610
5 1 3677560
5 3 3207840
5 7 3901020
5 6 3634080
6 8 2614790
6 7 3844080
6 5 3634080
6 11 3621650
6 16 3484710
7 6 3844080
7 21 3418360
7 5 3901020
8 6 2614790
8 10 2497390
8 15 2562830
9 12 2112580
9 10 2260160
10 15 3407780
10 8 2497390
10 11 3504250
10 9 2260160
11 4 3516610
11 6 3621650
11 10 3504250
12 9 2112580
12 14 2776850
12 13 3162680
12 15 3260200
13 12 3162680
13 15 3375700
13 17 3531660
13 16 3335230
14 17 3145830
14 12 2776850
15 10 3407780
15 13 3375700
15 12 3260200
15 8 2562830
16 23 4228310
16 20 3419830
16 6 3484710
16 13 3335230
17 14 3145830
17 13 3531660
17 19 3150050
17 25 4241280
18 22 2137280
18 25 4408200
18 19 3316970
19 17 3150050
19 18 3316970
19 22 1335270
20 16 3419830
20 25 4072400
20 23 4255860
21 24 2557120
21 23 3895020
21 7 3418360
22 18 2137280
22 19 1335270
23 21 3895020
23 24 3726440
23 16 4228310
23 20 4255860
24 21 2557120
24 23 3726440
25 20 4072400
25 18 4408200
25 17 4241280
