0 4 2000600
0 2 2684960
1 2 4501420
1 5 3439380
1 3 3134680
2 1 4501420
2 0 2684960
2 4 4460520
3 4 3093780
3 1 3134680
3 5 2716100
4 0 2000600
4 3 3093780
4 2 4460520
4 11 3809320
5 1 3439380
5 3 2716100
5 7 3427470
5 6 3044050
6 8 2404080
6 7 3450720
6 5 3044050
6 11 3454890
6 16 2895080
7 6 3450720
7 21 3510870
7 5 3427470
8 6 2404080
8 10 2459200
8 15 2590790
9 12 2424950
9 10 2540840
10 15 3309130
10 8 2459200
10 11 3510010
10 9 2540840
11 4 3809320
11 6 3454890
11 10 3510010
12 9 2424950
12 14 2493900
12 13 2950070
12 15 3193240
13 12 2950070
13 15 3197550
13 17 3276160
13 16 2838620
14 17 2819990
14 12 2493900
15 10 3309130
15 13 3197550
15 12 3193240
15 8 2590790
16 23 3567810
16 20 3166910
16 6 2895080
16 13 2838620
17 14 2819990
17 13 3276160
17 19 3152470
17 25 3709790
18 22 2687810
18 25 4441390
18 19 3884070
19 17 3152470
19 18 3884070
19 22 1510740
20 16 3166910
20 25 3716300
20 23 4011860
21 24 3189830
21 23 3800180
21 7 3510870
22 18 2687810
22 19 1510740
23 21 3800180
23 24 3802410
23 16 3567810
23 20 4011860
24 21 3189830
24 23 3802410
25 20 3716300
25 18 4441390
25 17 3709790
