0 4 1775850
0 2 2677440
1 2 4754700
1 5 4127880
1 3 3729290
2 1 4754700
2 0 2677440
2 4 4199670
3 4 3174260
3 1 3729290
3 5 3449030
4 0 1775850
4 3 3174260
4 2 4199670
4 11 3418750
5 1 4127880
5 3 3449030
5 7 3619720
5 6 3423580
6 8 2073180
6 7 3195680
6 5 3423580
6 11 3269480
6 16 2678850
7 6 3195680
7 21 2740890
7 5 3619720
8 6 2073180
8 10 2151890
8 15 2332080
9 12 2121470
9 10 2183130
10 15 3337150
10 8 2151890
10 11 3348190
10 9 2183130
11 4 3418750
11 6 3269480
11 10 3348190
12 9 2121470
12 14 2586600
12 13 3056410
12 15 3275490
13 12 3056410
13 15 3298260
13 17 3368690
13 16 2718670
14 17 2898880
14 12 2586600
15 10 3337150
15 13 3298260
15 12 3275490
15 8 2332080
16 23 2666890
16 20 2496350
16 6 2678850
16 13 2718670
17 14 2898880
17 13 3368690
17 19 3058740
17 25 3378390
18 22 2016250
18 25 3442630
18 19 3122980
19 17 3058740
19 18 3122980
19 22 1352550
20 16 2496350
20 25 2866560
20 23 2805080
21 24 1891380
21 23 2532790
21 7 2740890
22 18 2016250
22 19 1352550
23 21 2532790
23 24 2334210
23 16 2666890
23 20 2805080
24 21 1891380
24 23 2334210
25 20 2866560
25 18 3442630
25 17 3378390
