0 4 1595110
0 2 1514790
1 2 2663790
1 5 2761470
1 3 2377810
2 1 2663790
2 0 1514790
2 4 2809600
3 4 2523620
3 1 2377810
3 5 2540980
4 0 1595110
4 3 2523620
4 2 2809600
4 11 2814240
5 1 2761470
5 3 2540980
5 7 2985240
5 6 2791820
6 8 2038750
6 7 2852420
6 5 2791820
6 11 2698780
6 16 2833310
7 6 2852420
7 21 2917140
7 5 2985240
8 6 2038750
8 10 1994240
8 15 2355010
9 12 2123380
9 10 1950430
10 15 2930750
10 8 1994240
10 11 2654270
10 9 1950430
11 4 2814240
11 6 2698780
11 10 2654270
12 9 2123380
12 14 2464080
12 13 2946310
12 15 3103700
13 12 2946310
13 15 3134130
13 17 3176700
13 16 2992180
14 17 2694470
14 12 2464080
15 10 2930750
15 13 3134130
15 12 3103700
15 8 2355010
16 23 3778660
16 20 3027690
16 6 2833310
16 13 2992180
17 14 2694470
17 13 3176700
17 19 2828060
17 25 3587330
18 22 1951920
18 25 3594010
18 19 2834740
19 17 2828060
19 18 2834740
19 22 1396640
20 16 3027690
20 25 3422880
20 23 3798730
21 24 2509010
21 23 3669070
21 7 2917140
22 18 1951920
22 19 1396640
23 21 3669070
23 24 3389640
23 16 3778660
23 20 3798730
24 21 2509010
24 23 3389640
25 20 3422880
25 18 3594010
25 17 3587330
