0 4 2125420
0 2 2748890
1 2 4853640
1 5 4482950
1 3 3915730
2 1 4853640
2 0 2748890
2 4 4468730
3 4 3530820
3 1 3915730
3 5 3783600
4 0 2125420
4 3 3530820
4 2 4468730
4 11 3957000
5 1 4482950
5 3 3783600
5 7 4277200
5 6 4079360
6 8 2754280
6 7 4005740
6 5 4079360
6 11 3938320
6 16 3394140
7 6 4005740
7 21 3506420
7 5 4277200
8 6 2754280
8 10 2558180
8 15 2742670
9 12 2568570
9 10 2279640
10 15 3600190
10 8 2558180
10 11 3742220
10 9 2279640
11 4 3957000
11 6 3938320
11 10 3742220
12 9 2568570
12 14 2946570
12 13 3593040
12 15 3889120
13 12 3593040
13 15 3488600
13 17 3755030
13 16 3086450
14 17 3108560
14 12 2946570
15 10 3600190
15 13 3488600
15 12 3889120
15 8 2742670
16 23 3719980
16 20 3806370
16 6 3394140
16 13 3086450
17 14 3108560
17 13 3755030
17 19 3879970
17 25 4911950
18 22 3418860
18 25 5947050
18 19 4915070
19 17 3879970
19 18 4915070
19 22 1946190
20 16 3806370
20 25 5069360
20 23 4545970
21 24 2818000
21 23 3634420
21 7 3506420
22 18 3418860
22 19 1946190
23 21 3634420
23 24 3643160
23 16 3719980
23 20 4545970
24 21 2818000
24 23 3643160
25 20 5069360
25 18 5947050
25 17 4911950
