0 4 2760800
0 2 3438800
1 2 5662960
1 5 4704730
1 3 4285580
2 1 5662960
2 0 3438800
2 4 5663320
3 4 4285940
3 1 4285580
3 5 4005710
4 0 2760800
4 3 4285940
4 2 5663320
4 11 5050120
5 1 4704730
5 3 4005710
5 7 4258610
5 6 4626280
6 8 3480010
6 7 4460030
6 5 4626280
6 11 4971310
6 16 4157630
7 6 4460030
7 21 3758850
7 5 4258610
8 6 3480010
8 10 3327440
8 15 3310570
9 12 2443240
9 10 3076130
10 15 4505690
10 8 3327440
10 11 4818740
10 9 3076130
11 4 5050120
11 6 4971310
11 10 4818740
12 9 2443240
12 14 2757740
12 13 3483010
12 15 3872800
13 12 3483010
13 15 4099030
13 17 3907020
13 16 3598400
14 17 3181750
14 12 2757740
15 10 4505690
15 13 4099030
15 12 3872800
15 8 3310570
16 23 4413100
16 20 3913730
16 6 4157630
16 13 3598400
17 14 3181750
17 13 3907020
17 19 3668600
17 25 4432420
18 22 2623680
18 25 4567730
18 19 3803910
19 17 3668600
19 18 3803910
19 22 2052170
20 16 3913730
20 25 4549970
20 23 4839270
21 24 3141270
21 23 4381990
21 7 3758850
22 18 2623680
22 19 2052170
23 21 4381990
23 24 4097920
23 16 4413100
23 20 4839270
24 21 3141270
24 23 4097920
25 20 4549970
25 18 4567730
25 17 4432420
