0 4 1580960
0 2 2322010
1 2 3864560
1 5 3055010
1 3 2733200
2 1 3864560
2 0 2322010
2 4 3458190
3 4 2326830
3 1 2733200
3 5 2258330
4 0 1580960
4 3 2326830
4 2 3458190
4 11 2745260
5 1 3055010
5 3 2258330
5 7 3043880
5 6 3046460
6 8 2761700
6 7 3510200
6 5 3046460
6 11 3143080
6 16 3424790
7 6 3510200
7 21 3460060
7 5 3043880
8 6 2761700
8 10 2280930
8 15 2841730
9 12 2652780
9 10 1655930
10 15 3112040
10 8 2280930
10 11 2662310
10 9 1655930
11 4 2745260
11 6 3143080
11 10 2662310
12 9 2652780
12 14 3581020
12 13 3928700
12 15 4108890
13 12 3928700
13 15 3492650
13 17 3645830
13 16 3324630
14 17 3298150
14 12 3581020
15 10 3112040
15 13 3492650
15 12 4108890
15 8 2841730
16 23 4225500
16 20 3289350
16 6 3424790
16 13 3324630
17 14 3298150
17 13 3645830
17 19 3327020
17 25 3627720
18 22 2439710
18 25 4013180
18 19 3712480
19 17 3327020
19 18 3712480
19 22 1402070
20 16 3289350
20 25 3259070
20 23 4178050
21 24 3754390
21 23 4263350
21 7 3460060
22 18 2439710
22 19 1402070
23 21 4263350
23 24 4605240
23 16 4225500
23 20 4178050
24 21 3754390
24 23 4605240
25 20 3259070
25 18 4013180
25 17 3627720
