0 4 2169940
0 2 2359700
1 2 3015270
1 5 2686040
1 3 1962380
2 1 3015270
2 0 2359700
2 4 3600340
3 4 2547450
3 1 1962380
3 5 2407980
4 0 2169940
4 3 2547450
4 2 3600340
4 11 3737150
5 1 2686040
5 3 2407980
5 7 3097350
5 6 3074550
6 8 2164240
6 7 3040260
6 5 3074550
6 11 3540590
6 16 2887080
7 6 3040260
7 21 2706170
7 5 3097350
8 6 2164240
8 10 2481350
8 15 2344480
9 12 2112550
9 10 2341970
10 15 3514810
10 8 2481350
10 11 3857700
10 9 2341970
11 4 3737150
11 6 3540590
11 10 3857700
12 9 2112550
12 14 2863880
12 13 3448490
12 15 3285390
13 12 3448490
13 15 3541040
13 17 4028260
13 16 3230420
14 17 3443650
14 12 2863880
15 10 3514810
15 13 3541040
15 12 3285390
15 8 2344480
16 23 3642420
16 20 2778120
16 6 2887080
16 13 3230420
17 14 3443650
17 13 4028260
17 19 3681620
17 25 3966170
18 22 2906140
18 25 4472580
18 19 4188030
19 17 3681620
19 18 4188030
19 22 1728970
20 16 2778120
20 25 3189750
20 23 3663840
21 24 2620690
21 23 3438710
21 7 2706170
22 18 2906140
22 19 1728970
23 21 3438710
23 24 3710120
23 16 3642420
23 20 3663840
24 21 2620690
24 23 3710120
25 20 3189750
25 18 4472580
25 17 3966170
