0 4 1034450
0 2 1299070
1 2 2097250
1 5 1672300
1 3 1536400
2 1 2097250
2 0 1299070
2 4 2055000
3 4 1494150
3 1 1536400
3 5 1333820
4 0 1034450
4 3 1494150
4 2 2055000
4 11 1876700
5 1 1672300
5 3 1333820
5 7 1941200
5 6 1799110
6 8 1673120
6 7 2270590
6 5 1799110
6 11 2045760
6 16 1805060
7 6 2270590
7 21 2039830
7 5 1941200
8 6 1673120
8 10 1577070
8 15 1661540
9 12 1548540
9 10 1276560
10 15 2020870
10 8 1577070
10 11 1949710
10 9 1276560
11 4 1876700
11 6 2045760
11 10 1949710
12 9 1548540
12 14 2188730
12 13 2369990
12 15 2292850
13 12 2369990
13 15 2182480
13 17 2566710
13 16 1870620
14 17 2385450
14 12 2188730
15 10 2020870
15 13 2182480
15 12 2292850
15 8 1661540
16 23 1929430
16 20 1738860
16 6 1805060
16 13 1870620
17 14 2385450
17 13 2566710
17 19 2495490
17 25 2764340
18 22 1905380
18 25 3063900
18 19 2795050
19 17 2495490
19 18 2795050
19 22 1227510
20 16 1738860
20 25 2325490
20 23 2186670
21 24 1342250
21 23 2022110
21 7 2039830
22 18 1905380
22 19 1227510
23 21 2022110
23 24 1697380
23 16 1929430
23 20 2186670
24 21 1342250
24 23 1697380
25 20 2325490
25 18 3063900
25 17 2764340
