0 4 2670150
0 2 3496670
1 2 4858890
1 5 3754240
1 3 3245100
2 1 4858890
2 0 3496670
2 4 5070860
3 4 3457070
3 1 3245100
3 5 3178940
4 0 2670150
4 3 3457070
4 2 5070860
4 11 3994170
5 1 3754240
5 3 3178940
5 7 3148930
5 6 3621790
6 8 2486730
6 7 3082640
6 5 3621790
6 11 3649750
6 16 3562830
7 6 3082640
7 21 2554970
7 5 3148930
8 6 2486730
8 10 2596010
8 15 2770960
9 12 2534740
9 10 2450370
10 15 3949010
10 8 2596010
10 11 3759030
10 9 2450370
11 4 3994170
11 6 3649750
11 10 3759030
12 9 2534740
12 14 3348800
12 13 3766560
12 15 4033380
13 12 3766560
13 15 3857140
13 17 4478720
13 16 3580240
14 17 4060960
14 12 3348800
15 10 3949010
15 13 3857140
15 12 4033380
15 8 2770960
16 23 4290780
16 20 3978280
16 6 3562830
16 13 3580240
17 14 4060960
17 13 4478720
17 19 4507800
17 25 5553860
18 22 3046320
18 25 5706020
18 19 4659960
19 17 4507800
19 18 4659960
19 22 2034840
20 16 3978280
20 25 5063500
20 23 4698900
21 24 2436910
21 23 3755780
21 7 2554970
22 18 3046320
22 19 2034840
23 21 3755780
23 24 3692530
23 16 4290780
23 20 4698900
24 21 2436910
24 23 3692530
25 20 5063500
25 18 5706020
25 17 5553860
