0 4 3306490
0 2 3942160
1 2 6359780
1 5 5469900
1 3 4906100
2 1 6359780
2 0 3942160
2 4 6287050
3 4 4833370
3 1 4906100
3 5 4579160
4 0 3306490
4 3 4833370
4 2 6287050
4 11 5875660
5 1 5469900
5 3 4579160
5 7 4758470
5 6 5116360
6 8 3668310
6 7 4731870
6 5 5116360
6 11 5594850
6 16 4492280
7 6 4731870
7 21 4090920
7 5 4758470
8 6 3668310
8 10 3609270
8 15 3682380
9 12 3806500
9 10 3425310
10 15 5044790
10 8 3609270
10 11 5535810
10 9 3425310
11 4 5875660
11 6 5594850
11 10 5535810
12 9 3806500
12 14 4112380
12 13 5677680
12 15 5425980
13 12 5677680
13 15 5369600
13 17 5573210
13 16 4758050
14 17 4007910
14 12 4112380
15 10 5044790
15 13 5369600
15 12 5425980
15 8 3682380
16 23 4662070
16 20 4113970
16 6 4492280
16 13 4758050
17 14 4007910
17 13 5573210
17 19 4791860
17 25 5571240
18 22 3353450
18 25 5847320
18 19 5067940
19 17 4791860
19 18 5067940
19 22 2344110
20 16 4113970
20 25 4975250
20 23 4881240
21 24 3174950
21 23 4618600
21 7 4090920
22 18 3353450
22 19 2344110
23 21 4618600
23 24 3985690
23 16 4662070
23 20 4881240
24 21 3174950
24 23 3985690
25 20 4975250
25 18 5847320
25 17 5571240
