0 4 2454610
0 2 3655920
1 2 6022200
1 5 4518860
1 3 4048340
2 1 6022200
2 0 3655920
2 4 5612390
3 4 3638530
3 1 4048340
3 5 3336500
4 0 2454610
4 3 3638530
4 2 5612390
4 11 4555450
5 1 4518860
5 3 3336500
5 7 5571210
5 6 4536520
6 8 4307800
6 7 6300710
6 5 4536520
6 11 4982920
6 16 4601460
7 6 6300710
7 21 6007220
7 5 5571210
8 6 4307800
8 10 4141380
8 15 4423260
9 12 3803710
9 10 3461170
10 15 5215060
10 8 4141380
10 11 4816500
10 9 3461170
11 4 4555450
11 6 4982920
11 10 4816500
12 9 3803710
12 14 4108800
12 13 5197360
12 15 5557600
13 12 5197360
13 15 5136700
13 17 5209990
13 16 4356680
14 17 4121430
14 12 4108800
15 10 5215060
15 13 5136700
15 12 5557600
15 8 4423260
16 23 5827960
16 20 4268960
16 6 4601460
16 13 4356680
17 14 4121430
17 13 5209990
17 19 5010930
17 25 6067750
18 22 4562610
18 25 7542170
18 19 6485350
19 17 5010930
19 18 6485350
19 22 2455600
20 16 4268960
20 25 5546500
20 23 6160020
21 24 4347300
21 23 6199030
21 7 6007220
22 18 4562610
22 19 2455600
23 21 6199030
23 24 5867290
23 16 5827960
23 20 6160020
24 21 4347300
24 23 5867290
25 20 5546500
25 18 7542170
25 17 6067750
