0 4 1110380
0 2 1376060
1 2 2075350
1 5 1805460
1 3 1519130
2 1 2075350
2 0 1376060
2 4 2114880
3 4 1558660
3 1 1519130
3 5 1554450
4 0 1110380
4 3 1558660
4 2 2114880
4 11 1947570
5 1 1805460
5 3 1554450
5 7 2042120
5 6 1682010
6 8 1016520
6 7 1883350
6 5 1682010
6 11 1784590
6 16 1404560
7 6 1883350
7 21 1990270
7 5 2042120
8 6 1016520
8 10 1184790
8 15 1102640
9 12 945350
9 10 1172320
10 15 1777630
10 8 1184790
10 11 1952860
10 9 1172320
11 4 1947570
11 6 1784590
11 10 1952860
12 9 945350
12 14 1178790
12 13 1370700
12 15 1550660
13 12 1370700
13 15 1515520
13 17 1497960
13 16 1310720
14 17 1306050
14 12 1178790
15 10 1777630
15 13 1515520
15 12 1550660
15 8 1102640
16 23 1736990
16 20 1302980
16 6 1404560
16 13 1310720
17 14 1306050
17 13 1497960
17 19 1476830
17 25 1782120
18 22 1477690
18 25 2334060
18 19 2028770
19 17 1476830
19 18 2028770
19 22 742220
20 16 1302980
20 25 1611980
20 23 1754090
21 24 1675110
21 23 1962590
21 7 1990270
22 18 1477690
22 19 742220
23 21 1962590
23 24 1900620
23 16 1736990
23 20 1754090
24 21 1675110
24 23 1900620
25 20 1611980
25 18 2334060
25 17 1782120
