0 4 1142410
0 2 1493100
1 2 2678110
1 5 2244980
1 3 2094050
2 1 2678110
2 0 1493100
2 4 2419910
3 4 1835850
3 1 2094050
3 5 1753410
4 0 1142410
4 3 1835850
4 2 2419910
4 11 2275230
5 1 2244980
5 3 1753410
5 7 2163320
5 6 1908020
6 8 1339190
6 7 2167000
6 5 1908020
6 11 2196470
6 16 1705500
7 6 2167000
7 21 2148090
7 5 2163320
8 6 1339190
8 10 1289330
8 15 1327400
9 12 1025890
9 10 1239010
10 15 1850050
10 8 1289330
10 11 2146610
10 9 1239010
11 4 2275230
11 6 2196470
11 10 2146610
12 9 1025890
12 14 1264910
12 13 1455260
12 15 1636930
13 12 1455260
13 15 1706450
13 17 1859490
13 16 1512040
14 17 1669140
14 12 1264910
15 10 1850050
15 13 1706450
15 12 1636930
15 8 1327400
16 23 2058310
16 20 1713170
16 6 1705500
16 13 1512040
17 14 1669140
17 13 1859490
17 19 1871060
17 25 2159230
18 22 1490520
18 25 2402390
18 19 2114220
19 17 1871060
19 18 2114220
19 22 924220
20 16 1713170
20 25 2025650
20 23 2272180
21 24 1969710
21 23 2245600
21 7 2148090
22 18 1490520
22 19 924220
23 21 2245600
23 24 2341430
23 16 2058310
23 20 2272180
24 21 1969710
24 23 2341430
25 20 2025650
25 18 2402390
25 17 2159230
