0 4 67000
0 2 28250
1 2 691380
1 5 1155300
1 3 291240
2 1 691380
2 0 28250
2 4 613210
3 4 298000
3 1 291240
3 5 126990
4 0 67000
4 3 298000
4 2 613210
4 11 1116910
5 1 1155300
5 3 126990
5 7 592850
5 6 692920
6 8 280460
6 7 296060
6 5 692920
6 11 70840
6 16 713590
7 6 296060
7 21 640780
7 5 592850
8 6 280460
8 10 64090
8 15 367330
9 12 80820
9 10 43460
10 15 1095920
10 8 64090
10 11 1109680
10 9 43460
11 4 1116910
11 6 70840
11 10 1109680
12 9 80820
12 14 301400
12 13 171770
12 15 521320
13 12 171770
13 15 981100
13 17 816930
13 16 429420
14 17 312670
14 12 301400
15 10 1095920
15 13 981100
15 12 521320
15 8 367330
16 23 530250
16 20 587480
16 6 713590
16 13 429420
17 14 312670
17 13 816930
17 19 131120
17 25 890860
18 22 82060
18 25 1433060
18 19 60640
19 17 131120
19 18 60640
19 22 51690
20 16 587480
20 25 1154020
20 23 702010
21 24 328740
21 23 378880
21 7 640780
22 18 82060
22 19 51690
23 21 378880
23 24 457500
23 16 530250
23 20 702010
24 21 328740
24 23 457500
25 20 1154020
25 18 1433060
25 17 890860
