0 4 119580
0 2 43850
1 2 654090
1 5 882530
1 3 240680
2 1 654090
2 0 43850
2 4 1036480
3 4 224900
3 1 240680
3 5 29420
4 0 119580
4 3 224900
4 2 1036480
4 11 1450000
5 1 882530
5 3 29420
5 7 492610
5 6 588840
6 8 106260
6 7 179640
6 5 588840
6 11 114880
6 16 488010
7 6 179640
7 21 560570
7 5 492610
8 6 106260
8 10 70350
8 15 60250
9 12 128380
9 10 81240
10 15 1263180
10 8 70350
10 11 1294150
10 9 81240
11 4 1450000
11 6 114880
11 10 1294150
12 9 128380
12 14 355360
12 13 153820
12 15 453030
13 12 153820
13 15 823620
13 17 902140
13 16 275360
14 17 315750
14 12 355360
15 10 1263180
15 13 823620
15 12 453030
15 8 60250
16 23 387800
16 20 382470
16 6 488010
16 13 275360
17 14 315750
17 13 902140
17 19 233410
17 25 837660
18 22 101100
18 25 967500
18 19 70950
19 17 233410
19 18 70950
19 22 148230
20 16 382470
20 25 703780
20 23 358480
21 24 385030
21 23 183510
21 7 560570
22 18 101100
22 19 148230
23 21 183510
23 24 409470
23 16 387800
23 20 358480
24 21 385030
24 23 409470
25 20 703780
25 18 967500
25 17 837660
