0 4 233850
0 2 250180
1 2 1719530
1 5 2906070
1 3 1048140
2 1 1719530
2 0 250180
2 4 2365670
3 4 1250580
3 1 1048140
3 5 124080
4 0 233850
4 3 1250580
4 2 2365670
4 11 4112610
5 1 2906070
5 3 124080
5 7 801080
5 6 2693200
6 8 594520
6 7 1049650
6 5 2693200
6 11 512730
6 16 2565540
7 6 1049650
7 21 2121500
7 5 801080
8 6 594520
8 10 423570
8 15 612840
9 12 309060
9 10 428010
10 15 3508120
10 8 423570
10 11 3901610
10 9 428010
11 4 4112610
11 6 512730
11 10 3901610
12 9 309060
12 14 1618340
12 13 573210
12 15 1443810
13 12 573210
13 15 2736700
13 17 2642080
13 16 995720
14 17 1572020
14 12 1618340
15 10 3508120
15 13 2736700
15 12 1443810
15 8 612840
16 23 2267910
16 20 1253680
16 6 2565540
16 13 995720
17 14 1572020
17 13 2642080
17 19 591590
17 25 3369920
18 22 275960
18 25 5275180
18 19 302810
19 17 591590
19 18 302810
19 22 286480
20 16 1253680
20 25 3416100
20 23 2568890
21 24 1376710
21 23 986200
21 7 2121500
22 18 275960
22 19 286480
23 21 986200
23 24 1632690
23 16 2267910
23 20 2568890
24 21 1376710
24 23 1632690
25 20 3416100
25 18 5275180
25 17 3369920
