0 4 147100
0 2 1
1 2 382250
1 5 826020
1 3 235180
2 1 382250
2 0 1
2 4 543440
3 4 295660
3 1 235180
3 5 12510
4 0 147100
4 3 295660
4 2 543440
4 11 1001490
5 1 826020
5 3 12510
5 7 321440
5 6 614190
6 8 57670
6 7 141820
6 5 614190
6 11 107220
6 16 605580
7 6 141820
7 21 561630
7 5 321440
8 6 57670
8 10 44250
8 15 97090
9 12 106870
9 10 45820
10 15 1006130
10 8 44250
10 11 996390
10 9 45820
11 4 1001490
11 6 107220
11 10 996390
12 9 106870
12 14 360650
12 13 449120
12 15 362140
13 12 449120
13 15 835470
13 17 783480
13 16 621600
14 17 435510
14 12 360650
15 10 1006130
15 13 835470
15 12 362140
15 8 97090
16 23 821520
16 20 431930
16 6 605580
16 13 621600
17 14 435510
17 13 783480
17 19 198190
17 25 997400
18 22 85760
18 25 1759910
18 19 69660
19 17 198190
19 18 69660
19 22 84790
20 16 431930
20 25 977500
20 23 600680
21 24 205320
21 23 346430
21 7 561630
22 18 85760
22 19 84790
23 21 346430
23 24 384050
23 16 821520
23 20 600680
24 21 205320
24 23 384050
25 20 977500
25 18 1759910
25 17 997400
