0 4 155550
0 2 61840
1 2 778760
1 5 1078240
1 3 116010
2 1 778760
2 0 61840
2 4 779930
3 4 143590
3 1 116010
3 5 50530
4 0 155550
4 3 143590
4 2 779930
4 11 1197940
5 1 1078240
5 3 50530
5 7 429850
5 6 747040
6 8 184530
6 7 390880
6 5 747040
6 11 206950
6 16 716380
7 6 390880
7 21 901510
7 5 429850
8 6 184530
8 10 53780
8 15 159150
9 12 67710
9 10 49950
10 15 929230
10 8 53780
10 11 1003010
10 9 49950
11 4 1197940
11 6 206950
11 10 1003010
12 9 67710
12 14 338700
12 13 233830
12 15 340560
13 12 233830
13 15 848310
13 17 735580
13 16 557880
14 17 386750
14 12 338700
15 10 929230
15 13 848310
15 12 340560
15 8 159150
16 23 809650
16 20 445930
16 6 716380
16 13 557880
17 14 386750
17 13 735580
17 19 116320
17 25 866360
18 22 116720
18 25 1497450
18 19 96120
19 17 116320
19 18 96120
19 22 63120
20 16 445930
20 25 1418060
20 23 1029030
21 24 542570
21 23 442390
21 7 901510
22 18 116720
22 19 63120
23 21 442390
23 24 481890
23 16 809650
23 20 1029030
24 21 542570
24 23 481890
25 20 1418060
25 18 1497450
25 17 866360
