0 4 216660
0 2 173360
1 2 1227170
1 5 2743370
1 3 341610
2 1 1227170
2 0 173360
2 4 1802180
3 4 347040
3 1 341610
3 5 207350
4 0 216660
4 3 347040
4 2 1802180
4 11 2427120
5 1 2743370
5 3 207350
5 7 1064610
5 6 2075150
6 8 372910
6 7 435610
6 5 2075150
6 11 77020
6 16 2075470
7 6 435610
7 21 1196030
7 5 1064610
8 6 372910
8 10 6780
8 15 426950
9 12 188150
9 10 136400
10 15 2477520
10 8 6780
10 11 2475120
10 9 136400
11 4 2427120
11 6 77020
11 10 2475120
12 9 188150
12 14 1123040
12 13 803340
12 15 1015630
13 12 803340
13 15 1992280
13 17 1866350
13 16 1317820
14 17 1085920
14 12 1123040
15 10 2477520
15 13 1992280
15 12 1015630
15 8 426950
16 23 1801900
16 20 1405800
16 6 2075470
16 13 1317820
17 14 1085920
17 13 1866350
17 19 407450
17 25 2284390
18 22 160600
18 25 3753200
18 19 299880
19 17 407450
19 18 299880
19 22 198900
20 16 1405800
20 25 2599030
20 23 1545610
21 24 537820
21 23 833170
21 7 1196030
22 18 160600
22 19 198900
23 21 833170
23 24 1132440
23 16 1801900
23 20 1545610
24 21 537820
24 23 1132440
25 20 2599030
25 18 3753200
25 17 2284390
