0 4 161780
0 2 68980
1 2 913750
1 5 1263430
1 3 185100
2 1 913750
2 0 68980
2 4 1143540
3 4 252500
3 1 185100
3 5 46400
4 0 161780
4 3 252500
4 2 1143540
4 11 1718430
5 1 1263430
5 3 46400
5 7 517880
5 6 912520
6 8 243200
6 7 287200
6 5 912520
6 11 159400
6 16 843630
7 6 287200
7 21 1092400
7 5 517880
8 6 243200
8 10 114810
8 15 184860
9 12 40240
9 10 100300
10 15 1635790
10 8 114810
10 11 1589560
10 9 100300
11 4 1718430
11 6 159400
11 10 1589560
12 9 40240
12 14 286990
12 13 99450
12 15 498070
13 12 99450
13 15 1383000
13 17 1163890
13 16 349320
14 17 269760
14 12 286990
15 10 1635790
15 13 1383000
15 12 498070
15 8 184860
16 23 717950
16 20 515850
16 6 843630
16 13 349320
17 14 269760
17 13 1163890
17 19 109360
17 25 1103020
18 22 112540
18 25 1675990
18 19 70790
19 17 109360
19 18 70790
19 22 87230
20 16 515850
20 25 965490
20 23 567600
21 24 407850
21 23 630170
21 7 1092400
22 18 112540
22 19 87230
23 21 630170
23 24 416190
23 16 717950
23 20 567600
24 21 407850
24 23 416190
25 20 965490
25 18 1675990
25 17 1103020
