0 4 370890
0 2 217160
1 2 2039640
1 5 3623550
1 3 1015230
2 1 2039640
2 0 217160
2 4 1838860
3 4 1171960
3 1 1015230
3 5 160450
4 0 370890
4 3 1171960
4 2 1838860
4 11 3664020
5 1 3623550
5 3 160450
5 7 1352250
5 6 2577890
6 8 711050
6 7 1181780
6 5 2577890
6 11 439470
6 16 2552240
7 6 1181780
7 21 3453030
7 5 1352250
8 6 711050
8 10 242070
8 15 582060
9 12 503390
9 10 64900
10 15 3597130
10 8 242070
10 11 3576250
10 9 64900
11 4 3664020
11 6 439470
11 10 3576250
12 9 503390
12 14 1601640
12 13 888430
12 15 2035050
13 12 888430
13 15 2103300
13 17 2121190
13 16 1539590
14 17 1661020
14 12 1601640
15 10 3597130
15 13 2103300
15 12 2035050
15 8 582060
16 23 2506210
16 20 1516450
16 6 2552240
16 13 1539590
17 14 1661020
17 13 2121190
17 19 346680
17 25 2915200
18 22 356080
18 25 5881040
18 19 150520
19 17 346680
19 18 150520
19 22 137530
20 16 1516450
20 25 4338060
20 23 3115470
21 24 1357550
21 23 2278040
21 7 3453030
22 18 356080
22 19 137530
23 21 2278040
23 24 1439910
23 16 2506210
23 20 3115470
24 21 1357550
24 23 1439910
25 20 4338060
25 18 5881040
25 17 2915200
