0 4 705660
0 2 154680
1 2 2777660
1 5 4705180
1 3 814440
2 1 2777660
2 0 154680
2 4 3701780
3 4 1014220
3 1 814440
3 5 172750
4 0 705660
4 3 1014220
4 2 3701780
4 11 5548720
5 1 4705180
5 3 172750
5 7 1606430
5 6 3656780
6 8 1214340
6 7 1750890
6 5 3656780
6 11 691180
6 16 3455190
7 6 1750890
7 21 3610450
7 5 1606430
8 6 1214340
8 10 158500
8 15 1172240
9 12 335320
9 10 211470
10 15 5496060
10 8 158500
10 11 5503980
10 9 211470
11 4 5548720
11 6 691180
11 10 5503980
12 9 335320
12 14 1832410
12 13 457080
12 15 2281890
13 12 457080
13 15 4423330
13 17 4165170
13 16 1624950
14 17 1681590
14 12 1832410
15 10 5496060
15 13 4423330
15 12 2281890
15 8 1172240
16 23 2698490
16 20 2091990
16 6 3455190
16 13 1624950
17 14 1681590
17 13 4165170
17 19 726490
17 25 4524520
18 22 273180
18 25 7310460
18 19 484500
19 17 726490
19 18 484500
19 22 281780
20 16 2091990
20 25 5153340
20 23 3372130
21 24 2233840
21 23 1637460
21 7 3610450
22 18 273180
22 19 281780
23 21 1637460
23 24 1921760
23 16 2698490
23 20 3372130
24 21 2233840
24 23 1921760
25 20 5153340
25 18 7310460
25 17 4524520
