0 4 228210
0 2 68210
1 2 915430
1 5 1378940
1 3 87260
2 1 915430
2 0 68210
2 4 1253190
3 4 153420
3 1 87260
3 5 178030
4 0 228210
4 3 153420
4 2 1253190
4 11 1659470
5 1 1378940
5 3 178030
5 7 783440
5 6 948570
6 8 452960
6 7 569020
6 5 948570
6 11 123130
6 16 918200
7 6 569020
7 21 1111590
7 5 783440
8 6 452960
8 10 137490
8 15 425520
9 12 75890
9 10 124800
10 15 1424960
10 8 137490
10 11 1509780
10 9 124800
11 4 1659470
11 6 123130
11 10 1509780
12 9 75890
12 14 526430
12 13 170660
12 15 630820
13 12 170660
13 15 1350180
13 17 1335630
13 16 558740
14 17 498050
14 12 526430
15 10 1424960
15 13 1350180
15 12 630820
15 8 425520
16 23 1003480
16 20 629380
16 6 918200
16 13 558740
17 14 498050
17 13 1335630
17 19 107690
17 25 1409870
18 22 110780
18 25 2307860
18 19 225640
19 17 107690
19 18 225640
19 22 45690
20 16 629380
20 25 1741190
20 23 1221330
21 24 654270
21 23 478870
21 7 1111590
22 18 110780
22 19 45690
23 21 478870
23 24 857030
23 16 1003480
23 20 1221330
24 21 654270
24 23 857030
25 20 1741190
25 18 2307860
25 17 1409870
