0 4 232350
0 2 1
1 2 1201370
1 5 1259780
1 3 414610
2 1 1201370
2 0 1
2 4 1679110
3 4 357730
3 1 414610
3 5 75910
4 0 232350
4 3 357730
4 2 1679110
4 11 2469100
5 1 1259780
5 3 75910
5 7 661140
5 6 726420
6 8 645350
6 7 955890
6 5 726420
6 11 242230
6 16 774410
7 6 955890
7 21 1158190
7 5 661140
8 6 645350
8 10 29260
8 15 601140
9 12 91870
9 10 80490
10 15 2499800
10 8 29260
10 11 2412650
10 9 80490
11 4 2469100
11 6 242230
11 10 2412650
12 9 91870
12 14 312910
12 13 348530
12 15 1071350
13 12 348530
13 15 2004400
13 17 1895720
13 16 765590
14 17 352620
14 12 312910
15 10 2499800
15 13 2004400
15 12 1071350
15 8 601140
16 23 959300
16 20 642960
16 6 774410
16 13 765590
17 14 352620
17 13 1895720
17 19 276330
17 25 1690060
18 22 89730
18 25 2409230
18 19 156120
19 17 276330
19 18 156120
19 22 112660
20 16 642960
20 25 1307430
20 23 835940
21 24 858200
21 23 427440
21 7 1158190
22 18 89730
22 19 112660
23 21 427440
23 24 841190
23 16 959300
23 20 835940
24 21 858200
24 23 841190
25 20 1307430
25 18 2409230
25 17 1690060
