0 4 54150
0 2 39060
1 2 606220
1 5 987440
1 3 202730
2 1 606220
2 0 39060
2 4 1186160
3 4 222700
3 1 202730
3 5 92880
4 0 54150
4 3 222700
4 2 1186160
4 11 1645990
5 1 987440
5 3 92880
5 7 446830
5 6 684310
6 8 246870
6 7 251870
6 5 684310
6 11 98310
6 16 691530
7 6 251870
7 21 518270
7 5 446830
8 6 246870
8 10 50240
8 15 302600
9 12 62660
9 10 81610
10 15 1521630
10 8 50240
10 11 1613540
10 9 81610
11 4 1645990
11 6 98310
11 10 1613540
12 9 62660
12 14 273080
12 13 211920
12 15 392700
13 12 211920
13 15 1295330
13 17 1231040
13 16 416360
14 17 344680
14 12 273080
15 10 1521630
15 13 1295330
15 12 392700
15 8 302600
16 23 605530
16 20 500300
16 6 691530
16 13 416360
17 14 344680
17 13 1231040
17 19 155920
17 25 1272170
18 22 38690
18 25 1509570
18 19 34880
19 17 155920
19 18 34880
19 22 97020
20 16 500300
20 25 1194630
20 23 877330
21 24 311230
21 23 228970
21 7 518270
22 18 38690
22 19 97020
23 21 228970
23 24 532470
23 16 605530
23 20 877330
24 21 311230
24 23 532470
25 20 1194630
25 18 1509570
25 17 1272170
