0 4 347610
0 2 51480
1 2 903560
1 5 1581490
1 3 71780
2 1 903560
2 0 51480
2 4 1266490
3 4 131370
3 1 71780
3 5 149450
4 0 347610
4 3 131370
4 2 1266490
4 11 1764500
5 1 1581490
5 3 149450
5 7 701790
5 6 1200100
6 8 277920
6 7 532490
6 5 1200100
6 11 245860
6 16 1128880
7 6 532490
7 21 1113260
7 5 701790
8 6 277920
8 10 119400
8 15 264680
9 12 158330
9 10 185310
10 15 1464670
10 8 119400
10 11 1553550
10 9 185310
11 4 1764500
11 6 245860
11 10 1553550
12 9 158330
12 14 574440
12 13 272670
12 15 544690
13 12 272670
13 15 1310020
13 17 1223040
13 16 647180
14 17 497630
14 12 574440
15 10 1464670
15 13 1310020
15 12 544690
15 8 264680
16 23 1103750
16 20 748730
16 6 1128880
16 13 647180
17 14 497630
17 13 1223040
17 19 160050
17 25 1213540
18 22 149610
18 25 2292810
18 19 176980
19 17 160050
19 18 176980
19 22 81600
20 16 748730
20 25 1930760
20 23 1266380
21 24 716740
21 23 496120
21 7 1113260
22 18 149610
22 19 81600
23 21 496120
23 24 927830
23 16 1103750
23 20 1266380
24 21 716740
24 23 927830
25 20 1930760
25 18 2292810
25 17 1213540
