0 4 154970
0 2 102990
1 2 1231820
1 5 1746850
1 3 361630
2 1 1231820
2 0 102990
2 4 1297060
3 4 352020
3 1 361630
3 5 140330
4 0 154970
4 3 352020
4 2 1297060
4 11 1966690
5 1 1746850
5 3 140330
5 7 797410
5 6 1246140
6 8 465120
6 7 679110
6 5 1246140
6 11 191570
6 16 1107800
7 6 679110
7 21 1347920
7 5 797410
8 6 465120
8 10 60550
8 15 515340
9 12 94440
9 10 85400
10 15 1920570
10 8 60550
10 11 1880980
10 9 85400
11 4 1966690
11 6 191570
11 10 1880980
12 9 94440
12 14 343650
12 13 87080
12 15 901850
13 12 87080
13 15 1705740
13 17 1664530
13 16 736370
14 17 404600
14 12 343650
15 10 1920570
15 13 1705740
15 12 901850
15 8 515340
16 23 1247970
16 20 515640
16 6 1107800
16 13 736370
17 14 404600
17 13 1664530
17 19 160130
17 25 1598380
18 22 28970
18 25 2755140
18 19 135360
19 17 160130
19 18 135360
19 22 151130
20 16 515640
20 25 1675010
20 23 1274420
21 24 676450
21 23 697980
21 7 1347920
22 18 28970
22 19 151130
23 21 697980
23 24 952180
23 16 1247970
23 20 1274420
24 21 676450
24 23 952180
25 20 1675010
25 18 2755140
25 17 1598380
