0 4 317510
0 2 247160
1 2 2342090
1 5 3640600
1 3 878440
2 1 2342090
2 0 247160
2 4 1865770
3 4 1107500
3 1 878440
3 5 186850
4 0 317510
4 3 1107500
4 2 1865770
4 11 3603310
5 1 3640600
5 3 186850
5 7 1500980
5 6 2490890
6 8 612400
6 7 881700
6 5 2490890
6 11 373570
6 16 2417940
7 6 881700
7 21 3382270
7 5 1500980
8 6 612400
8 10 222390
8 15 503000
9 12 389050
9 10 78100
10 15 3615280
10 8 222390
10 11 3673260
10 9 78100
11 4 3603310
11 6 373570
11 10 3673260
12 9 389050
12 14 1438510
12 13 971920
12 15 1865510
13 12 971920
13 15 2291090
13 17 2300320
13 16 1639650
14 17 1570510
14 12 1438510
15 10 3615280
15 13 2291090
15 12 1865510
15 8 503000
16 23 2556800
16 20 1410620
16 6 2417940
16 13 1639650
17 14 1570510
17 13 2300320
17 19 382920
17 25 2954730
18 22 404400
18 25 5721670
18 19 122880
19 17 382920
19 18 122880
19 22 141370
20 16 1410620
20 25 4268030
20 23 3140260
21 24 1410180
21 23 2274240
21 7 3382270
22 18 404400
22 19 141370
23 21 2274240
23 24 1344540
23 16 2556800
23 20 3140260
24 21 1410180
24 23 1344540
25 20 4268030
25 18 5721670
25 17 2954730
