0 4 97510
0 2 81930
1 2 690980
1 5 1168260
1 3 71220
2 1 690980
2 0 81930
2 4 973730
3 4 175740
3 1 71220
3 5 53300
4 0 97510
4 3 175740
4 2 973730
4 11 1321080
5 1 1168260
5 3 53300
5 7 240240
5 6 1006940
6 8 208980
6 7 274930
6 5 1006940
6 11 133490
6 16 954290
7 6 274930
7 21 455280
7 5 240240
8 6 208980
8 10 90770
8 15 233810
9 12 99260
9 10 49230
10 15 1288600
10 8 90770
10 11 1249820
10 9 49230
11 4 1321080
11 6 133490
11 10 1249820
12 9 99260
12 14 457310
12 13 126190
12 15 623090
13 12 126190
13 15 957130
13 17 816300
13 16 285710
14 17 408010
14 12 457310
15 10 1288600
15 13 957130
15 12 623090
15 8 233810
16 23 729770
16 20 555170
16 6 954290
16 13 285710
17 14 408010
17 13 816300
17 19 43400
17 25 998090
18 22 74070
18 25 1323320
18 19 68430
19 17 43400
19 18 68430
19 22 52320
20 16 555170
20 25 1004110
20 23 521740
21 24 222580
21 23 265430
21 7 455280
22 18 74070
22 19 52320
23 21 265430
23 24 419940
23 16 729770
23 20 521740
24 21 222580
24 23 419940
25 20 1004110
25 18 1323320
25 17 998090
