0 4 163110
0 2 21060
1 2 580750
1 5 1050100
1 3 347980
2 1 580750
2 0 21060
2 4 1043990
3 4 409970
3 1 347980
3 5 104370
4 0 163110
4 3 409970
4 2 1043990
4 11 1729950
5 1 1050100
5 3 104370
5 7 521700
5 6 659910
6 8 166120
6 7 306200
6 5 659910
6 11 175400
6 16 689310
7 6 306200
7 21 560300
7 5 521700
8 6 166120
8 10 55130
8 15 115850
9 12 58840
9 10 77610
10 15 1491440
10 8 55130
10 11 1609980
10 9 77610
11 4 1729950
11 6 175400
11 10 1609980
12 9 58840
12 14 247860
12 13 131280
12 15 477730
13 12 131280
13 15 1067120
13 17 1074310
13 16 272170
14 17 353330
14 12 247860
15 10 1491440
15 13 1067120
15 12 477730
15 8 115850
16 23 523280
16 20 451800
16 6 689310
16 13 272170
17 14 353330
17 13 1074310
17 19 169280
17 25 1057700
18 22 106500
18 25 1339420
18 19 93340
19 17 169280
19 18 93340
19 22 95070
20 16 451800
20 25 1080860
20 23 766640
21 24 442100
21 23 183880
21 7 560300
22 18 106500
22 19 95070
23 21 183880
23 24 545670
23 16 523280
23 20 766640
24 21 442100
24 23 545670
25 20 1080860
25 18 1339420
25 17 1057700
