0 4 523190
0 2 183210
1 2 2846320
1 5 4722120
1 3 594430
2 1 2846320
2 0 183210
2 4 2554940
3 4 677200
3 1 594430
3 5 243660
4 0 523190
4 3 677200
4 2 2554940
4 11 4166710
5 1 4722120
5 3 243660
5 7 2800480
5 6 2483940
6 8 811430
6 7 1051160
6 5 2483940
6 11 454110
6 16 2295080
7 6 1051160
7 21 2937850
7 5 2800480
8 6 811430
8 10 377610
8 15 649240
9 12 320250
9 10 336480
10 15 4235590
10 8 377610
10 11 4203570
10 9 336480
11 4 4166710
11 6 454110
11 10 4203570
12 9 320250
12 14 1259420
12 13 972640
12 15 1229070
13 12 972640
13 15 3750330
13 17 3496370
13 16 2042890
14 17 1265990
14 12 1259420
15 10 4235590
15 13 3750330
15 12 1229070
15 8 649240
16 23 2841550
16 20 1458790
16 6 2295080
16 13 2042890
17 14 1265990
17 13 3496370
17 19 532380
17 25 3601270
18 22 461280
18 25 6989840
18 19 424230
19 17 532380
19 18 424230
19 22 200220
20 16 1458790
20 25 4130440
20 23 2934340
21 24 1409290
21 23 1717050
21 7 2937850
22 18 461280
22 19 200220
23 21 1717050
23 24 2041530
23 16 2841550
23 20 2934340
24 21 1409290
24 23 2041530
25 20 4130440
25 18 6989840
25 17 3601270
