0 4 591330
0 2 122300
1 2 3055310
1 5 5830910
1 3 797820
2 1 3055310
2 0 122300
2 4 3933810
3 4 945920
3 1 797820
3 5 301660
4 0 591330
4 3 945920
4 2 3933810
4 11 5692900
5 1 5830910
5 3 301660
5 7 2580210
5 6 3861570
6 8 943870
6 7 1176880
6 5 3861570
6 11 477780
6 16 3657040
7 6 1176880
7 21 3743380
7 5 2580210
8 6 943870
8 10 330860
8 15 580090
9 12 374590
9 10 229840
10 15 5621170
10 8 330860
10 11 5589980
10 9 229840
11 4 5692900
11 6 477780
11 10 5589980
12 9 374590
12 14 1416190
12 13 1047670
12 15 1780910
13 12 1047670
13 15 4506790
13 17 4276560
13 16 1996150
14 17 1498180
14 12 1416190
15 10 5621170
15 13 4506790
15 12 1780910
15 8 580090
16 23 2755500
16 20 2445880
16 6 3657040
16 13 1996150
17 14 1498180
17 13 4276560
17 19 669520
17 25 4643150
18 22 431180
18 25 7739390
18 19 316050
19 17 669520
19 18 316050
19 22 326630
20 16 2445880
20 25 6186800
20 23 4090560
21 24 1973450
21 23 1923840
21 7 3743380
22 18 431180
22 19 326630
23 21 1923840
23 24 2126430
23 16 2755500
23 20 4090560
24 21 1973450
24 23 2126430
25 20 6186800
25 18 7739390
25 17 4643150
