0 4 547810
0 2 209550
1 2 2772530
1 5 4331030
1 3 646720
2 1 2772530
2 0 209550
2 4 2414830
3 4 739820
3 1 646720
3 5 166850
4 0 547810
4 3 739820
4 2 2414830
4 11 4237080
5 1 4331030
5 3 166850
5 7 2273010
5 6 2451270
6 8 842800
6 7 1060850
6 5 2451270
6 11 381100
6 16 2278020
7 6 1060850
7 21 3018010
7 5 2273010
8 6 842800
8 10 370680
8 15 746820
9 12 348710
9 10 320490
10 15 4115480
10 8 370680
10 11 4211510
10 9 320490
11 4 4237080
11 6 381100
11 10 4211510
12 9 348710
12 14 1188110
12 13 1024730
12 15 1312720
13 12 1024730
13 15 3560950
13 17 3280460
13 16 2044040
14 17 1322600
14 12 1188110
15 10 4115480
15 13 3560950
15 12 1312720
15 8 746820
16 23 2709200
16 20 1563160
16 6 2278020
16 13 2044040
17 14 1322600
17 13 3280460
17 19 386800
17 25 3619830
18 22 483800
18 25 6908800
18 19 339280
19 17 386800
19 18 339280
19 22 117620
20 16 1563160
20 25 4187460
20 23 2930820
21 24 1183370
21 23 1877660
21 7 3018010
22 18 483800
22 19 117620
23 21 1877660
23 24 1928230
23 16 2709200
23 20 2930820
24 21 1183370
24 23 1928230
25 20 4187460
25 18 6908800
25 17 3619830
