0 4 2014780
0 2 2098120
1 2 4330630
1 5 4314260
1 3 4232840
2 1 4330630
2 0 2098120
2 4 3583460
3 4 3485670
3 1 4232840
3 5 3552640
4 0 2014780
4 3 3485670
4 2 3583460
4 11 3699930
5 1 4314260
5 3 3552640
5 7 3923020
5 6 3634830
6 8 2946510
6 7 3923790
6 5 3634830
6 11 3767670
6 16 3369010
7 6 3923790
7 21 3602090
7 5 3923020
8 6 2946510
8 10 2875300
8 15 3557580
9 12 3335130
9 10 2435150
10 15 4175460
10 8 2875300
10 11 3696460
10 9 2435150
11 4 3699930
11 6 3767670
11 10 3696460
12 9 3335130
12 14 3424950
12 13 4869360
12 15 5075440
13 12 4869360
13 15 4651660
13 17 4017960
13 16 3774000
14 17 2573550
14 12 3424950
15 10 4175460
15 13 4651660
15 12 5075440
15 8 3557580
16 23 3298660
16 20 2614490
16 6 3369010
16 13 3774000
17 14 2573550
17 13 4017960
17 19 2514440
17 25 3758560
18 22 2097870
18 25 3728580
18 19 2484460
19 17 2514440
19 18 2484460
19 22 1051950
20 16 2614490
20 25 3026670
20 23 2810730
21 24 2878440
21 23 3243550
21 7 3602090
22 18 2097870
22 19 1051950
23 21 3243550
23 24 3129790
23 16 3298660
23 20 2810730
24 21 2878440
24 23 3129790
25 20 3026670
25 18 3728580
25 17 3758560
