0 4 1731360
0 2 2747190
1 2 4834490
1 5 3595930
1 3 3713160
2 1 4834490
2 0 2747190
2 4 3992950
3 4 2871620
3 1 3713160
3 5 2648890
4 0 1731360
4 3 2871620
4 2 3992950
4 11 3084240
5 1 3595930
5 3 2648890
5 7 3010430
5 6 2946560
6 8 2592040
6 7 3425330
6 5 2946560
6 11 3276410
6 16 3270410
7 6 3425330
7 21 2793730
7 5 3010430
8 6 2592040
8 10 2242230
8 15 2602990
9 12 2270390
9 10 1743350
10 15 3022600
10 8 2242230
10 11 2926600
10 9 1743350
11 4 3084240
11 6 3276410
11 10 2926600
12 9 2270390
12 14 2710370
12 13 3590320
12 15 3549640
13 12 3590320
13 15 3424040
13 17 3418730
13 16 3322040
14 17 2538780
14 12 2710370
15 10 3022600
15 13 3424040
15 12 3549640
15 8 2602990
16 23 3691090
16 20 2363850
16 6 3270410
16 13 3322040
17 14 2538780
17 13 3418730
17 19 2607840
17 25 2905170
18 22 1745840
18 25 2779270
18 19 2481940
19 17 2607840
19 18 2481940
19 22 1106840
20 16 2363850
20 25 1992970
20 23 2875580
21 24 2177380
21 23 3150540
21 7 2793730
22 18 1745840
22 19 1106840
23 21 3150540
23 24 3229660
23 16 3691090
23 20 2875580
24 21 2177380
24 23 3229660
25 20 1992970
25 18 2779270
25 17 2905170
