0 4 1073580
0 2 1426810
1 2 2439480
1 5 2104380
1 3 1813910
2 1 2439480
2 0 1426810
2 4 2350070
3 4 1724500
3 1 1813910
3 5 1742630
4 0 1073580
4 3 1724500
4 2 2350070
4 11 2021250
5 1 2104380
5 3 1742630
5 7 1886970
5 6 1974320
6 8 1305830
6 7 1828190
6 5 1974320
6 11 1980600
6 16 1639100
7 6 1828190
7 21 1522490
7 5 1886970
8 6 1305830
8 10 1196460
8 15 1244120
9 12 1095830
9 10 1190900
10 15 1744460
10 8 1196460
10 11 1871230
10 9 1190900
11 4 2021250
11 6 1980600
11 10 1871230
12 9 1095830
12 14 1298300
12 13 1506250
12 15 1649390
13 12 1506250
13 15 1648980
13 17 1706870
13 16 1434250
14 17 1498920
14 12 1298300
15 10 1744460
15 13 1648980
15 12 1649390
15 8 1244120
16 23 1505810
16 20 1575050
16 6 1639100
16 13 1434250
17 14 1498920
17 13 1706870
17 19 1746380
17 25 1901060
18 22 1436890
18 25 2307960
18 19 2153280
19 17 1746380
19 18 2153280
19 22 868470
20 16 1575050
20 25 1840830
20 23 1718200
21 24 1223760
21 23 1476550
21 7 1522490
22 18 1436890
22 19 868470
23 21 1476550
23 24 1396170
23 16 1505810
23 20 1718200
24 21 1223760
24 23 1396170
25 20 1840830
25 18 2307960
25 17 1901060
