0 4 1811500
0 2 2056150
1 2 3698640
1 5 3234750
1 3 2954370
2 1 3698640
2 0 2056150
2 4 3674910
3 4 2930640
3 1 2954370
3 5 2711400
4 0 1811500
4 3 2930640
4 2 3674910
4 11 3387500
5 1 3234750
5 3 2711400
5 7 3331930
5 6 2914510
6 8 2095180
6 7 3254660
6 5 2914510
6 11 3090990
6 16 2430660
7 6 3254660
7 21 2642130
7 5 3331930
8 6 2095180
8 10 2160780
8 15 2193130
9 12 1698010
9 10 1895070
10 15 3000790
10 8 2160780
10 11 3156590
10 9 1895070
11 4 3387500
11 6 3090990
11 10 3156590
12 9 1698010
12 14 1874390
12 13 2800360
12 15 2803730
13 12 2800360
13 15 3029770
13 17 2814520
13 16 2525240
14 17 1888550
14 12 1874390
15 10 3000790
15 13 3029770
15 12 2803730
15 8 2193130
16 23 2772560
16 20 2028840
16 6 2430660
16 13 2525240
17 14 1888550
17 13 2814520
17 19 2082410
17 25 2686180
18 22 1413440
18 25 2650800
18 19 2047030
19 17 2082410
19 18 2047030
19 22 928590
20 16 2028840
20 25 2401660
20 23 2777320
21 24 1742650
21 23 2566610
21 7 2642130
22 18 1413440
22 19 928590
23 21 2566610
23 24 2697080
23 16 2772560
23 20 2777320
24 21 1742650
24 23 2697080
25 20 2401660
25 18 2650800
25 17 2686180
