0 4 1817350
0 2 2929550
1 2 5192970
1 5 4305570
1 3 3903450
2 1 5192970
2 0 2929550
2 4 4492400
3 4 3202880
3 1 3903450
3 5 3427680
4 0 1817350
4 3 3202880
4 2 4492400
4 11 3427880
5 1 4305570
5 3 3427680
5 7 3776710
5 6 3804050
6 8 3141370
6 7 3750960
6 5 3804050
6 11 3626930
6 16 3324250
7 6 3750960
7 21 3009110
7 5 3776710
8 6 3141370
8 10 2902970
8 15 3209480
9 12 2894470
9 10 2470900
10 15 3608010
10 8 2902970
10 11 3388530
10 9 2470900
11 4 3427880
11 6 3626930
11 10 3388530
12 9 2894470
12 14 3233470
12 13 3850640
12 15 4031580
13 12 3850640
13 15 3733580
13 17 3895250
13 16 3211420
14 17 3278080
14 12 3233470
15 10 3608010
15 13 3733580
15 12 4031580
15 8 3209480
16 23 3646970
16 20 3146940
16 6 3324250
16 13 3211420
17 14 3278080
17 13 3895250
17 19 3649790
17 25 4122900
18 22 2327970
18 25 4100960
18 19 3627850
19 17 3649790
19 18 3627850
19 22 1761840
20 16 3146940
20 25 3715810
20 23 3923710
21 24 1814420
21 23 3359170
21 7 3009110
22 18 2327970
22 19 1761840
23 21 3359170
23 24 2878990
23 16 3646970
23 20 3923710
24 21 1814420
24 23 2878990
25 20 3715810
25 18 4100960
25 17 4122900
