0 4 2407470
0 2 2112690
1 2 4192650
1 5 4460950
1 3 3963520
2 1 4192650
2 0 2112690
2 4 3909700
3 4 3680570
3 1 3963520
3 5 3654090
4 0 2407470
4 3 3680570
4 2 3909700
4 11 4153300
5 1 4460950
5 3 3654090
5 7 4193910
5 6 4511590
6 8 3461520
6 7 4553980
6 5 4511590
6 11 4486890
6 16 4041690
7 6 4553980
7 21 4046030
7 5 4193910
8 6 3461520
8 10 2758730
8 15 2835220
9 12 2745660
9 10 2640550
10 15 3542570
10 8 2758730
10 11 3784100
10 9 2640550
11 4 4153300
11 6 4486890
11 10 3784100
12 9 2745660
12 14 3163390
12 13 3581310
12 15 3647680
13 12 3581310
13 15 3552690
13 17 4228710
13 16 3349020
14 17 3810790
14 12 3163390
15 10 3542570
15 13 3552690
15 12 3647680
15 8 2835220
16 23 3781020
16 20 3387200
16 6 4041690
16 13 3349020
17 14 3810790
17 13 4228710
17 19 4336370
17 25 5168220
18 22 3752110
18 25 6042120
18 19 5210270
19 17 4336370
19 18 5210270
19 22 2243480
20 16 3387200
20 25 4464010
20 23 3956500
21 24 3408970
21 23 4103040
21 7 4046030
22 18 3752110
22 19 2243480
23 21 4103040
23 24 3656250
23 16 3781020
23 20 3956500
24 21 3408970
24 23 3656250
25 20 4464010
25 18 6042120
25 17 5168220
