0 4 968340
0 2 1306240
1 2 2104260
1 5 1694950
1 3 1546570
2 1 2104260
2 0 1306240
2 4 2041120
3 4 1483430
3 1 1546570
3 5 1412020
4 0 968340
4 3 1483430
4 2 2041120
4 11 1775880
5 1 1694950
5 3 1412020
5 7 1598800
5 6 1746680
6 8 1439550
6 7 1785080
6 5 1746680
6 11 1890750
6 16 1680540
7 6 1785080
7 21 1592910
7 5 1598800
8 6 1439550
8 10 1420750
8 15 1362560
9 12 1236530
9 10 1283740
10 15 1837170
10 8 1420750
10 11 1871950
10 9 1283740
11 4 1775880
11 6 1890750
11 10 1871950
12 9 1236530
12 14 1532440
12 13 1792800
12 15 1789960
13 12 1792800
13 15 1781820
13 17 2127750
13 16 1606390
14 17 1867390
14 12 1532440
15 10 1837170
15 13 1781820
15 12 1789960
15 8 1362560
16 23 1693760
16 20 1400450
16 6 1680540
16 13 1606390
17 14 1867390
17 13 2127750
17 19 1872440
17 25 2302240
18 22 1056870
18 25 2030380
18 19 1600580
19 17 1872440
19 18 1600580
19 22 730330
20 16 1400450
20 25 1753210
20 23 1666090
21 24 1515740
21 23 1754010
21 7 1592910
22 18 1056870
22 19 730330
23 21 1754010
23 24 1721130
23 16 1693760
23 20 1666090
24 21 1515740
24 23 1721130
25 20 1753210
25 18 2030380
25 17 2302240
