0 4 1564710
0 2 1590090
1 2 2845490
1 5 2765120
1 3 2356450
2 1 2845490
2 0 1590090
2 4 2815880
3 4 2326840
3 1 2356450
3 5 2271850
4 0 1564710
4 3 2326840
4 2 2815880
4 11 2804580
5 1 2765120
5 3 2271850
5 7 3006110
5 6 2603820
6 8 1811320
6 7 2929410
6 5 2603820
6 11 2672890
6 16 2111570
7 6 2929410
7 21 2617800
7 5 3006110
8 6 1811320
8 10 1785900
8 15 1848770
9 12 1348070
9 10 1646470
10 15 2539150
10 8 1785900
10 11 2647470
10 9 1646470
11 4 2804580
11 6 2672890
11 10 2647470
12 9 1348070
12 14 1481080
12 13 1997960
12 15 2240750
13 12 1997960
13 15 2359230
13 17 2304600
13 16 1906230
14 17 1787720
14 12 1481080
15 10 2539150
15 13 2359230
15 12 2240750
15 8 1848770
16 23 1891160
16 20 1929840
16 6 2111570
16 13 1906230
17 14 1787720
17 13 2304600
17 19 1983530
17 25 2862070
18 22 1427610
18 25 2929120
18 19 2050580
19 17 1983530
19 18 2050580
19 22 851330
20 16 1929840
20 25 2697520
20 23 2124980
21 24 1664220
21 23 1995100
21 7 2617800
22 18 1427610
22 19 851330
23 21 1995100
23 24 1755420
23 16 1891160
23 20 2124980
24 21 1664220
24 23 1755420
25 20 2697520
25 18 2929120
25 17 2862070
