0 4 1957530
0 2 2579610
1 2 4206850
1 5 3448540
1 3 3035840
2 1 4206850
2 0 2579610
2 4 4135460
3 4 2964450
3 1 3035840
3 5 2828220
4 0 1957530
4 3 2964450
4 2 4135460
4 11 3553380
5 1 3448540
5 3 2828220
5 7 3092230
5 6 3170580
6 8 2256830
6 7 3021890
6 5 3170580
6 11 3346810
6 16 2769150
7 6 3021890
7 21 2507480
7 5 3092230
8 6 2256830
8 10 2258660
8 15 2369100
9 12 2040350
9 10 1949470
10 15 3214340
10 8 2258660
10 11 3348640
10 9 1949470
11 4 3553380
11 6 3346810
11 10 3348640
12 9 2040350
12 14 2595440
12 13 2916250
12 15 3305220
13 12 2916250
13 15 2935810
13 17 2868190
13 16 2492450
14 17 2547380
14 12 2595440
15 10 3214340
15 13 2935810
15 12 3305220
15 8 2369100
16 23 2392000
16 20 2126970
16 6 2769150
16 13 2492450
17 14 2547380
17 13 2868190
17 19 2581680
17 25 3109170
18 22 1736910
18 25 3045390
18 19 2517900
19 17 2581680
19 18 2517900
19 22 1192830
20 16 2126970
20 25 2422340
20 23 2080910
21 24 1692570
21 23 2208680
21 7 2507480
22 18 1736910
22 19 1192830
23 21 2208680
23 24 1829830
23 16 2392000
23 20 2080910
24 21 1692570
24 23 1829830
25 20 2422340
25 18 3045390
25 17 3109170
