0 4 1461290
0 2 1448580
1 2 2548860
1 5 2502480
1 3 2203620
2 1 2548860
2 0 1448580
2 4 2518930
3 4 2173690
3 1 2203620
3 5 2114600
4 0 1461290
4 3 2173690
4 2 2518930
4 11 2536650
5 1 2502480
5 3 2114600
5 7 2503540
5 6 2397540
6 8 1809820
6 7 2487620
6 5 2397540
6 11 2461640
6 16 2017530
7 6 2487620
7 21 2235840
7 5 2503540
8 6 1809820
8 10 1883510
8 15 1933610
9 12 1876530
9 10 1785810
10 15 2579100
10 8 1883510
10 11 2535330
10 9 1785810
11 4 2536650
11 6 2461640
11 10 2535330
12 9 1876530
12 14 2163080
12 13 2469450
12 15 2669820
13 12 2469450
13 15 2428830
13 17 2765050
13 16 1940950
14 17 2458680
14 12 2163080
15 10 2579100
15 13 2428830
15 12 2669820
15 8 1933610
16 23 2203000
16 20 2076190
16 6 2017530
16 13 1940950
17 14 2458680
17 13 2765050
17 19 2889760
17 25 3312950
18 22 2037700
18 25 3558360
18 19 3135170
19 17 2889760
19 18 3135170
19 22 1380410
20 16 2076190
20 25 2911600
20 23 2625750
21 24 1470430
21 23 2315310
21 7 2235840
22 18 2037700
22 19 1380410
23 21 2315310
23 24 1907680
23 16 2203000
23 20 2625750
24 21 1470430
24 23 1907680
25 20 2911600
25 18 3558360
25 17 3312950
