0 4 1479330
0 2 1444400
1 2 2668190
1 5 2421310
1 3 2263480
2 1 2668190
2 0 1444400
2 4 2723070
3 4 2318360
3 1 2263480
3 5 2036550
4 0 1479330
4 3 2318360
4 2 2723070
4 11 2662130
5 1 2421310
5 3 2036550
5 7 2827800
5 6 2662220
6 8 2362000
6 7 3295640
6 5 2662220
6 11 2848160
6 16 3345240
7 6 3295640
7 21 3045740
7 5 2827800
8 6 2362000
8 10 2148730
8 15 2310770
9 12 2102790
9 10 1930680
10 15 2865560
10 8 2148730
10 11 2634890
10 9 1930680
11 4 2662130
11 6 2848160
11 10 2634890
12 9 2102790
12 14 2261740
12 13 3149480
12 15 3037670
13 12 3149480
13 15 3139410
13 17 2944200
13 16 3405820
14 17 2056460
14 12 2261740
15 10 2865560
15 13 3139410
15 12 3037670
15 8 2310770
16 23 4235970
16 20 3019750
16 6 3345240
16 13 3405820
17 14 2056460
17 13 2944200
17 19 1999420
17 25 2957810
18 22 1323620
18 25 2854050
18 19 1895660
19 17 1999420
19 18 1895660
19 22 789620
20 16 3019750
20 25 2878760
20 23 3695300
21 24 2021360
21 23 3770890
21 7 3045740
22 18 1323620
22 19 789620
23 21 3770890
23 24 3161990
23 16 4235970
23 20 3695300
24 21 2021360
24 23 3161990
25 20 2878760
25 18 2854050
25 17 2957810
