0 4 1829860
0 2 3057860
1 2 4770620
1 5 3435640
1 3 2910540
2 1 4770620
2 0 3057860
2 4 4810680
3 4 2950600
3 1 2910540
3 5 2843620
4 0 1829860
4 3 2950600
4 2 4810680
4 11 3755490
5 1 3435640
5 3 2843620
5 7 2975190
5 6 3199940
6 8 2107920
6 7 2806410
6 5 3199940
6 11 3479730
6 16 3117520
7 6 2806410
7 21 2417370
7 5 2975190
8 6 2107920
8 10 2394560
8 15 2340080
9 12 2468690
9 10 2370640
10 15 3549960
10 8 2394560
10 11 3766370
10 9 2370640
11 4 3755490
11 6 3479730
11 10 3766370
12 9 2468690
12 14 2972470
12 13 3385810
12 15 3648010
13 12 3385810
13 15 3233280
13 17 3248710
13 16 3087480
14 17 2835370
14 12 2972470
15 10 3549960
15 13 3233280
15 12 3648010
15 8 2340080
16 23 3622410
16 20 3367740
16 6 3117520
16 13 3087480
17 14 2835370
17 13 3248710
17 19 2960360
17 25 3643260
18 22 2362640
18 25 3923330
18 19 3240430
19 17 2960360
19 18 3240430
19 22 1516590
20 16 3367740
20 25 3645890
20 23 3786270
21 24 2213040
21 23 3147010
21 7 2417370
22 18 2362640
22 19 1516590
23 21 3147010
23 24 3106970
23 16 3622410
23 20 3786270
24 21 2213040
24 23 3106970
25 20 3645890
25 18 3923330
25 17 3643260
