0 4 2078550
0 2 2009450
1 2 3864040
1 5 3405640
1 3 3208950
2 1 3864040
2 0 2009450
2 4 3907960
3 4 3252870
3 1 3208950
3 5 2725370
4 0 2078550
4 3 3252870
4 2 3907960
4 11 3962710
5 1 3405640
5 3 2725370
5 7 3518500
5 6 3649260
6 8 3312880
6 7 4245700
6 5 3649260
6 11 4162410
6 16 3582980
7 6 4245700
7 21 3588940
7 5 3518500
8 6 3312880
8 10 2982570
8 15 2900060
9 12 1952490
9 10 2491710
10 15 3633330
10 8 2982570
10 11 3832100
10 9 2491710
11 4 3962710
11 6 4162410
11 10 3832100
12 9 1952490
12 14 2571730
12 13 2560100
12 15 3094110
13 12 2560100
13 15 3016810
13 17 3209920
13 16 2636150
14 17 3221550
14 12 2571730
15 10 3633330
15 13 3016810
15 12 3094110
15 8 2900060
16 23 4341020
16 20 2583320
16 6 3582980
16 13 2636150
17 14 3221550
17 13 3209920
17 19 3101020
17 25 4047740
18 22 2288570
18 25 4038400
18 19 3091680
19 17 3101020
19 18 3091680
19 22 1461890
20 16 2583320
20 25 3267790
20 23 4134840
21 24 2918940
21 23 4477740
21 7 3588940
22 18 2288570
22 19 1461890
23 21 4477740
23 24 4333740
23 16 4341020
23 20 4134840
24 21 2918940
24 23 4333740
25 20 3267790
25 18 4038400
25 17 4047740
