0 4 1086010
0 2 1185420
1 2 1884260
1 5 1840580
1 3 1620090
2 1 1884260
2 0 1185420
2 4 1784970
3 4 1520800
3 1 1620090
3 5 1576530
4 0 1086010
4 3 1520800
4 2 1784970
4 11 1730440
5 1 1840580
5 3 1576530
5 7 1861850
5 6 1716540
6 8 1053290
6 7 1781370
6 5 1716540
6 11 1705690
6 16 1498890
7 6 1781370
7 21 1604910
7 5 1861850
8 6 1053290
8 10 988860
8 15 900030
9 12 940230
9 10 1018260
10 15 1418370
10 8 988860
10 11 1641260
10 9 1018260
11 4 1730440
11 6 1705690
11 10 1641260
12 9 940230
12 14 1058590
12 13 1259710
12 15 1340340
13 12 1259710
13 15 1248910
13 17 1189350
13 16 1265000
14 17 988230
14 12 1058590
15 10 1418370
15 13 1248910
15 12 1340340
15 8 900030
16 23 1527300
16 20 1359550
16 6 1498890
16 13 1265000
17 14 988230
17 13 1189350
17 19 1012040
17 25 1192910
18 22 899740
18 25 1385310
18 19 1204440
19 17 1012040
19 18 1204440
19 22 508960
20 16 1359550
20 25 1266390
20 23 1525130
21 24 1067580
21 23 1488010
21 7 1604910
22 18 899740
22 19 508960
23 21 1488010
23 24 1272450
23 16 1527300
23 20 1525130
24 21 1067580
24 23 1272450
25 20 1266390
25 18 1385310
25 17 1192910
