0 4 1041100
0 2 1014280
1 2 1788360
1 5 1606720
1 3 1492620
2 1 1788360
2 0 1014280
2 4 1895720
3 4 1599980
3 1 1492620
3 5 1391520
4 0 1041100
4 3 1599980
4 2 1895720
4 11 1939120
5 1 1606720
5 3 1391520
5 7 1713680
5 6 1755350
6 8 1734380
6 7 1963410
6 5 1755350
6 11 1980390
6 16 1621510
7 6 1963410
7 21 1542000
7 5 1713680
8 6 1734380
8 10 1737130
8 15 1841470
9 12 1295220
9 10 1370640
10 15 2114920
10 8 1737130
10 11 1983140
10 9 1370640
11 4 1939120
11 6 1980390
11 10 1983140
12 9 1295220
12 14 1429910
12 13 1637120
12 15 2039500
13 12 1637120
13 15 1816880
13 17 1595750
13 16 1326220
14 17 1388540
14 12 1429910
15 10 2114920
15 13 1816880
15 12 2039500
15 8 1841470
16 23 1531850
16 20 1549500
16 6 1621510
16 13 1326220
17 14 1388540
17 13 1595750
17 19 1583590
17 25 2182610
18 22 1268930
18 25 2421050
18 19 1822030
19 17 1583590
19 18 1822030
19 22 837080
20 16 1549500
20 25 2224640
20 23 1843410
21 24 1280110
21 23 1494010
21 7 1542000
22 18 1268930
22 19 837080
23 21 1494010
23 24 1611860
23 16 1531850
23 20 1843410
24 21 1280110
24 23 1611860
25 20 2224640
25 18 2421050
25 17 2182610
