0 4 2828960
0 2 3326160
1 2 5500030
1 5 4708790
1 3 4341470
2 1 5500030
2 0 3326160
2 4 5532320
3 4 4373760
3 1 4341470
3 5 4079720
4 0 2828960
4 3 4373760
4 2 5532320
4 11 5294850
5 1 4708790
5 3 4079720
5 7 4074640
5 6 4359260
6 8 3008730
6 7 3986860
6 5 4359260
6 11 4913030
6 16 4195700
7 6 3986860
7 21 3275950
7 5 4074640
8 6 3008730
8 10 3695240
8 15 3429550
9 12 3508170
9 10 3849690
10 15 5378810
10 8 3695240
10 11 5599540
10 9 3849690
11 4 5294850
11 6 4913030
11 10 5599540
12 9 3508170
12 14 3750320
12 13 4374810
12 15 5037290
13 12 4374810
13 15 4450640
13 17 4150310
13 16 3954040
14 17 3525820
14 12 3750320
15 10 5378810
15 13 4450640
15 12 5037290
15 8 3429550
16 23 4271770
16 20 4132790
16 6 4195700
16 13 3954040
17 14 3525820
17 13 4150310
17 19 3694000
17 25 4867580
18 22 2493230
18 25 4913150
18 19 3739570
19 17 3694000
19 18 3739570
19 22 1629200
20 16 4132790
20 25 4684180
20 23 4284640
21 24 2569420
21 23 3636640
21 7 3275950
22 18 2493230
22 19 1629200
23 21 3636640
23 24 3356400
23 16 4271770
23 20 4284640
24 21 2569420
24 23 3356400
25 20 4684180
25 18 4913150
25 17 4867580
