0 4 938910
0 2 1512990
1 2 2455750
1 5 1971730
1 3 1647880
2 1 2455750
2 0 1512990
2 4 2308880
3 4 1501010
3 1 1647880
3 5 1591070
4 0 938910
4 3 1501010
4 2 2308880
4 11 1685820
5 1 1971730
5 3 1591070
5 7 2015280
5 6 1816240
6 8 1435440
6 7 1916600
6 5 1816240
6 11 1677200
6 16 1619410
7 6 1916600
7 21 1791770
7 5 2015280
8 6 1435440
8 10 1359450
8 15 1543740
9 12 1583020
9 10 1138600
10 15 1749870
10 8 1359450
10 11 1601210
10 9 1138600
11 4 1685820
11 6 1677200
11 10 1601210
12 9 1583020
12 14 2056900
12 13 2221430
12 15 2194290
13 12 2221430
13 15 1961300
13 17 2419580
13 16 1754850
14 17 2255050
14 12 2056900
15 10 1749870
15 13 1961300
15 12 2194290
15 8 1543740
16 23 1853270
16 20 1554380
16 6 1619410
16 13 1754850
17 14 2255050
17 13 2419580
17 19 2011760
17 25 2893980
18 22 1334770
18 25 2621210
18 19 1738990
19 17 2011760
19 18 1738990
19 22 768580
20 16 1554380
20 25 2262370
20 23 1886390
21 24 1200590
21 23 1826590
21 7 1791770
22 18 1334770
22 19 768580
23 21 1826590
23 24 1559280
23 16 1853270
23 20 1886390
24 21 1200590
24 23 1559280
25 20 2262370
25 18 2621210
25 17 2893980
