0 4 1058670
0 2 1397260
1 2 2165510
1 5 1631950
1 3 1509360
2 1 2165510
2 0 1397260
2 4 2196230
3 4 1540080
3 1 1509360
3 5 1345110
4 0 1058670
4 3 1540080
4 2 2196230
4 11 1921350
5 1 1631950
5 3 1345110
5 7 1565310
5 6 1490230
6 8 1061050
6 7 1587840
6 5 1490230
6 11 1748910
6 16 1419980
7 6 1587840
7 21 1411030
7 5 1565310
8 6 1061050
8 10 1067190
8 15 1129600
9 12 936960
9 10 1034840
10 15 1587450
10 8 1067190
10 11 1755050
10 9 1034840
11 4 1921350
11 6 1748910
11 10 1755050
12 9 936960
12 14 1097680
12 13 1412620
12 15 1489570
13 12 1412620
13 15 1572910
13 17 1518880
13 16 1411580
14 17 1203940
14 12 1097680
15 10 1587450
15 13 1572910
15 12 1489570
15 8 1129600
16 23 1784280
16 20 1347400
16 6 1419980
16 13 1411580
17 14 1203940
17 13 1518880
17 19 1238710
17 25 1726770
18 22 843390
18 25 1732740
18 19 1244680
19 17 1238710
19 18 1244680
19 22 534330
20 16 1347400
20 25 1639670
20 23 1804480
21 24 1093210
21 23 1700250
21 7 1411030
22 18 843390
22 19 534330
23 21 1700250
23 24 1634320
23 16 1784280
23 20 1804480
24 21 1093210
24 23 1634320
25 20 1639670
25 18 1732740
25 17 1726770
