0 4 2458510
0 2 3278240
1 2 5433480
1 5 4527240
1 3 3894010
2 1 5433480
2 0 3278240
2 4 5397710
3 4 3858240
3 1 3894010
3 5 3771730
4 0 2458510
4 3 3858240
4 2 5397710
4 11 4539120
5 1 4527240
5 3 3771730
5 7 5096670
5 6 4102000
6 8 2701600
6 7 4793710
6 5 4102000
6 11 4149650
6 16 3658250
7 6 4793710
7 21 4658770
7 5 5096670
8 6 2701600
8 10 2703430
8 15 2515770
9 12 2391840
9 10 2467460
10 15 3615040
10 8 2703430
10 11 4151480
10 9 2467460
11 4 4539120
11 6 4149650
11 10 4151480
12 9 2391840
12 14 3589490
12 13 3849250
12 15 3539420
13 12 3849250
13 15 3737210
13 17 4482050
13 16 3782250
14 17 4222290
14 12 3589490
15 10 3615040
15 13 3737210
15 12 3539420
15 8 2515770
16 23 4315480
16 20 3403630
16 6 3658250
16 13 3782250
17 14 4222290
17 13 4482050
17 19 4085630
17 25 4922610
18 22 3289030
18 25 5391330
18 19 4554350
19 17 4085630
19 18 4554350
19 22 1988880
20 16 3403630
20 25 4108980
20 23 4201650
21 24 3007240
21 23 4321330
21 7 4658770
22 18 3289030
22 19 1988880
23 21 4321330
23 24 3799410
23 16 4315480
23 20 4201650
24 21 3007240
24 23 3799410
25 20 4108980
25 18 5391330
25 17 4922610
