0 4 2241020
0 2 2863810
1 2 4888830
1 5 4288060
1 3 3860330
2 1 4888830
2 0 2863810
2 4 4559550
3 4 3531050
3 1 3860330
3 5 3553070
4 0 2241020
4 3 3531050
4 2 4559550
4 11 4268330
5 1 4288060
5 3 3553070
5 7 4276930
5 6 4077770
6 8 3364040
6 7 4373900
6 5 4077770
6 11 4387320
6 16 3829120
7 6 4373900
7 21 3541860
7 5 4276930
8 6 3364040
8 10 3558780
8 15 3644090
9 12 3647940
9 10 2997700
10 15 4649530
10 8 3558780
10 11 4582060
10 9 2997700
11 4 4268330
11 6 4387320
11 10 4582060
12 9 3647940
12 14 4402910
12 13 5054380
12 15 5299770
13 12 5054380
13 15 4489450
13 17 5038330
13 16 3863780
14 17 4386860
14 12 4402910
15 10 4649530
15 13 4489450
15 12 5299770
15 8 3644090
16 23 4018470
16 20 3451730
16 6 3829120
16 13 3863780
17 14 4386860
17 13 5038330
17 19 4783770
17 25 6085180
18 22 3807910
18 25 6620580
18 19 5319170
19 17 4783770
19 18 5319170
19 22 2223680
20 16 3451730
20 25 4878860
20 23 3986700
21 24 2350710
21 23 3532050
21 7 3541860
22 18 3807910
22 19 2223680
23 21 3532050
23 24 3372100
23 16 4018470
23 20 3986700
24 21 2350710
24 23 3372100
25 20 4878860
25 18 6620580
25 17 6085180
