0 4 1167110
0 2 1695570
1 2 2585970
1 5 1980100
1 3 1718950
2 1 2585970
2 0 1695570
2 4 2604440
3 4 1737420
3 1 1718950
3 5 1660010
4 0 1167110
4 3 1737420
4 2 2604440
4 11 2165360
5 1 1980100
5 3 1660010
5 7 2589830
5 6 2131160
6 8 1939220
6 7 2799830
6 5 2131160
6 11 2297950
6 16 2440030
7 6 2799830
7 21 2850200
7 5 2589830
8 6 1939220
8 10 2037590
8 15 2019040
9 12 2050210
9 10 1675560
10 15 2519350
10 8 2037590
10 11 2396320
10 9 1675560
11 4 2165360
11 6 2297950
11 10 2396320
12 9 2050210
12 14 2481030
12 13 3324940
12 15 2894000
13 12 3324940
13 15 2931740
13 17 3415020
13 16 2950790
14 17 2571110
14 12 2481030
15 10 2519350
15 13 2931740
15 12 2894000
15 8 2019040
16 23 3519590
16 20 2883600
16 6 2440030
16 13 2950790
17 14 2571110
17 13 3415020
17 19 2811880
17 25 3501850
18 22 2408120
18 25 3896700
18 19 3206730
19 17 2811880
19 18 3206730
19 22 1357790
20 16 2883600
20 25 3382320
20 23 3864290
21 24 2429550
21 23 3471090
21 7 2850200
22 18 2408120
22 19 1357790
23 21 3471090
23 24 3458740
23 16 3519590
23 20 3864290
24 21 2429550
24 23 3458740
25 20 3382320
25 18 3896700
25 17 3501850
