0 4 1425190
0 2 1770650
1 2 2704930
1 5 2210000
1 3 2000810
2 1 2704930
2 0 1770650
2 4 2783360
3 4 2079240
3 1 2000810
3 5 1929770
4 0 1425190
4 3 2079240
4 2 2783360
4 11 2540930
5 1 2210000
5 3 1929770
5 7 2878640
5 6 2562020
6 8 2490970
6 7 3301700
6 5 2562020
6 11 2814520
6 16 2289710
7 6 3301700
7 21 2942790
7 5 2878640
8 6 2490970
8 10 2174770
8 15 2534140
9 12 2041460
9 10 1662110
10 15 2712050
10 8 2174770
10 11 2498320
10 9 1662110
11 4 2540930
11 6 2814520
11 10 2498320
12 9 2041460
12 14 2286620
12 13 2748100
12 15 3091400
13 12 2748100
13 15 2728120
13 17 2567150
13 16 1989580
14 17 2105670
14 12 2286620
15 10 2712050
15 13 2728120
15 12 3091400
15 8 2534140
16 23 2170660
16 20 2016760
16 6 2289710
16 13 1989580
17 14 2105670
17 13 2567150
17 19 2183420
17 25 3203290
18 22 1752000
18 25 3424240
18 19 2404370
19 17 2183420
19 18 2404370
19 22 964990
20 16 2016760
20 25 3048140
20 23 2593080
21 24 1826140
21 23 2507120
21 7 2942790
22 18 1752000
22 19 964990
23 21 2507120
23 24 2066000
23 16 2170660
23 20 2593080
24 21 1826140
24 23 2066000
25 20 3048140
25 18 3424240
25 17 3203290
