0 4 1199200
0 2 1627270
1 2 3193480
1 5 3244170
1 3 2716530
2 1 3193480
2 0 1627270
2 4 2713830
3 4 2236880
3 1 2716530
3 5 2715640
4 0 1199200
4 3 2236880
4 2 2713830
4 11 2441210
5 1 3244170
5 3 2715640
5 7 4008390
5 6 3545220
6 8 3017470
6 7 4310330
6 5 3545220
6 11 3221910
6 16 3391220
7 6 4310330
7 21 4046030
7 5 4008390
8 6 3017470
8 10 2428930
8 15 2998980
9 12 1937300
9 10 1840340
10 15 3240130
10 8 2428930
10 11 2633370
10 9 1840340
11 4 2441210
11 6 3221910
11 10 2633370
12 9 1937300
12 14 2588260
12 13 2886390
12 15 3337090
13 12 2886390
13 15 3359480
13 17 3493620
13 16 2922030
14 17 3195490
14 12 2588260
15 10 3240130
15 13 3359480
15 12 3337090
15 8 2998980
16 23 3414720
16 20 3184840
16 6 3391220
16 13 2922030
17 14 3195490
17 13 3493620
17 19 3267700
17 25 4364070
18 22 2477230
18 25 4690150
18 19 3593780
19 17 3267700
19 18 3593780
19 22 1340390
20 16 3184840
20 25 4042040
20 23 3664280
21 24 3263060
21 23 3606360
21 7 4046030
22 18 2477230
22 19 1340390
23 21 3606360
23 24 3550860
23 16 3414720
23 20 3664280
24 21 3263060
24 23 3550860
25 20 4042040
25 18 4690150
25 17 4364070
