0 4 2424140
0 2 2441320
1 2 4497000
1 5 4398290
1 3 3718950
2 1 4497000
2 0 2441320
2 4 4528420
3 4 3750370
3 1 3718950
3 5 3668840
4 0 2424140
4 3 3750370
4 2 4528420
4 11 4589570
5 1 4398290
5 3 3668840
5 7 3932380
5 6 4309570
6 8 3150620
6 7 3893770
6 5 4309570
6 11 4469430
6 16 4064760
7 6 3893770
7 21 3219920
7 5 3932380
8 6 3150620
8 10 2921020
8 15 3252270
9 12 2816320
9 10 2689520
10 15 4143010
10 8 2921020
10 11 4239830
10 9 2689520
11 4 4589570
11 6 4469430
11 10 4239830
12 9 2816320
12 14 3285640
12 13 4050410
12 15 4269810
13 12 4050410
13 15 4254860
13 17 4577080
13 16 3947010
14 17 3812310
14 12 3285640
15 10 4143010
15 13 4254860
15 12 4269810
15 8 3252270
16 23 4597440
16 20 4267490
16 6 4064760
16 13 3947010
17 14 3812310
17 13 4577080
17 19 4189690
17 25 5444220
18 22 3289720
18 25 5815940
18 19 4561410
19 17 4189690
19 18 4561410
19 22 1988990
20 16 4267490
20 25 5223080
20 23 5006370
21 24 2788740
21 23 4129790
21 7 3219920
22 18 3289720
22 19 1988990
23 21 4129790
23 24 3995270
23 16 4597440
23 20 5006370
24 21 2788740
24 23 3995270
25 20 5223080
25 18 5815940
25 17 5444220
