0 4 788840
0 2 839000
1 2 1532520
1 5 1487750
1 3 1292660
2 1 1532520
2 0 839000
2 4 1473620
3 4 1233760
3 1 1292660
3 5 1239150
4 0 788840
4 3 1233760
4 2 1473620
4 11 1493200
5 1 1487750
5 3 1239150
5 7 1482180
5 6 1518570
6 8 1297740
6 7 1566510
6 5 1518570
6 11 1582920
6 16 1424660
7 6 1566510
7 21 1453120
7 5 1482180
8 6 1297740
8 10 1282540
8 15 1415980
9 12 1052720
9 10 1060770
10 15 1705940
10 8 1282540
10 11 1567720
10 9 1060770
11 4 1493200
11 6 1582920
11 10 1567720
12 9 1052720
12 14 1197330
12 13 1558430
12 15 1697890
13 12 1558430
13 15 1699920
13 17 1626940
13 16 1403440
14 17 1265840
14 12 1197330
15 10 1705940
15 13 1699920
15 12 1697890
15 8 1415980
16 23 1465580
16 20 1429440
16 6 1424660
16 13 1403440
17 14 1265840
17 13 1626940
17 19 1471060
17 25 1921620
18 22 1021730
18 25 2014050
18 19 1563490
19 17 1471060
19 18 1563490
19 22 706940
20 16 1429440
20 25 1881140
20 23 1648600
21 24 1190840
21 23 1530430
21 7 1453120
22 18 1021730
22 19 706940
23 21 1530430
23 24 1345150
23 16 1465580
23 20 1648600
24 21 1190840
24 23 1345150
25 20 1881140
25 18 2014050
25 17 1921620
