0 4 902560
0 2 998040
1 2 1729210
1 5 1605870
1 3 1391810
2 1 1729210
2 0 998040
2 4 1732440
3 4 1395040
3 1 1391810
3 5 1367180
4 0 902560
4 3 1395040
4 2 1732440
4 11 1647160
5 1 1605870
5 3 1367180
5 7 1822460
5 6 1706940
6 8 1413090
6 7 1948160
6 5 1706940
6 11 1745000
6 16 1590810
7 6 1948160
7 21 1772780
7 5 1822460
8 6 1413090
8 10 1316980
8 15 1432550
9 12 1141470
9 10 1013990
10 15 1755990
10 8 1316980
10 11 1648890
10 9 1013990
11 4 1647160
11 6 1745000
11 10 1648890
12 9 1141470
12 14 1404800
12 13 1613970
12 15 1883470
13 12 1613970
13 15 1602060
13 17 1484830
13 16 1340770
14 17 1275660
14 12 1404800
15 10 1755990
15 13 1602060
15 12 1883470
15 8 1432550
16 23 1902810
16 20 1508570
16 6 1590810
16 13 1340770
17 14 1275660
17 13 1484830
17 19 1515870
17 25 1793820
18 22 1469070
18 25 2347780
18 19 2069830
19 17 1515870
19 18 2069830
19 22 793880
20 16 1508570
20 25 1809350
20 23 2062400
21 24 1376890
21 23 1969260
21 7 1772780
22 18 1469070
22 19 793880
23 21 1969260
23 24 1864270
23 16 1902810
23 20 2062400
24 21 1376890
24 23 1864270
25 20 1809350
25 18 2347780
25 17 1793820
