0 4 1243430
0 2 1406300
1 2 2293900
1 5 2242680
1 3 1887890
2 1 2293900
2 0 1406300
2 4 2129070
3 4 1723060
3 1 1887890
3 5 1834710
4 0 1243430
4 3 1723060
4 2 2129070
4 11 2018430
5 1 2242680
5 3 1834710
5 7 2027980
5 6 1993160
6 8 1208840
6 7 1831640
6 5 1993160
6 11 1933740
6 16 1901920
7 6 1831640
7 21 1684280
7 5 2027980
8 6 1208840
8 10 1183270
8 15 1120460
9 12 1003740
9 10 1116430
10 15 1682870
10 8 1183270
10 11 1908170
10 9 1116430
11 4 2018430
11 6 1933740
11 10 1908170
12 9 1003740
12 14 1401700
12 13 1638400
12 15 1570180
13 12 1638400
13 15 1688280
13 17 2064460
13 16 1881760
14 17 1827760
14 12 1401700
15 10 1682870
15 13 1688280
15 12 1570180
15 8 1120460
16 23 1933690
16 20 1926490
16 6 1901920
16 13 1881760
17 14 1827760
17 13 2064460
17 19 1963840
17 25 2342890
18 22 1691180
18 25 2652130
18 19 2273080
19 17 1963840
19 18 2273080
19 22 973360
20 16 1926490
20 25 2079660
20 23 1853160
21 24 1340410
21 23 1681230
21 7 1684280
22 18 1691180
22 19 973360
23 21 1681230
23 24 1519540
23 16 1933690
23 20 1853160
24 21 1340410
24 23 1519540
25 20 2079660
25 18 2652130
25 17 2342890
