0 4 1294690
0 2 2133560
1 2 3137380
1 5 2365390
1 3 2120710
2 1 3137380
2 0 2133560
2 4 2840970
3 4 1824300
3 1 2120710
3 5 1891180
4 0 1294690
4 3 1824300
4 2 2840970
4 11 2051150
5 1 2365390
5 3 1891180
5 7 2033090
5 6 2240050
6 8 1839730
6 7 2137280
6 5 2240050
6 11 2222220
6 16 2123700
7 6 2137280
7 21 1946000
7 5 2033090
8 6 1839730
8 10 1743530
8 15 1790400
9 12 1806840
9 10 1585190
10 15 2198710
10 8 1743530
10 11 2126020
10 9 1585190
11 4 2051150
11 6 2222220
11 10 2126020
12 9 1806840
12 14 2228330
12 13 2387410
12 15 2420360
13 12 2387410
13 15 2212630
13 17 2680820
13 16 2041420
14 17 2521740
14 12 2228330
15 10 2198710
15 13 2212630
15 12 2420360
15 8 1790400
16 23 2431420
16 20 2125940
16 6 2123700
16 13 2041420
17 14 2521740
17 13 2680820
17 19 2875620
17 25 3322980
18 22 2665910
18 25 4272910
18 19 3825550
19 17 2875620
19 18 3825550
19 22 1409640
20 16 2125940
20 25 2906360
20 23 2654200
21 24 1955600
21 23 2460680
21 7 1946000
22 18 2665910
22 19 1409640
23 21 2460680
23 24 2454600
23 16 2431420
23 20 2654200
24 21 1955600
24 23 2454600
25 20 2906360
25 18 4272910
25 17 3322980
