0 4 2340150
0 2 3063670
1 2 4256890
1 5 3288240
1 3 2843100
2 1 4256890
2 0 3063670
2 4 4443860
3 4 3030070
3 1 2843100
3 5 2784940
4 0 2340150
4 3 3030070
4 2 4443860
4 11 3501170
5 1 3288240
5 3 2784940
5 7 2756930
5 6 3172790
6 8 2178730
6 7 2699640
6 5 3172790
6 11 3198750
6 16 3121830
7 6 2699640
7 21 2235970
7 5 2756930
8 6 2178730
8 10 2275010
8 15 2427960
9 12 2221740
9 10 2147370
10 15 3461010
10 8 2275010
10 11 3295030
10 9 2147370
11 4 3501170
11 6 3198750
11 10 3295030
12 9 2221740
12 14 2935800
12 13 3300560
12 15 3535380
13 12 3300560
13 15 3379140
13 17 3923720
13 16 3136240
14 17 3558960
14 12 2935800
15 10 3461010
15 13 3379140
15 12 3535380
15 8 2427960
16 23 3758780
16 20 3486280
16 6 3121830
16 13 3136240
17 14 3558960
17 13 3923720
17 19 3949800
17 25 4867860
18 22 2669320
18 25 5001020
18 19 4082960
19 17 3949800
19 18 4082960
19 22 1782840
20 16 3486280
20 25 4438500
20 23 4116900
21 24 2132910
21 23 3288780
21 7 2235970
22 18 2669320
22 19 1782840
23 21 3288780
23 24 3233530
23 16 3758780
23 20 4116900
24 21 2132910
24 23 3233530
25 20 4438500
25 18 5001020
25 17 4867860
