0 4 1346140
0 2 1536610
1 2 2799300
1 5 2641920
1 3 2329470
2 1 2799300
2 0 1536610
2 4 2475870
3 4 2006040
3 1 2329470
3 5 2039130
4 0 1346140
4 3 2006040
4 2 2475870
4 11 2442420
5 1 2641920
5 3 2039130
5 7 2530420
5 6 2305690
6 8 1683980
6 7 2484530
6 5 2305690
6 11 2429620
6 16 2153630
7 6 2484530
7 21 2408750
7 5 2530420
8 6 1683980
8 10 1661940
8 15 1720440
9 12 1499180
9 10 1532030
10 15 2274220
10 8 1661940
10 11 2407580
10 9 1532030
11 4 2442420
11 6 2429620
11 10 2407580
12 9 1499180
12 14 1933410
12 13 2216980
12 15 2241370
13 12 2216980
13 15 2308330
13 17 2787610
13 16 2165700
14 17 2504040
14 12 1933410
15 10 2274220
15 13 2308330
15 12 2241370
15 8 1720440
16 23 2453550
16 20 2458690
16 6 2153630
16 13 2165700
17 14 2504040
17 13 2787610
17 19 2705770
17 25 3305880
18 22 1845630
18 25 3246190
18 19 2646080
19 17 2705770
19 18 2646080
19 22 1319810
20 16 2458690
20 25 3095200
20 23 2864780
21 24 1798210
21 23 2483940
21 7 2408750
22 18 1845630
22 19 1319810
23 21 2483940
23 24 2173910
23 16 2453550
23 20 2864780
24 21 1798210
24 23 2173910
25 20 3095200
25 18 3246190
25 17 3305880
