0 4 672310
0 2 763340
1 2 1052860
1 5 935110
1 3 724500
2 1 1052860
2 0 763340
2 4 1196370
3 4 868010
3 1 724500
3 5 841290
4 0 672310
4 3 868010
4 2 1196370
4 11 1145920
5 1 935110
5 3 841290
5 7 1118780
5 6 1102180
6 8 980050
6 7 1169060
6 5 1102180
6 11 1169480
6 16 1194370
7 6 1169060
7 21 1154740
7 5 1118780
8 6 980050
8 10 943020
8 15 1003700
9 12 1175510
9 10 864450
10 15 1139080
10 8 943020
10 11 1132450
10 9 864450
11 4 1145920
11 6 1169480
11 10 1132450
12 9 1175510
12 14 1244220
12 13 1546490
12 15 1450140
13 12 1546490
13 15 1296110
13 17 1272180
13 16 1314370
14 17 969910
14 12 1244220
15 10 1139080
15 13 1296110
15 12 1450140
15 8 1003700
16 23 1357400
16 20 1088330
16 6 1194370
16 13 1314370
17 14 969910
17 13 1272180
17 19 964430
17 25 1394640
18 22 1054430
18 25 1805010
18 19 1374800
19 17 964430
19 18 1374800
19 22 456590
20 16 1088330
20 25 1288880
20 23 1209450
21 24 1009430
21 23 1301170
21 7 1154740
22 18 1054430
22 19 456590
23 21 1301170
23 24 1186780
23 16 1357400
23 20 1209450
24 21 1009430
24 23 1186780
25 20 1288880
25 18 1805010
25 17 1394640
