0 4 1314970
0 2 1448410
1 2 2359540
1 5 2206690
1 3 1921020
2 1 2359540
2 0 1448410
2 4 2343560
3 4 1905040
3 1 1921020
3 5 1885630
4 0 1314970
4 3 1905040
4 2 2343560
4 11 2385930
5 1 2206690
5 3 1885630
5 7 2333920
5 6 2334220
6 8 1911630
6 7 2496840
6 5 2334220
6 11 2529440
6 16 2160230
7 6 2496840
7 21 2271450
7 5 2333920
8 6 1911630
8 10 1772690
8 15 1934640
9 12 1385470
9 10 1510410
10 15 2381210
10 8 1772690
10 11 2390500
10 9 1510410
11 4 2385930
11 6 2529440
11 10 2390500
12 9 1385470
12 14 1526170
12 13 1934500
12 15 2256270
13 12 1934500
13 15 2221390
13 17 1984540
13 16 1861470
14 17 1576210
14 12 1526170
15 10 2381210
15 13 2221390
15 12 2256270
15 8 1934640
16 23 2179100
16 20 1561230
16 6 2160230
16 13 1861470
17 14 1576210
17 13 1984540
17 19 1759540
17 25 2058330
18 22 1135060
18 25 2133500
18 19 1834710
19 17 1759540
19 18 1834710
19 22 749970
20 16 1561230
20 25 1673170
20 23 1917010
21 24 1866300
21 23 2290620
21 7 2271450
22 18 1135060
22 19 749970
23 21 2290620
23 24 2110560
23 16 2179100
23 20 1917010
24 21 1866300
24 23 2110560
25 20 1673170
25 18 2133500
25 17 2058330
