0 4 1638660
0 2 1886490
1 2 2999450
1 5 2584940
1 3 2238340
2 1 2999450
2 0 1886490
2 4 3043930
3 4 2282820
3 1 2238340
3 5 2116140
4 0 1638660
4 3 2282820
4 2 3043930
4 11 2735200
5 1 2584940
5 3 2116140
5 7 2175930
5 6 2449780
6 8 1705820
6 7 2162970
6 5 2449780
6 11 2555560
6 16 2164500
7 6 2162970
7 21 1767750
7 5 2175930
8 6 1705820
8 10 1664780
8 15 1701380
9 12 1350400
9 10 1609270
10 15 2391340
10 8 1664780
10 11 2514520
10 9 1609270
11 4 2735200
11 6 2555560
11 10 2514520
12 9 1350400
12 14 1741360
12 13 1925760
12 15 2132470
13 12 1925760
13 15 2221230
13 17 2412660
13 16 1953350
14 17 2228260
14 12 1741360
15 10 2391340
15 13 2221230
15 12 2132470
15 8 1701380
16 23 1978500
16 20 2011640
16 6 2164500
16 13 1953350
17 14 2228260
17 13 2412660
17 19 2416290
17 25 3057240
18 22 1944950
18 25 3360070
18 19 2719120
19 17 2416290
19 18 2719120
19 22 1247610
20 16 2011640
20 25 2717390
20 23 2097960
21 24 1534270
21 23 1855600
21 7 1767750
22 18 1944950
22 19 1247610
23 21 1855600
23 24 1743490
23 16 1978500
23 20 2097960
24 21 1534270
24 23 1743490
25 20 2717390
25 18 3360070
25 17 3057240
