0 4 1614050
0 2 1471370
1 2 2520130
1 5 2838590
1 3 2205020
2 1 2520130
2 0 1471370
2 4 2641480
3 4 2326370
3 1 2205020
3 5 2502150
4 0 1614050
4 3 2326370
4 2 2641480
4 11 2931230
5 1 2838590
5 3 2502150
5 7 2866850
5 6 3036630
6 8 2093920
6 7 2767760
6 5 3036630
6 11 3007920
6 16 2698000
7 6 2767760
7 21 2272140
7 5 2866850
8 6 2093920
8 10 2246220
8 15 2104110
9 12 1746350
9 10 2164960
10 15 3100030
10 8 2246220
10 11 3160220
10 9 2164960
11 4 2931230
11 6 3007920
11 10 3160220
12 9 1746350
12 14 1611510
12 13 2228070
12 15 2681420
13 12 2228070
13 15 2504570
13 17 1932750
13 16 2254840
14 17 1316190
14 12 1611510
15 10 3100030
15 13 2504570
15 12 2681420
15 8 2104110
16 23 2752160
16 20 2415360
16 6 2698000
16 13 2254840
17 14 1316190
17 13 1932750
17 19 1645860
17 25 2119580
18 22 1364320
18 25 2328940
18 19 1855220
19 17 1645860
19 18 1855220
19 22 986540
20 16 2415360
20 25 2398570
20 23 2709060
21 24 2290380
21 23 2496080
21 7 2272140
22 18 1364320
22 19 986540
23 21 2496080
23 24 2840160
23 16 2752160
23 20 2709060
24 21 2290380
24 23 2840160
25 20 2398570
25 18 2328940
25 17 2119580
