0 4 2260680
0 2 2507200
1 2 4086880
1 5 3552700
1 3 2972170
2 1 4086880
2 0 2507200
2 4 4466720
3 4 3352010
3 1 2972170
3 5 3064350
4 0 2260680
4 3 3352010
4 2 4466720
4 11 4315420
5 1 3552700
5 3 3064350
5 7 3876170
5 6 3921940
6 8 2917070
6 7 4153230
6 5 3921940
6 11 4304820
6 16 3573080
7 6 4153230
7 21 3279520
7 5 3876170
8 6 2917070
8 10 2586960
8 15 2741190
9 12 2267230
9 10 2546940
10 15 3693010
10 8 2586960
10 11 3974710
10 9 2546940
11 4 4315420
11 6 4304820
11 10 3974710
12 9 2267230
12 14 2343180
12 13 2815250
12 15 3413300
13 12 2815250
13 15 3249190
13 17 2954100
13 16 2799150
14 17 2482030
14 12 2343180
15 10 3693010
15 13 3249190
15 12 3413300
15 8 2741190
16 23 3743300
16 20 2770540
16 6 3573080
16 13 2799150
17 14 2482030
17 13 2954100
17 19 2487130
17 25 3384880
18 22 1488460
18 25 3071080
18 19 2173330
19 17 2487130
19 18 2173330
19 22 1032330
20 16 2770540
20 25 3053310
20 23 3566680
21 24 2715680
21 23 3495510
21 7 3279520
22 18 1488460
22 19 1032330
23 21 3495510
23 24 3759610
23 16 3743300
23 20 3566680
24 21 2715680
24 23 3759610
25 20 3053310
25 18 3071080
25 17 3384880
