0 4 2041960
0 2 2442940
1 2 4430850
1 5 4317450
1 3 3711300
2 1 4430850
2 0 2442940
2 4 4036960
3 4 3317410
3 1 3711300
3 5 3604990
4 0 2041960
4 3 3317410
4 2 4036960
4 11 3665680
5 1 4317450
5 3 3604990
5 7 3922220
5 6 3770440
6 8 2316860
6 7 3481520
6 5 3770440
6 11 3512560
6 16 2991430
7 6 3481520
7 21 2931630
7 5 3922220
8 6 2316860
8 10 2276250
8 15 2202910
9 12 1853900
9 10 2146330
10 15 3175180
10 8 2276250
10 11 3471950
10 9 2146330
11 4 3665680
11 6 3512560
11 10 3471950
12 9 1853900
12 14 2197900
12 13 2794660
12 15 2882750
13 12 2794660
13 15 3013750
13 17 2997270
13 16 2789390
14 17 2400510
14 12 2197900
15 10 3175180
15 13 3013750
15 12 2882750
15 8 2202910
16 23 2933530
16 20 2557090
16 6 2991430
16 13 2789390
17 14 2400510
17 13 2997270
17 19 2443510
17 25 3142060
18 22 1782350
18 25 3232630
18 19 2534080
19 17 2443510
19 18 2534080
19 22 1066410
20 16 2557090
20 25 2838150
20 23 2837500
21 24 2209590
21 23 2721950
21 7 2931630
22 18 1782350
22 19 1066410
23 21 2721950
23 24 2701580
23 16 2933530
23 20 2837500
24 21 2209590
24 23 2701580
25 20 2838150
25 18 3232630
25 17 3142060
