0 4 1873180
0 2 2370500
1 2 4132430
1 5 3520150
1 3 3365210
2 1 4132430
2 0 2370500
2 4 3693640
3 4 2926420
3 1 3365210
3 5 2811460
4 0 1873180
4 3 2926420
4 2 3693640
4 11 3429240
5 1 3520150
5 3 2811460
5 7 2874880
5 6 2906380
6 8 1960630
6 7 2814860
6 5 2906380
6 11 3254260
6 16 2729420
7 6 2814860
7 21 2523810
7 5 2874880
8 6 1960630
8 10 2054350
8 15 1965050
9 12 1770760
9 10 1939340
10 15 2944500
10 8 2054350
10 11 3347980
10 9 1939340
11 4 3429240
11 6 3254260
11 10 3347980
12 9 1770760
12 14 2141140
12 13 2558660
12 15 2775920
13 12 2558660
13 15 2637940
13 17 2789320
13 16 2516580
14 17 2371800
14 12 2141140
15 10 2944500
15 13 2637940
15 12 2775920
15 8 1965050
16 23 3460420
16 20 2438340
16 6 2729420
16 13 2516580
17 14 2371800
17 13 2789320
17 19 2509830
17 25 3087390
18 22 1008250
18 25 2348950
18 19 1771390
19 17 2509830
19 18 1771390
19 22 1098560
20 16 2438340
20 25 2640510
20 23 3286280
21 24 2236070
21 23 3286310
21 7 2523810
22 18 1008250
22 19 1098560
23 21 3286310
23 24 3258120
23 16 3460420
23 20 3286280
24 21 2236070
24 23 3258120
25 20 2640510
25 18 2348950
25 17 3087390
