0 4 1724310
0 2 1933010
1 2 3305730
1 5 2622100
1 3 2660020
2 1 3305730
2 0 1933010
2 4 3357960
3 4 2712250
3 1 2660020
3 5 2237320
4 0 1724310
4 3 2712250
4 2 3357960
4 11 3176950
5 1 2622100
5 3 2237320
5 7 3257470
5 6 2935650
6 8 3018310
6 7 3993720
6 5 2935650
6 11 3438270
6 16 3137060
7 6 3993720
7 21 3452080
7 5 3257470
8 6 3018310
8 10 2677950
8 15 2881680
9 12 2391120
9 10 2085370
10 15 3194910
10 8 2677950
10 11 3097910
10 9 2085370
11 4 3176950
11 6 3438270
11 10 3097910
12 9 2391120
12 14 2509390
12 13 3333320
12 15 3500660
13 12 3333320
13 15 3231300
13 17 2972830
13 16 2833090
14 17 2148900
14 12 2509390
15 10 3194910
15 13 3231300
15 12 3500660
15 8 2881680
16 23 3545020
16 20 2694200
16 6 3137060
16 13 2833090
17 14 2148900
17 13 2972830
17 19 2690190
17 25 3166980
18 22 2215700
18 25 3694700
18 19 3217910
19 17 2690190
19 18 3217910
19 22 1496470
20 16 2694200
20 25 3119220
20 23 3637000
21 24 2199490
21 23 3538220
21 7 3452080
22 18 2215700
22 19 1496470
23 21 3538220
23 24 3149090
23 16 3545020
23 20 3637000
24 21 2199490
24 23 3149090
25 20 3119220
25 18 3694700
25 17 3166980
