0 4 772340
0 2 982410
1 2 1578300
1 5 1319160
1 3 1087800
2 1 1578300
2 0 982410
2 4 1640730
3 4 1150230
3 1 1087800
3 5 1101160
4 0 772340
4 3 1150230
4 2 1640730
4 11 1427900
5 1 1319160
5 3 1101160
5 7 1393060
5 6 1423690
6 8 1198150
6 7 1484230
6 5 1423690
6 11 1470000
6 16 1541550
7 6 1484230
7 21 1345700
7 5 1393060
8 6 1198150
8 10 1241520
8 15 1134270
9 12 949370
9 10 996700
10 15 1494350
10 8 1241520
10 11 1513370
10 9 996700
11 4 1427900
11 6 1470000
11 10 1513370
12 9 949370
12 14 1272210
12 13 1581970
12 15 1447020
13 12 1581970
13 15 1522050
13 17 1685950
13 16 1612620
14 17 1376190
14 12 1272210
15 10 1494350
15 13 1522050
15 12 1447020
15 8 1134270
16 23 2018970
16 20 1576310
16 6 1541550
16 13 1612620
17 14 1376190
17 13 1685950
17 19 1570430
17 25 1872740
18 22 1393310
18 25 2280460
18 19 1978150
19 17 1570430
19 18 1978150
19 22 841120
20 16 1576310
20 25 1807480
20 23 2027040
21 24 1179160
21 23 1853750
21 7 1345700
22 18 1393310
22 19 841120
23 21 1853750
23 24 1795110
23 16 2018970
23 20 2027040
24 21 1179160
24 23 1795110
25 20 1807480
25 18 2280460
25 17 1872740
