0 4 1333110
0 2 1266790
1 2 2226790
1 5 2306470
1 3 1984810
2 1 2226790
2 0 1266790
2 4 2349600
3 4 2107620
3 1 1984810
3 5 2120980
4 0 1333110
4 3 2107620
4 2 2349600
4 11 2353240
5 1 2306470
5 3 2120980
5 7 2493240
5 6 2331820
6 8 1703750
6 7 2382420
6 5 2331820
6 11 2255780
6 16 2368310
7 6 2382420
7 21 2437140
7 5 2493240
8 6 1703750
8 10 1668240
8 15 1971010
9 12 1775380
9 10 1631430
10 15 2452750
10 8 1668240
10 11 2220270
10 9 1631430
11 4 2353240
11 6 2255780
11 10 2220270
12 9 1775380
12 14 2060080
12 13 2465310
12 15 2596700
13 12 2465310
13 15 2624130
13 17 2658700
13 16 2504180
14 17 2253470
14 12 2060080
15 10 2452750
15 13 2624130
15 12 2596700
15 8 1971010
16 23 3160660
16 20 2530690
16 6 2368310
16 13 2504180
17 14 2253470
17 13 2658700
17 19 2366060
17 25 2998330
18 22 1632920
18 25 3004010
18 19 2371740
19 17 2366060
19 18 2371740
19 22 1168640
20 16 2530690
20 25 2858880
20 23 3175730
21 24 2097010
21 23 3068070
21 7 2437140
22 18 1632920
22 19 1168640
23 21 3068070
23 24 2834640
23 16 3160660
23 20 3175730
24 21 2097010
24 23 2834640
25 20 2858880
25 18 3004010
25 17 2998330
