0 4 1930740
0 2 2178490
1 2 3584430
1 5 3439990
1 3 2813170
2 1 3584430
2 0 2178490
2 4 3548250
3 4 2776990
3 1 2813170
3 5 2880300
4 0 1930740
4 3 2776990
4 2 3548250
4 11 3321050
5 1 3439990
5 3 2880300
5 7 3396700
5 6 3323510
6 8 2207980
6 7 3213090
6 5 3323510
6 11 3240750
6 16 3228740
7 6 3213090
7 21 2651180
7 5 3396700
8 6 2207980
8 10 2380500
8 15 2382240
9 12 2553230
9 10 2230160
10 15 3486680
10 8 2380500
10 11 3413270
10 9 2230160
11 4 3321050
11 6 3240750
11 10 3413270
12 9 2553230
12 14 3229840
12 13 4130940
12 15 3809750
13 12 4130940
13 15 3809610
13 17 4440810
13 16 3724190
14 17 3539710
14 12 3229840
15 10 3486680
15 13 3809610
15 12 3809750
15 8 2382240
16 23 3726360
16 20 3471200
16 6 3228740
16 13 3724190
17 14 3539710
17 13 4440810
17 19 4066230
17 25 4460660
18 22 2800610
18 25 4652370
18 19 4257940
19 17 4066230
19 18 4257940
19 22 1924310
20 16 3471200
20 25 3897660
20 23 3879980
21 24 2105820
21 23 3075610
21 7 2651180
22 18 2800610
22 19 1924310
23 21 3075610
23 24 3165350
23 16 3726360
23 20 3879980
24 21 2105820
24 23 3165350
25 20 3897660
25 18 4652370
25 17 4460660
