0 4 2055390
0 2 2244750
1 2 3802850
1 5 3555710
1 3 3005580
2 1 3802850
2 0 2244750
2 4 3818520
3 4 3021250
3 1 3005580
3 5 2963470
4 0 2055390
4 3 3021250
4 2 3818520
4 11 3650060
5 1 3555710
5 3 2963470
5 7 3366040
5 6 3288620
6 8 2128760
6 7 3141060
6 5 3288620
6 11 3367300
6 16 2818840
7 6 3141060
7 21 2650270
7 5 3366040
8 6 2128760
8 10 2499160
8 15 2195520
9 12 2246070
9 10 2428060
10 15 3500800
10 8 2499160
10 11 3737700
10 9 2428060
11 4 3650060
11 6 3367300
11 10 3737700
12 9 2246070
12 14 2757770
12 13 3123570
12 15 3318810
13 12 3123570
13 15 3001920
13 17 3273860
13 16 2690360
14 17 2908060
14 12 2757770
15 10 3500800
15 13 3001920
15 12 3318810
15 8 2195520
16 23 2934170
16 20 2225050
16 6 2818840
16 13 2690360
17 14 2908060
17 13 3273860
17 19 3279360
17 25 3598400
18 22 2573450
18 25 4279060
18 19 3960020
19 17 3279360
19 18 3960020
19 22 1431110
20 16 2225050
20 25 2665910
20 23 2585180
21 24 1734000
21 23 2688180
21 7 2650270
22 18 2573450
22 19 1431110
23 21 2688180
23 24 2340120
23 16 2934170
23 20 2585180
24 21 1734000
24 23 2340120
25 20 2665910
25 18 4279060
25 17 3598400
