0 4 3047080
0 2 3211150
1 2 5663940
1 5 5051660
1 3 4525180
2 1 5663940
2 0 3211150
2 4 5726530
3 4 4587770
3 1 4525180
3 5 4139560
4 0 3047080
4 3 4587770
4 2 5726530
4 11 5413880
5 1 5051660
5 3 4139560
5 7 4255930
5 6 4481570
6 8 3157210
6 7 4071460
6 5 4481570
6 11 4781200
6 16 3990020
7 6 4071460
7 21 3660630
7 5 4255930
8 6 3157210
8 10 3188650
8 15 3299920
9 12 2568580
9 10 2980320
10 15 4471250
10 8 3188650
10 11 4812640
10 9 2980320
11 4 5413880
11 6 4781200
11 10 4812640
12 9 2568580
12 14 2712640
12 13 3475510
12 15 4059510
13 12 3475510
13 15 3998520
13 17 3396280
13 16 3548730
14 17 2633410
14 12 2712640
15 10 4471250
15 13 3998520
15 12 4059510
15 8 3299920
16 23 4352890
16 20 3808430
16 6 3990020
16 13 3548730
17 14 2633410
17 13 3396280
17 19 2863580
17 25 3757870
18 22 2710540
18 25 4207790
18 19 3313500
19 17 2863580
19 18 3313500
19 22 1746160
20 16 3808430
20 25 4035810
20 23 4478380
21 24 3249060
21 23 4249140
21 7 3660630
22 18 2710540
22 19 1746160
23 21 4249140
23 24 4022760
23 16 4352890
23 20 4478380
24 21 3249060
24 23 4022760
25 20 4035810
25 18 4207790
25 17 3757870
