0 4 1941680
0 2 1868400
1 2 3457990
1 5 3467640
1 3 3194790
2 1 3457990
2 0 1868400
2 4 3256000
3 4 2992800
3 1 3194790
3 5 2929170
4 0 1941680
4 3 2992800
4 2 3256000
4 11 3511520
5 1 3467640
5 3 2929170
5 7 3106960
5 6 2898820
6 8 2074340
6 7 2803760
6 5 2898820
6 11 3144690
6 16 2225470
7 6 2803760
7 21 2453050
7 5 3106960
8 6 2074340
8 10 2376050
8 15 2387060
9 12 2273800
9 10 2245500
10 15 3210050
10 8 2376050
10 11 3446400
10 9 2245500
11 4 3511520
11 6 3144690
11 10 3446400
12 9 2273800
12 14 2318030
12 13 2858440
12 15 3238350
13 12 2858440
13 15 2841150
13 17 2656990
13 16 2158280
14 17 2116580
14 12 2318030
15 10 3210050
15 13 2841150
15 12 3238350
15 8 2387060
16 23 2221910
16 20 1603340
16 6 2225470
16 13 2158280
17 14 2116580
17 13 2656990
17 19 2235200
17 25 2442300
18 22 1620780
18 25 2285460
18 19 2078360
19 17 2235200
19 18 2078360
19 22 1160080
20 16 1603340
20 25 1691610
20 23 1969930
21 24 1879660
21 23 2241350
21 7 2453050
22 18 1620780
22 19 1160080
23 21 2241350
23 24 2226810
23 16 2221910
23 20 1969930
24 21 1879660
24 23 2226810
25 20 1691610
25 18 2285460
25 17 2442300
