0 4 2088480
0 2 2264160
1 2 4107250
1 5 3951660
1 3 3645850
2 1 4107250
2 0 2264160
2 4 3815200
3 4 3353800
3 1 3645850
3 5 3373890
4 0 2088480
4 3 3353800
4 2 3815200
4 11 3765310
5 1 3951660
5 3 3373890
5 7 4248660
5 6 3491090
6 8 2599940
6 7 4060050
6 5 3491090
6 11 3596790
6 16 3601690
7 6 4060050
7 21 3834590
7 5 4248660
8 6 2599940
8 10 2640980
8 15 2760070
9 12 2671630
9 10 2213220
10 15 3503650
10 8 2640980
10 11 3637830
10 9 2213220
11 4 3765310
11 6 3596790
11 10 3637830
12 9 2671630
12 14 3591790
12 13 4441910
12 15 3962060
13 12 4441910
13 15 4102590
13 17 4520930
13 16 4241670
14 17 3670810
14 12 3591790
15 10 3503650
15 13 4102590
15 12 3962060
15 8 2760070
16 23 4491870
16 20 3887220
16 6 3601690
16 13 4241670
17 14 3670810
17 13 4520930
17 19 4000370
17 25 4694740
18 22 3886360
18 25 5890910
18 19 5196540
19 17 4000370
19 18 5196540
19 22 2231140
20 16 3887220
20 25 4401800
20 23 4478190
21 24 2692160
21 23 3967200
21 7 3834590
22 18 3886360
22 19 2231140
23 21 3967200
23 24 3807800
23 16 4491870
23 20 4478190
24 21 2692160
24 23 3807800
25 20 4401800
25 18 5890910
25 17 4694740
