0 4 833450
0 2 1046070
1 2 1688250
1 5 1346300
1 3 1236400
2 1 1688250
2 0 1046070
2 4 1655000
3 4 1203150
3 1 1236400
3 5 1073820
4 0 833450
4 3 1203150
4 2 1655000
4 11 1511700
5 1 1346300
5 3 1073820
5 7 1563200
5 6 1450110
6 8 1349120
6 7 1829590
6 5 1450110
6 11 1648760
6 16 1455060
7 6 1829590
7 21 1641830
7 5 1563200
8 6 1349120
8 10 1271070
8 15 1339540
9 12 1247540
9 10 1028560
10 15 1628870
10 8 1271070
10 11 1570710
10 9 1028560
11 4 1511700
11 6 1648760
11 10 1570710
12 9 1247540
12 14 1763730
12 13 1909990
12 15 1847850
13 12 1909990
13 15 1759480
13 17 2069710
13 16 1507620
14 17 1923450
14 12 1763730
15 10 1628870
15 13 1759480
15 12 1847850
15 8 1339540
16 23 1552430
16 20 1399860
16 6 1455060
16 13 1507620
17 14 1923450
17 13 2069710
17 19 2012490
17 25 2228340
18 22 1534380
18 25 2467900
18 19 2252050
19 17 2012490
19 18 2252050
19 22 989510
20 16 1399860
20 25 1872490
20 23 1758670
21 24 1080250
21 23 1626110
21 7 1641830
22 18 1534380
22 19 989510
23 21 1626110
23 24 1365380
23 16 1552430
23 20 1758670
24 21 1080250
24 23 1365380
25 20 1872490
25 18 2467900
25 17 2228340
