0 4 2494590
0 2 2756030
1 2 4511500
1 5 3806310
1 3 3661890
2 1 4511500
2 0 2756030
2 4 4567240
3 4 3717630
3 1 3661890
3 5 3273880
4 0 2494590
4 3 3717630
4 2 4567240
4 11 4256720
5 1 3806310
5 3 3273880
5 7 4089810
5 6 4045910
6 8 3597840
6 7 4717420
6 5 4045910
6 11 4440580
6 16 3784420
7 6 4717420
7 21 4208190
7 5 4089810
8 6 3597840
8 10 3265120
8 15 3467340
9 12 2330860
9 10 2598810
10 15 4210300
10 8 3265120
10 11 4107860
10 9 2598810
11 4 4256720
11 6 4440580
11 10 4107860
12 9 2330860
12 14 2549760
12 13 3347550
12 15 3942350
13 12 3347550
13 15 3817720
13 17 3204470
13 16 3059120
14 17 2406680
14 12 2549760
15 10 4210300
15 13 3817720
15 12 3942350
15 8 3467340
16 23 3734030
16 20 2786870
16 6 3784420
16 13 3059120
17 14 2406680
17 13 3204470
17 19 2307860
17 25 3552440
18 22 1478010
18 25 3345750
18 19 2101170
19 17 2307860
19 18 2101170
19 22 806540
20 16 2786870
20 25 3298640
20 23 3625580
21 24 3358240
21 23 4113900
21 7 4208190
22 18 1478010
22 19 806540
23 21 4113900
23 24 3817080
23 16 3734030
23 20 3625580
24 21 3358240
24 23 3817080
25 20 3298640
25 18 3345750
25 17 3552440
