0 4 2066910
0 2 2329290
1 2 4173090
1 5 4021250
1 3 3482050
2 1 4173090
2 0 2329290
2 4 3951480
3 4 3260440
3 1 3482050
3 5 3370980
4 0 2066910
4 3 3260440
4 2 3951480
4 11 3746750
5 1 4021250
5 3 3370980
5 7 3685490
5 6 4191690
6 8 3376190
6 7 3967000
6 5 4191690
6 11 4138800
6 16 4082770
7 6 3967000
7 21 2897960
7 5 3685490
8 6 3376190
8 10 2825810
8 15 3324850
9 12 2648120
9 10 2141110
10 15 3871480
10 8 2825810
10 11 3588420
10 9 2141110
11 4 3746750
11 6 4138800
11 10 3588420
12 9 2648120
12 14 3647690
12 13 4259030
12 15 4378490
13 12 4259030
13 15 4251060
13 17 4435160
13 16 3911970
14 17 3823820
14 12 3647690
15 10 3871480
15 13 4251060
15 12 4378490
15 8 3324850
16 23 4340700
16 20 4205120
16 6 4082770
16 13 3911970
17 14 3823820
17 13 4435160
17 19 4068080
17 25 5562950
18 22 2903890
18 25 5834970
18 19 4340100
19 17 4068080
19 18 4340100
19 22 1961230
20 16 4205120
20 25 5552540
20 23 4853480
21 24 2280790
21 23 3662090
21 7 2897960
22 18 2903890
22 19 1961230
23 21 3662090
23 24 3607760
23 16 4340700
23 20 4853480
24 21 2280790
24 23 3607760
25 20 5552540
25 18 5834970
25 17 5562950
