0 4 1327770
0 2 1594140
1 2 2833570
1 5 2708230
1 3 2276270
2 1 2833570
2 0 1594140
2 4 2691230
3 4 2133930
3 1 2276270
3 5 2274960
4 0 1327770
4 3 2133930
4 2 2691230
4 11 2623770
5 1 2708230
5 3 2274960
5 7 3026500
5 6 2828100
6 8 2100310
6 7 3147680
6 5 2828100
6 11 2885980
6 16 2655020
7 6 3147680
7 21 2760130
7 5 3026500
8 6 2100310
8 10 1980930
8 15 2058480
9 12 1926130
9 10 1784270
10 15 2788070
10 8 1980930
10 11 2766600
10 9 1784270
11 4 2623770
11 6 2885980
11 10 2766600
12 9 1926130
12 14 2584920
12 13 2953160
12 15 2929930
13 12 2953160
13 15 2888850
13 17 3382930
13 16 2636420
14 17 3014690
14 12 2584920
15 10 2788070
15 13 2888850
15 12 2929930
15 8 2058480
16 23 2867590
16 20 2260270
16 6 2655020
16 13 2636420
17 14 3014690
17 13 3382930
17 19 3177640
17 25 3505540
18 22 2099240
18 25 3379820
18 19 3051920
19 17 3177640
19 18 3051920
19 22 1548820
20 16 2260270
20 25 2658540
20 23 2767100
21 24 1890030
21 23 2774300
21 7 2760130
22 18 2099240
22 19 1548820
23 21 2774300
23 24 2490150
23 16 2867590
23 20 2767100
24 21 1890030
24 23 2490150
25 20 2658540
25 18 3379820
25 17 3505540
