0 4 2018460
0 2 2874000
1 2 4833000
1 5 3939340
1 3 3660220
2 1 4833000
2 0 2874000
2 4 4550500
3 4 3377720
3 1 3660220
3 5 3339600
4 0 2018460
4 3 3377720
4 2 4550500
4 11 3576990
5 1 3939340
5 3 3339600
5 7 3660900
5 6 3496650
6 8 2393550
6 7 3538830
6 5 3496650
6 11 3416800
6 16 2943270
7 6 3538830
7 21 3086880
7 5 3660900
8 6 2393550
8 10 2319700
8 15 2201390
9 12 2323670
9 10 2157600
10 15 3108570
10 8 2319700
10 11 3342950
10 9 2157600
11 4 3576990
11 6 3416800
11 10 3342950
12 9 2323670
12 14 2567480
12 13 3186700
12 15 3274640
13 12 3186700
13 15 2902320
13 17 2929980
13 16 2663170
14 17 2310760
14 12 2567480
15 10 3108570
15 13 2902320
15 12 3274640
15 8 2201390
16 23 3505610
16 20 2546590
16 6 2943270
16 13 2663170
17 14 2310760
17 13 2929980
17 19 2872290
17 25 3057910
18 22 2682880
18 25 3904610
18 19 3718990
19 17 2872290
19 18 3718990
19 22 1662890
20 16 2546590
20 25 2825730
20 23 3540240
21 24 2517110
21 23 3484970
21 7 3086880
22 18 2682880
22 19 1662890
23 21 3484970
23 24 3531400
23 16 3505610
23 20 3540240
24 21 2517110
24 23 3531400
25 20 2825730
25 18 3904610
25 17 3057910
