0 4 2266630
0 2 2849070
1 2 4856120
1 5 4080310
1 3 3864600
2 1 4856120
2 0 2849070
2 4 4339580
3 4 3348060
3 1 3864600
3 5 3154690
4 0 2266630
4 3 3348060
4 2 4339580
4 11 3955580
5 1 4080310
5 3 3154690
5 7 3785820
5 6 3702390
6 8 3100170
6 7 4117810
6 5 3702390
6 11 4094200
6 16 3606700
7 6 4117810
7 21 3696670
7 5 3785820
8 6 3100170
8 10 2772040
8 15 2903660
9 12 2072250
9 10 2279850
10 15 3509740
10 8 2772040
10 11 3766070
10 9 2279850
11 4 3955580
11 6 4094200
11 10 3766070
12 9 2072250
12 14 2340160
12 13 3093030
12 15 3302140
13 12 3093030
13 15 3432250
13 17 3271040
13 16 3201080
14 17 2518170
14 12 2340160
15 10 3509740
15 13 3432250
15 12 3302140
15 8 2903660
16 23 3567990
16 20 3697040
16 6 3606700
16 13 3201080
17 14 2518170
17 13 3271040
17 19 2905770
17 25 3980770
18 22 2963920
18 25 4789630
18 19 3714630
19 17 2905770
19 18 3714630
19 22 1741890
20 16 3697040
20 25 4428830
20 23 4086010
21 24 3019890
21 23 3574530
21 7 3696670
22 18 2963920
22 19 1741890
23 21 3574530
23 24 3402320
23 16 3567990
23 20 4086010
24 21 3019890
24 23 3402320
25 20 4428830
25 18 4789630
25 17 3980770
