0 4 1966930
0 2 3027370
1 2 4943710
1 5 3657440
1 3 3399520
2 1 4943710
2 0 3027370
2 4 4641300
3 4 3097110
3 1 3399520
3 5 2871280
4 0 1966930
4 3 3097110
4 2 4641300
4 11 3627100
5 1 3657440
5 3 2871280
5 7 3342100
5 6 3312640
6 8 2551960
6 7 3525540
6 5 3312640
6 11 3584710
6 16 3269990
7 6 3525540
7 21 3322520
7 5 3342100
8 6 2551960
8 10 2823620
8 15 2538570
9 12 2406380
9 10 2771620
10 15 3754350
10 8 2823620
10 11 3856370
10 9 2771620
11 4 3627100
11 6 3584710
11 10 3856370
12 9 2406380
12 14 2824120
12 13 3302790
12 15 3389110
13 12 3302790
13 15 3382980
13 17 3807490
13 16 3170280
14 17 3328820
14 12 2824120
15 10 3754350
15 13 3382980
15 12 3389110
15 8 2538570
16 23 4154000
16 20 3092790
16 6 3269990
16 13 3170280
17 14 3328820
17 13 3807490
17 19 3701400
17 25 3930850
18 22 2730700
18 25 4402670
18 19 4173220
19 17 3701400
19 18 4173220
19 22 1641960
20 16 3092790
20 25 3342530
20 23 4202890
21 24 3174660
21 23 4177070
21 7 3322520
22 18 2730700
22 19 1641960
23 21 4177070
23 24 4261690
23 16 4154000
23 20 4202890
24 21 3174660
24 23 4261690
25 20 3342530
25 18 4402670
25 17 3930850
