0 4 1815170
0 2 1823500
1 2 3421630
1 5 3114880
1 3 2934700
2 1 3421630
2 0 1823500
2 4 3318190
3 4 2831260
3 1 2934700
3 5 2532840
4 0 1815170
4 3 2831260
4 2 3318190
4 11 3258500
5 1 3114880
5 3 2532840
5 7 2962590
5 6 2836960
6 8 2300810
6 7 3086530
6 5 2836960
6 11 3084020
6 16 2603960
7 6 3086530
7 21 2546980
7 5 2962590
8 6 2300810
8 10 2070010
8 15 2210340
9 12 1915450
9 10 1745350
10 15 2639630
10 8 2070010
10 11 2853220
10 9 1745350
11 4 3258500
11 6 3084020
11 10 2853220
12 9 1915450
12 14 2116380
12 13 2779960
12 15 2809730
13 12 2779960
13 15 2750190
13 17 2778910
13 16 2483720
14 17 2115330
14 12 2116380
15 10 2639630
15 13 2750190
15 12 2809730
15 8 2210340
16 23 3199710
16 20 2506070
16 6 2603960
16 13 2483720
17 14 2115330
17 13 2778910
17 19 2387150
17 25 3125860
18 22 1946840
18 25 3474900
18 19 2736190
19 17 2387150
19 18 2736190
19 22 1147550
20 16 2506070
20 25 3089720
20 23 3458760
21 24 2184190
21 23 3017100
21 7 2546980
22 18 1946840
22 19 1147550
23 21 3017100
23 24 3319490
23 16 3199710
23 20 3458760
24 21 2184190
24 23 3319490
25 20 3089720
25 18 3474900
25 17 3125860
