0 4 422870
0 2 509280
1 2 988870
1 5 882720
1 3 861600
2 1 988870
2 0 509280
2 4 865650
3 4 738380
3 1 861600
3 5 718640
4 0 422870
4 3 738380
4 2 865650
4 11 795030
5 1 882720
5 3 718640
5 7 745950
5 6 758970
6 8 568230
6 7 765160
6 5 758970
6 11 794500
6 16 687360
7 6 765160
7 21 642120
7 5 745950
8 6 568230
8 10 594940
8 15 568540
9 12 581740
9 10 586880
10 15 805200
10 8 594940
10 11 821210
10 9 586880
11 4 795030
11 6 794500
11 10 821210
12 9 581740
12 14 646640
12 13 766870
12 15 800060
13 12 766870
13 15 745610
13 17 874900
13 16 654480
14 17 754670
14 12 646640
15 10 805200
15 13 745610
15 12 800060
15 8 568540
16 23 741330
16 20 764730
16 6 687360
16 13 654480
17 14 754670
17 13 874900
17 19 939380
17 25 1011520
18 22 754020
18 25 1214690
18 19 1142550
19 17 939380
19 18 1142550
19 22 452850
20 16 764730
20 25 959290
20 23 909520
21 24 487530
21 23 709110
21 7 642120
22 18 754020
22 19 452850
23 21 709110
23 24 664540
23 16 741330
23 20 909520
24 21 487530
24 23 664540
25 20 959290
25 18 1214690
25 17 1011520
