0 4 1362020
0 2 1376390
1 2 2799410
1 5 2851010
1 3 2476010
2 1 2799410
2 0 1376390
2 4 2728410
3 4 2405010
3 1 2476010
3 5 2470980
4 0 1362020
4 3 2405010
4 2 2728410
4 11 2791500
5 1 2851010
5 3 2470980
5 7 2730980
5 6 2706980
6 8 1935800
6 7 2591980
6 5 2706980
6 11 2718470
6 16 2497250
7 6 2591980
7 21 2298500
7 5 2730980
8 6 1935800
8 10 2099940
8 15 2146160
9 12 2128740
9 10 1955670
10 15 2942480
10 8 2099940
10 11 2882610
10 9 1955670
11 4 2791500
11 6 2718470
11 10 2882610
12 9 2128740
12 14 2732850
12 13 2985540
12 15 3115550
13 12 2985540
13 15 2858690
13 17 3191370
13 16 2577600
14 17 2938680
14 12 2732850
15 10 2942480
15 13 2858690
15 12 3115550
15 8 2146160
16 23 2881930
16 20 2612100
16 6 2497250
16 13 2577600
17 14 2938680
17 13 3191370
17 19 3052810
17 25 3907080
18 22 2380400
18 25 4352770
18 19 3498500
19 17 3052810
19 18 3498500
19 22 1333460
20 16 2612100
20 25 3478890
20 23 3067510
21 24 1897190
21 23 2659180
21 7 2298500
22 18 2380400
22 19 1333460
23 21 2659180
23 24 2575350
23 16 2881930
23 20 3067510
24 21 1897190
24 23 2575350
25 20 3478890
25 18 4352770
25 17 3907080
