0 4 1677110
0 2 1652260
1 2 2988620
1 5 3020790
1 3 2571730
2 1 2988620
2 0 1652260
2 4 3005330
3 4 2588440
3 1 2571730
3 5 2595760
4 0 1677110
4 3 2588440
4 2 3005330
4 11 3131970
5 1 3020790
5 3 2595760
5 7 3298780
5 6 2754970
6 8 1533520
6 7 3008930
6 5 2754970
6 11 2849440
6 16 2340510
7 6 3008930
7 21 2778670
7 5 3298780
8 6 1533520
8 10 1542330
8 15 1431030
9 12 1531000
9 10 1585490
10 15 2371440
10 8 1542330
10 11 2858250
10 9 1585490
11 4 3131970
11 6 2849440
11 10 2858250
12 9 1531000
12 14 2234380
12 13 2461840
12 15 2316950
13 12 2461840
13 15 2405030
13 17 2935170
13 16 2382910
14 17 2707710
14 12 2234380
15 10 2371440
15 13 2405030
15 12 2316950
15 8 1431030
16 23 2456430
16 20 2118030
16 6 2340510
16 13 2382910
17 14 2707710
17 13 2935170
17 19 2634290
17 25 3191450
18 22 2405520
18 25 3775030
18 19 3217870
19 17 2634290
19 18 3217870
19 22 1135810
20 16 2118030
20 25 2541320
20 23 2358560
21 24 1838860
21 23 2350780
21 7 2778670
22 18 2405520
22 19 1135810
23 21 2350780
23 24 2185040
23 16 2456430
23 20 2358560
24 21 1838860
24 23 2185040
25 20 2541320
25 18 3775030
25 17 3191450
