0 4 1426780
0 2 1306380
1 2 2268190
1 5 2277310
1 3 2066460
2 1 2268190
2 0 1306380
2 4 2206760
3 4 2005030
3 1 2066460
3 5 1893750
4 0 1426780
4 3 2005030
4 2 2206760
4 11 2513760
5 1 2277310
5 3 1893750
5 7 2350590
5 6 2323340
6 8 1882530
6 7 2569330
6 5 2323340
6 11 2621220
6 16 2523780
7 6 2569330
7 21 2405300
7 5 2350590
8 6 1882530
8 10 1751400
8 15 1799260
9 12 1755290
9 10 1636000
10 15 2327680
10 8 1751400
10 11 2490090
10 9 1636000
11 4 2513760
11 6 2621220
11 10 2490090
12 9 1755290
12 14 2050930
12 13 2408470
12 15 2446970
13 12 2408470
13 15 2337040
13 17 2404420
13 16 2402010
14 17 2046880
14 12 2050930
15 10 2327680
15 13 2337040
15 12 2446970
15 8 1799260
16 23 2751930
16 20 2117590
16 6 2523780
16 13 2402010
17 14 2046880
17 13 2404420
17 19 2022360
17 25 2427020
18 22 1274970
18 25 2329810
18 19 1925150
19 17 2022360
19 18 1925150
19 22 884240
20 16 2117590
20 25 2036720
20 23 2364040
21 24 2136440
21 23 2606200
21 7 2405300
22 18 1274970
22 19 884240
23 21 2606200
23 24 2528620
23 16 2751930
23 20 2364040
24 21 2136440
24 23 2528620
25 20 2036720
25 18 2329810
25 17 2427020
