0 4 1637300
0 2 1919220
1 2 3182130
1 5 2724210
1 3 2382770
2 1 3182130
2 0 1919220
2 4 3136840
3 4 2337480
3 1 2382770
3 5 2161480
4 0 1637300
4 3 2337480
4 2 3136840
4 11 2935800
5 1 2724210
5 3 2161480
5 7 2674170
5 6 2528070
6 8 1990960
6 7 2699320
6 5 2528070
6 11 2784950
6 16 2313450
7 6 2699320
7 21 2323770
7 5 2674170
8 6 1990960
8 10 2023080
8 15 2068480
9 12 2130000
9 10 1706770
10 15 2662860
10 8 2023080
10 11 2817070
10 9 1706770
11 4 2935800
11 6 2784950
11 10 2817070
12 9 2130000
12 14 2950510
12 13 3299210
12 15 3086090
13 12 3299210
13 15 2921380
13 17 4003080
13 16 2604090
14 17 3654380
14 12 2950510
15 10 2662860
15 13 2921380
15 12 3086090
15 8 2068480
16 23 2975110
16 20 2588890
16 6 2313450
16 13 2604090
17 14 3654380
17 13 4003080
17 19 4070790
17 25 4990710
18 22 2703150
18 25 5094760
18 19 4174840
19 17 4070790
19 18 4174840
19 22 1798230
20 16 2588890
20 25 4106930
20 23 3490320
21 24 1543290
21 23 2839330
21 7 2323770
22 18 2703150
22 19 1798230
23 21 2839330
23 24 2580500
23 16 2975110
23 20 3490320
24 21 1543290
24 23 2580500
25 20 4106930
25 18 5094760
25 17 4990710
