0 4 529320
0 2 662330
1 2 966670
1 5 745570
1 3 632250
2 1 966670
2 0 662330
2 4 1061290
3 4 726870
3 1 632250
3 5 638780
4 0 529320
4 3 726870
4 2 1061290
4 11 967530
5 1 745570
5 3 638780
5 7 833740
5 6 798310
6 8 708120
6 7 879950
6 5 798310
6 11 925650
6 16 894850
7 6 879950
7 21 868230
7 5 833740
8 6 708120
8 10 767960
8 15 768500
9 12 647990
9 10 626650
10 15 964740
10 8 767960
10 11 985490
10 9 626650
11 4 967530
11 6 925650
11 10 985490
12 9 647990
12 14 771780
12 13 1063710
12 15 986080
13 12 1063710
13 15 1042910
13 17 1053850
13 16 1032860
14 17 761920
14 12 771780
15 10 964740
15 13 1042910
15 12 986080
15 8 768500
16 23 1343430
16 20 1023120
16 6 894850
16 13 1032860
17 14 761920
17 13 1053850
17 19 921580
17 25 1195360
18 22 748900
18 25 1430540
18 19 1156760
19 17 921580
19 18 1156760
19 22 448140
20 16 1023120
20 25 1252310
20 23 1421370
21 24 659670
21 23 1281380
21 7 868230
22 18 748900
22 19 448140
23 21 1281380
23 24 1119970
23 16 1343430
23 20 1421370
24 21 659670
24 23 1119970
25 20 1252310
25 18 1430540
25 17 1195360
