0 4 395330
0 2 494950
1 2 796400
1 5 693870
1 3 559790
2 1 796400
2 0 494950
2 4 845320
3 4 608710
3 1 559790
3 5 605800
4 0 395330
4 3 608710
4 2 845320
4 11 732590
5 1 693870
5 3 605800
5 7 724640
5 6 655180
6 8 410430
6 7 639940
6 5 655180
6 11 644980
6 16 456020
7 6 639940
7 21 618710
7 5 724640
8 6 410430
8 10 459760
8 15 425180
9 12 449650
9 10 476660
10 15 634560
10 8 459760
10 11 694310
10 9 476660
11 4 732590
11 6 644980
11 10 694310
12 9 449650
12 14 517370
12 13 591390
12 15 607550
13 12 591390
13 15 583820
13 17 712390
13 16 454610
14 17 638370
14 12 517370
15 10 634560
15 13 583820
15 12 607550
15 8 425180
16 23 541300
16 20 537830
16 6 456020
16 13 454610
17 14 638370
17 13 712390
17 19 674850
17 25 966830
18 22 501800
18 25 1009180
18 19 717200
19 17 674850
19 18 717200
19 22 277180
20 16 537830
20 25 905320
20 23 737570
21 24 502080
21 23 634530
21 7 618710
22 18 501800
22 19 277180
23 21 634530
23 24 608590
23 16 541300
23 20 737570
24 21 502080
24 23 608590
25 20 905320
25 18 1009180
25 17 966830
