0 4 967180
0 2 948520
1 2 1822010
1 5 1857840
1 3 1695080
2 1 1822010
2 0 948520
2 4 1696740
3 4 1569810
3 1 1695080
3 5 1586980
4 0 967180
4 3 1569810
4 2 1696740
4 11 1742090
5 1 1857840
5 3 1586980
5 7 1932750
5 6 1823240
6 8 1438000
6 7 2006250
6 5 1823240
6 11 1832760
6 16 1744680
7 6 2006250
7 21 1938790
7 5 1932750
8 6 1438000
8 10 1386880
8 15 1362240
9 12 1122070
9 10 1148690
10 15 1769860
10 8 1386880
10 11 1781640
10 9 1148690
11 4 1742090
11 6 1832760
11 10 1781640
12 9 1122070
12 14 1447480
12 13 1716870
12 15 1743240
13 12 1716870
13 15 1718850
13 17 1800550
13 16 1642550
14 17 1531160
14 12 1447480
15 10 1769860
15 13 1718850
15 12 1743240
15 8 1362240
16 23 1951600
16 20 1507340
16 6 1744680
16 13 1642550
17 14 1531160
17 13 1800550
17 19 1550130
17 25 1828650
18 22 1043610
18 25 1758650
18 19 1480130
19 17 1550130
19 18 1480130
19 22 755120
20 16 1507340
20 25 1585370
20 23 1866320
21 24 1662070
21 23 2036200
21 7 1938790
22 18 1043610
22 19 755120
23 21 2036200
23 24 1936450
23 16 1951600
23 20 1866320
24 21 1662070
24 23 1936450
25 20 1585370
25 18 1758650
25 17 1828650
