0 4 1059740
0 2 1712810
1 2 2773630
1 5 2287180
1 3 1779660
2 1 2773630
2 0 1712810
2 4 2762470
3 4 1768500
3 1 1779660
3 5 1935120
4 0 1059740
4 3 1768500
4 2 2762470
4 11 2213620
5 1 2287180
5 3 1935120
5 7 2642000
5 6 2333390
6 8 1801030
6 7 2532750
6 5 2333390
6 11 2270990
6 16 1896500
7 6 2532750
7 21 2454750
7 5 2642000
8 6 1801030
8 10 1779040
8 15 1749950
9 12 1224780
9 10 1442380
10 15 2151070
10 8 1779040
10 11 2249000
10 9 1442380
11 4 2213620
11 6 2270990
11 10 2249000
12 9 1224780
12 14 1447050
12 13 1700290
12 15 1933470
13 12 1700290
13 15 1888800
13 17 1933940
13 16 1612240
14 17 1680700
14 12 1447050
15 10 2151070
15 13 1888800
15 12 1933470
15 8 1749950
16 23 1850720
16 20 1749640
16 6 1896500
16 13 1612240
17 14 1680700
17 13 1933940
17 19 1883210
17 25 2269920
18 22 1652030
18 25 2527540
18 19 2140830
19 17 1883210
19 18 2140830
19 22 1065360
20 16 1749640
20 25 2129000
20 23 2031500
21 24 1828030
21 23 2100360
21 7 2454750
22 18 1652030
22 19 1065360
23 21 2100360
23 24 1860250
23 16 1850720
23 20 2031500
24 21 1828030
24 23 1860250
25 20 2129000
25 18 2527540
25 17 2269920
