0 4 1784270
0 2 1676130
1 2 3672970
1 5 3723250
1 3 3503640
2 1 3672970
2 0 1676130
2 4 3242280
3 4 3072950
3 1 3503640
3 5 3015090
4 0 1784270
4 3 3072950
4 2 3242280
4 11 3383670
5 1 3723250
5 3 3015090
5 7 3938770
5 6 3706160
6 8 2819270
6 7 4410230
6 5 3706160
6 11 3797270
6 16 3538070
7 6 4410230
7 21 3673780
7 5 3938770
8 6 2819270
8 10 2255250
8 15 2414090
9 12 1973820
9 10 2130480
10 15 3208420
10 8 2255250
10 11 3233250
10 9 2130480
11 4 3383670
11 6 3797270
11 10 3233250
12 9 1973820
12 14 2207150
12 13 2812040
12 15 3051760
13 12 2812040
13 15 3127540
13 17 3078420
13 16 2893170
14 17 2473530
14 12 2207150
15 10 3208420
15 13 3127540
15 12 3051760
15 8 2414090
16 23 3700200
16 20 3332590
16 6 3538070
16 13 2893170
17 14 2473530
17 13 3078420
17 19 3031130
17 25 3571590
18 22 2049500
18 25 3826250
18 19 3285790
19 17 3031130
19 18 3285790
19 22 1556950
20 16 3332590
20 25 3820410
20 23 4134270
21 24 2621410
21 23 3603300
21 7 3673780
22 18 2049500
22 19 1556950
23 21 3603300
23 24 3519990
23 16 3700200
23 20 4134270
24 21 2621410
24 23 3519990
25 20 3820410
25 18 3826250
25 17 3571590
