0 4 613630
0 2 694340
1 2 1222850
1 5 1091980
1 3 1001950
2 1 1222850
2 0 694340
2 4 1169770
3 4 948870
3 1 1001950
3 5 898710
4 0 613630
4 3 948870
4 2 1169770
4 11 1126060
5 1 1091980
5 3 898710
5 7 1090600
5 6 1089440
6 8 833450
6 7 1191300
6 5 1089440
6 11 1176600
6 16 934110
7 6 1191300
7 21 955010
7 5 1090600
8 6 833450
8 10 702630
8 15 799530
9 12 743920
9 10 644220
10 15 1025400
10 8 702630
10 11 1045780
10 9 644220
11 4 1126060
11 6 1176600
11 10 1045780
12 9 743920
12 14 896450
12 13 980750
12 15 1125100
13 12 980750
13 15 977950
13 17 1032400
13 16 755840
14 17 948100
14 12 896450
15 10 1025400
15 13 977950
15 12 1125100
15 8 799530
16 23 888280
16 20 750370
16 6 934110
16 13 755840
17 14 948100
17 13 1032400
17 19 948460
17 25 1332340
18 22 626930
18 25 1279150
18 19 895270
19 17 948460
19 18 895270
19 22 397380
20 16 750370
20 25 1128070
20 23 960570
21 24 695230
21 23 908020
21 7 955010
22 18 626930
22 19 397380
23 21 908020
23 24 885690
23 16 888280
23 20 960570
24 21 695230
24 23 885690
25 20 1128070
25 18 1279150
25 17 1332340
