0 4 350530
0 2 379360
1 2 646370
1 5 545390
1 3 495870
2 1 646370
2 0 379360
2 4 677730
3 4 527230
3 1 495870
3 5 455080
4 0 350530
4 3 527230
4 2 677730
4 11 677340
5 1 545390
5 3 455080
5 7 690870
5 6 599080
6 8 522620
6 7 785350
6 5 599080
6 11 699670
6 16 631370
7 6 785350
7 21 722220
7 5 690870
8 6 522620
8 10 517580
8 15 580330
9 12 515170
9 10 486050
10 15 746230
10 8 517580
10 11 694630
10 9 486050
11 4 677340
11 6 699670
11 10 694630
12 9 515170
12 14 618060
12 13 712090
12 15 775350
13 12 712090
13 15 745720
13 17 802480
13 16 625820
14 17 708450
14 12 618060
15 10 746230
15 13 745720
15 12 775350
15 8 580330
16 23 659290
16 20 654430
16 6 631370
16 13 625820
17 14 708450
17 13 802480
17 19 700920
17 25 983460
18 22 509260
18 25 979310
18 19 696770
19 17 700920
19 18 696770
19 22 291830
20 16 654430
20 25 892050
20 23 744540
21 24 475200
21 23 658350
21 7 722220
22 18 509260
22 19 291830
23 21 658350
23 24 566250
23 16 659290
23 20 744540
24 21 475200
24 23 566250
25 20 892050
25 18 979310
25 17 983460
