0 4 514630
0 2 817030
1 2 1221250
1 5 886840
1 3 765810
2 1 1221250
2 0 817030
2 4 1149280
3 4 693840
3 1 765810
3 5 661830
4 0 514630
4 3 693840
4 2 1149280
4 11 923980
5 1 886840
5 3 661830
5 7 1428010
5 6 1286550
6 8 1485050
6 7 1931700
6 5 1286550
6 11 1395660
6 16 1369930
7 6 1931700
7 21 1706550
7 5 1428010
8 6 1485050
8 10 1095480
8 15 1440200
9 12 1128400
9 10 749440
10 15 1355820
10 8 1095480
10 11 1006090
10 9 749440
11 4 923980
11 6 1395660
11 10 1006090
12 9 1128400
12 14 1186050
12 13 1588090
12 15 1734780
13 12 1588090
13 15 1553850
13 17 1465980
13 16 1178390
14 17 1063940
14 12 1186050
15 10 1355820
15 13 1553850
15 12 1734780
15 8 1440200
16 23 1569300
16 20 1316350
16 6 1369930
16 13 1178390
17 14 1063940
17 13 1465980
17 19 1296040
17 25 1697840
18 22 1038130
18 25 1919350
18 19 1517550
19 17 1296040
19 18 1517550
19 22 587860
20 16 1316350
20 25 1776980
20 23 1936030
21 24 1202540
21 23 1764460
21 7 1706550
22 18 1038130
22 19 587860
23 21 1764460
23 24 1627060
23 16 1569300
23 20 1936030
24 21 1202540
24 23 1627060
25 20 1776980
25 18 1919350
25 17 1697840
