0 4 1132730
0 2 1299390
1 2 1948890
1 5 1714490
1 3 1478720
2 1 1948890
2 0 1299390
2 4 2008320
3 4 1538150
3 1 1478720
3 5 1470410
4 0 1132730
4 3 1538150
4 2 2008320
4 11 1896380
5 1 1714490
5 3 1470410
5 7 1850990
5 6 1803030
6 8 1209400
6 7 1947840
6 5 1803030
6 11 1925490
6 16 1867440
7 6 1947840
7 21 2003640
7 5 1850990
8 6 1209400
8 10 1018940
8 15 1085880
9 12 1261850
9 10 1066380
10 15 1585900
10 8 1018940
10 11 1735030
10 9 1066380
11 4 1896380
11 6 1925490
11 10 1735030
12 9 1261850
12 14 1713290
12 13 1897310
12 15 1781370
13 12 1897310
13 15 1768780
13 17 2310340
13 16 1859860
14 17 2126320
14 12 1713290
15 10 1585900
15 13 1768780
15 12 1781370
15 8 1085880
16 23 2245400
16 20 1547170
16 6 1867440
16 13 1859860
17 14 2126320
17 13 2310340
17 19 2295890
17 25 2400550
18 22 1800180
18 25 2528620
18 19 2423960
19 17 2295890
19 18 2423960
19 22 1232040
20 16 1547170
20 25 1662240
20 23 1957570
21 24 1568650
21 23 2333640
21 7 2003640
22 18 1800180
22 19 1232040
23 21 2333640
23 24 1890810
23 16 2245400
23 20 1957570
24 21 1568650
24 23 1890810
25 20 1662240
25 18 2528620
25 17 2400550
