0 4 1500820
0 2 1972860
1 2 3327860
1 5 2836750
1 3 2448010
2 1 3327860
2 0 1972860
2 4 3274980
3 4 2395130
3 1 2448010
3 5 2376060
4 0 1500820
4 3 2395130
4 2 3274980
4 11 2837490
5 1 2836750
5 3 2376060
5 7 2778090
5 6 2673030
6 8 1836520
6 7 2686320
6 5 2673030
6 11 2726650
6 16 2219460
7 6 2686320
7 21 2344480
7 5 2778090
8 6 1836520
8 10 1739570
8 15 1819020
9 12 1861340
9 10 1708140
10 15 2466810
10 8 1739570
10 11 2629700
10 9 1708140
11 4 2837490
11 6 2726650
11 10 2629700
12 9 1861340
12 14 2034600
12 13 2512880
12 15 2620010
13 12 2512880
13 15 2439130
13 17 2579290
13 16 2094830
14 17 2101010
14 12 2034600
15 10 2466810
15 13 2439130
15 12 2620010
15 8 1819020
16 23 2169080
16 20 2108010
16 6 2219460
16 13 2094830
17 14 2101010
17 13 2579290
17 19 2611230
17 25 2878390
18 22 2109660
18 25 3343800
18 19 3076640
19 17 2611230
19 18 3076640
19 22 1428900
20 16 2108010
20 25 2644280
20 23 2419430
21 24 1870400
21 23 2189040
21 7 2344480
22 18 2109660
22 19 1428900
23 21 2189040
23 24 2161860
23 16 2169080
23 20 2419430
24 21 1870400
24 23 2161860
25 20 2644280
25 18 3343800
25 17 2878390
