0 4 411560
0 2 314080
1 2 667910
1 5 661260
1 3 652110
2 1 667910
2 0 314080
2 4 656620
3 4 640820
3 1 652110
3 5 536690
4 0 411560
4 3 640820
4 2 656620
4 11 755940
5 1 661260
5 3 536690
5 7 589180
5 6 647380
6 8 568920
6 7 690720
6 5 647380
6 11 753350
6 16 661490
7 6 690720
7 21 554950
7 5 589180
8 6 568920
8 10 558040
8 15 597640
9 12 517770
9 10 502140
10 15 766760
10 8 558040
10 11 742470
10 9 502140
11 4 755940
11 6 753350
11 10 742470
12 9 517770
12 14 563020
12 13 784500
12 15 782390
13 12 784500
13 15 808470
13 17 799870
13 16 692320
14 17 578390
14 12 563020
15 10 766760
15 13 808470
15 12 782390
15 8 597640
16 23 882750
16 20 681780
16 6 661490
16 13 692320
17 14 578390
17 13 799870
17 19 675970
17 25 832050
18 22 498060
18 25 908980
18 19 752900
19 17 675970
19 18 752900
19 22 307940
20 16 681780
20 25 832220
20 23 990470
21 24 564300
21 23 834410
21 7 554950
22 18 498060
22 19 307940
23 21 834410
23 24 921330
23 16 882750
23 20 990470
24 21 564300
24 23 921330
25 20 832220
25 18 908980
25 17 832050
