0 4 960120
0 2 863070
1 2 1730130
1 5 1770900
1 3 1516770
2 1 1730130
2 0 863070
2 4 1630550
3 4 1417190
3 1 1516770
3 5 1360910
4 0 960120
4 3 1417190
4 2 1630550
4 11 1700980
5 1 1770900
5 3 1360910
5 7 1497830
5 6 1650190
6 8 1198190
6 7 1532980
6 5 1650190
6 11 1679850
6 16 1879360
7 6 1532980
7 21 1349180
7 5 1497830
8 6 1198190
8 10 1156630
8 15 1216830
9 12 1364060
9 10 1053300
10 15 1662420
10 8 1156630
10 11 1638290
10 9 1053300
11 4 1700980
11 6 1679850
11 10 1638290
12 9 1364060
12 14 1484780
12 13 2089860
12 15 1973180
13 12 2089860
13 15 1839300
13 17 1858200
13 16 2014680
14 17 1253120
14 12 1484780
15 10 1662420
15 13 1839300
15 12 1973180
15 8 1216830
16 23 2086410
16 20 1874450
16 6 1879360
16 13 2014680
17 14 1253120
17 13 1858200
17 19 1569440
17 25 1798790
18 22 1226540
18 25 2079490
18 19 1850140
19 17 1569440
19 18 1850140
19 22 754860
20 16 1874450
20 25 1756340
20 23 1887480
21 24 1189160
21 23 1708590
21 7 1349180
22 18 1226540
22 19 754860
23 21 1708590
23 24 1580010
23 16 2086410
23 20 1887480
24 21 1189160
24 23 1580010
25 20 1756340
25 18 2079490
25 17 1798790
