0 4 1121240
0 2 1128880
1 2 2193380
1 5 2238120
1 3 2010040
2 1 2193380
2 0 1128880
2 4 2043880
3 4 1860540
3 1 2010040
3 5 1912920
4 0 1121240
4 3 1860540
4 2 2043880
4 11 2187230
5 1 2238120
5 3 1912920
5 7 2119530
5 6 2281980
6 8 1809030
6 7 2260510
6 5 2281980
6 11 2380590
6 16 2210830
7 6 2260510
7 21 1857150
7 5 2119530
8 6 1809030
8 10 1787520
8 15 1608820
9 12 1430160
9 10 1592320
10 15 2201240
10 8 1787520
10 11 2359080
10 9 1592320
11 4 2187230
11 6 2380590
11 10 2359080
12 9 1430160
12 14 1735580
12 13 1880700
12 15 2039080
13 12 1880700
13 15 1864160
13 17 2034670
13 16 1852240
14 17 1889550
14 12 1735580
15 10 2201240
15 13 1864160
15 12 2039080
15 8 1608820
16 23 2395100
16 20 2186280
16 6 2210830
16 13 1852240
17 14 1889550
17 13 2034670
17 19 1832420
17 25 2865580
18 22 1567220
18 25 3179680
18 19 2146520
19 17 1832420
19 18 2146520
19 22 721980
20 16 2186280
20 25 2870730
20 23 2582680
21 24 1653570
21 23 2203870
21 7 1857150
22 18 1567220
22 19 721980
23 21 2203870
23 24 2241200
23 16 2395100
23 20 2582680
24 21 1653570
24 23 2241200
25 20 2870730
25 18 3179680
25 17 2865580
