0 4 894590
0 2 960010
1 2 1959270
1 5 1913980
1 3 1739560
2 1 1959270
2 0 960010
2 4 1732620
3 4 1512910
3 1 1739560
3 5 1533040
4 0 894590
4 3 1512910
4 2 1732620
4 11 1714120
5 1 1913980
5 3 1533040
5 7 1811760
5 6 1736420
6 8 1392540
6 7 1840720
6 5 1736420
6 11 1763210
6 16 1558220
7 6 1840720
7 21 1432170
7 5 1811760
8 6 1392540
8 10 1262860
8 15 1581320
9 12 1259500
9 10 1005220
10 15 1824480
10 8 1262860
10 11 1633530
10 9 1005220
11 4 1714120
11 6 1763210
11 10 1633530
12 9 1259500
12 14 1499190
12 13 1877940
12 15 2078760
13 12 1877940
13 15 1942120
13 17 1870690
13 16 1546180
14 17 1491940
14 12 1499190
15 10 1824480
15 13 1942120
15 12 2078760
15 8 1581320
16 23 1601840
16 20 1223930
16 6 1558220
16 13 1546180
17 14 1491940
17 13 1870690
17 19 1653460
17 25 2013240
18 22 1187740
18 25 2096870
18 19 1737090
19 17 1653460
19 18 1737090
19 22 757490
20 16 1223930
20 25 1561600
20 23 1474710
21 24 1079690
21 23 1400450
21 7 1432170
22 18 1187740
22 19 757490
23 21 1400450
23 24 1531860
23 16 1601840
23 20 1474710
24 21 1079690
24 23 1531860
25 20 1561600
25 18 2096870
25 17 2013240
