0 4 1549530
0 2 1456720
1 2 3030350
1 5 2809560
1 3 2727660
2 1 3030350
2 0 1456720
2 4 2815870
3 4 2513180
3 1 2727660
3 5 2199580
4 0 1549530
4 3 2513180
4 2 2815870
4 11 2914100
5 1 2809560
5 3 2199580
5 7 2644640
5 6 2549100
6 8 2224390
6 7 2912260
6 5 2549100
6 11 2868120
6 16 2645820
7 6 2912260
7 21 2582000
7 5 2644640
8 6 2224390
8 10 2088060
8 15 2404770
9 12 2065570
9 10 1699200
10 15 2860770
10 8 2088060
10 11 2731790
10 9 1699200
11 4 2914100
11 6 2868120
11 10 2731790
12 9 2065570
12 14 2205010
12 13 3202300
12 15 3227140
13 12 3202300
13 15 3152640
13 17 2945790
13 16 2801360
14 17 1948500
14 12 2205010
15 10 2860770
15 13 3152640
15 12 3227140
15 8 2404770
16 23 2811870
16 20 2396000
16 6 2645820
16 13 2801360
17 14 1948500
17 13 2945790
17 19 2167730
17 25 3121450
18 22 1819690
18 25 3359140
18 19 2405420
19 17 2167730
19 18 2405420
19 22 985950
20 16 2396000
20 25 2898100
20 23 2732950
21 24 2112130
21 23 2652510
21 7 2582000
22 18 1819690
22 19 985950
23 21 2652510
23 24 2608440
23 16 2811870
23 20 2732950
24 21 2112130
24 23 2608440
25 20 2898100
25 18 3359140
25 17 3121450
