0 4 674650
0 2 870000
1 2 1257720
1 5 982060
1 3 819780
2 1 1257720
2 0 870000
2 4 1372130
3 4 934190
3 1 819780
3 5 853880
4 0 674650
4 3 934190
4 2 1372130
4 11 1170730
5 1 982060
5 3 853880
5 7 1149450
5 6 1026700
6 8 751520
6 7 1159990
6 5 1026700
6 11 1100960
6 16 1071110
7 6 1159990
7 21 1035340
7 5 1149450
8 6 751520
8 10 848920
8 15 839630
9 12 752920
9 10 828760
10 15 1222750
10 8 848920
10 11 1198360
10 9 828760
11 4 1170730
11 6 1100960
11 10 1198360
12 9 752920
12 14 942920
12 13 1137630
12 15 1146910
13 12 1137630
13 15 1204180
13 17 1247680
13 16 1149940
14 17 1052970
14 12 942920
15 10 1222750
15 13 1204180
15 12 1146910
15 8 839630
16 23 1291170
16 20 876400
16 6 1071110
16 13 1149940
17 14 1052970
17 13 1247680
17 19 1043920
17 25 1134410
18 22 606180
18 25 1052320
18 19 961830
19 17 1043920
19 18 961830
19 22 431730
20 16 876400
20 25 808090
20 23 1062590
21 24 733970
21 23 1132650
21 7 1035340
22 18 606180
22 19 431730
23 21 1132650
23 24 1078680
23 16 1291170
23 20 1062590
24 21 733970
24 23 1078680
25 20 808090
25 18 1052320
25 17 1134410
