0 4 747580
0 2 928650
1 2 1420540
1 5 1163220
1 3 1052420
2 1 1420540
2 0 928650
2 4 1459750
3 4 1091630
3 1 1052420
3 5 1015380
4 0 747580
4 3 1091630
4 2 1459750
4 11 1333710
5 1 1163220
5 3 1015380
5 7 1465210
5 6 1366580
6 8 1301320
6 7 1705610
6 5 1366580
6 11 1497860
6 16 1262460
7 6 1705610
7 21 1473310
7 5 1465210
8 6 1301320
8 10 1100280
8 15 1320940
9 12 996150
9 10 816220
10 15 1425560
10 8 1100280
10 11 1296820
10 9 816220
11 4 1333710
11 6 1497860
11 10 1296820
12 9 996150
12 14 1134000
12 13 1408260
12 15 1605490
13 12 1408260
13 15 1448990
13 17 1318780
13 16 1084850
14 17 1044520
14 12 1134000
15 10 1425560
15 13 1448990
15 12 1605490
15 8 1320940
16 23 1244150
16 20 1124400
16 6 1262460
16 13 1084850
17 14 1044520
17 13 1318780
17 19 1108710
17 25 1677290
18 22 917240
18 25 1819320
18 19 1250740
19 17 1108710
19 18 1250740
19 22 498120
20 16 1124400
20 25 1649820
20 23 1450610
21 24 935700
21 23 1356370
21 7 1473310
22 18 917240
22 19 498120
23 21 1356370
23 24 1149690
23 16 1244150
23 20 1450610
24 21 935700
24 23 1149690
25 20 1649820
25 18 1819320
25 17 1677290
