0 4 1596180
0 2 1676690
1 2 3074180
1 5 2845600
1 3 2740390
2 1 3074180
2 0 1676690
2 4 2684750
3 4 2350960
3 1 2740390
3 5 2202890
4 0 1596180
4 3 2350960
4 2 2684750
4 11 2557450
5 1 2845600
5 3 2202890
5 7 3031920
5 6 2713430
6 8 2452250
6 7 3437250
6 5 2713430
6 11 2814710
6 16 2517970
7 6 3437250
7 21 2678750
7 5 3031920
8 6 2452250
8 10 2144720
8 15 2476820
9 12 1949590
9 10 1699330
10 15 2835800
10 8 2144720
10 11 2507180
10 9 1699330
11 4 2557450
11 6 2814710
11 10 2507180
12 9 1949590
12 14 2360580
12 13 2796070
12 15 3086060
13 12 2796070
13 15 2877910
13 17 3032000
13 16 2252550
14 17 2596510
14 12 2360580
15 10 2835800
15 13 2877910
15 12 3086060
15 8 2476820
16 23 2734340
16 20 2185730
16 6 2517970
16 13 2252550
17 14 2596510
17 13 3032000
17 19 2674440
17 25 3908250
18 22 1825520
18 25 3870080
18 19 2636270
19 17 2674440
19 18 2636270
19 22 1062050
20 16 2185730
20 25 3397350
20 23 3002890
21 24 1820480
21 23 2576630
21 7 2678750
22 18 1825520
22 19 1062050
23 21 2576630
23 24 2795350
23 16 2734340
23 20 3002890
24 21 1820480
24 23 2795350
25 20 3397350
25 18 3870080
25 17 3908250
