0 4 1279890
0 2 1664800
1 2 2776210
1 5 2358420
1 3 2149440
2 1 2776210
2 0 1664800
2 4 2629450
3 4 2002680
3 1 2149440
3 5 1969800
4 0 1279890
4 3 2002680
4 2 2629450
4 11 2323760
5 1 2358420
5 3 1969800
5 7 2420200
5 6 2248980
6 8 1876470
6 7 2490400
6 5 2248980
6 11 2361080
6 16 2046450
7 6 2490400
7 21 2178860
7 5 2420200
8 6 1876470
8 10 1814900
8 15 1821410
9 12 1514800
9 10 1621050
10 15 2202550
10 8 1814900
10 11 2299510
10 9 1621050
11 4 2323760
11 6 2361080
11 10 2299510
12 9 1514800
12 14 1779900
12 13 2031960
12 15 2096300
13 12 2031960
13 15 2144720
13 17 2522820
13 16 1927050
14 17 2270760
14 12 1779900
15 10 2202550
15 13 2144720
15 12 2096300
15 8 1821410
16 23 2422740
16 20 2009940
16 6 2046450
16 13 1927050
17 14 2270760
17 13 2522820
17 19 2238390
17 25 3403140
18 22 1532720
18 25 3311960
18 19 2147210
19 17 2238390
19 18 2147210
19 22 897030
20 16 2009940
20 25 3043590
20 23 2658960
21 24 1630820
21 23 2383930
21 7 2178860
22 18 1532720
22 19 897030
23 21 2383930
23 24 2318650
23 16 2422740
23 20 2658960
24 21 1630820
24 23 2318650
25 20 3043590
25 18 3311960
25 17 3403140
