0 4 1466750
0 2 1728230
1 2 2864340
1 5 2738800
1 3 2232430
2 1 2864340
2 0 1728230
2 4 2898300
3 4 2266390
3 1 2232430
3 5 2402330
4 0 1466750
4 3 2266390
4 2 2898300
4 11 2735680
5 1 2738800
5 3 2402330
5 7 2968340
5 6 2907890
6 8 2131190
6 7 2967530
6 5 2907890
6 11 2870810
6 16 2462160
7 6 2967530
7 21 2523710
7 5 2968340
8 6 2131190
8 10 2133950
8 15 2102070
9 12 1951080
9 10 2024430
10 15 2880720
10 8 2133950
10 11 2873570
10 9 2024430
11 4 2735680
11 6 2870810
11 10 2873570
12 9 1951080
12 14 1928920
12 13 2235570
12 15 2807370
13 12 2235570
13 15 2277040
13 17 1938460
13 16 1861240
14 17 1631810
14 12 1928920
15 10 2880720
15 13 2277040
15 12 2807370
15 8 2102070
16 23 2413440
16 20 1983820
16 6 2462160
16 13 1861240
17 14 1631810
17 13 1938460
17 19 2014540
17 25 2412440
18 22 1809410
18 25 2935720
18 19 2537820
19 17 2014540
19 18 2537820
19 22 1128990
20 16 1983820
20 25 2301800
20 23 2380020
21 24 1741790
21 23 2414540
21 7 2523710
22 18 1809410
22 19 1128990
23 21 2414540
23 24 2136890
23 16 2413440
23 20 2380020
24 21 1741790
24 23 2136890
25 20 2301800
25 18 2935720
25 17 2412440
