0 4 1021470
0 2 1023130
1 2 1939050
1 5 1962660
1 3 1751500
2 1 1939050
2 0 1023130
2 4 1811080
3 4 1623530
3 1 1751500
3 5 1648800
4 0 1021470
4 3 1623530
4 2 1811080
4 11 1839650
5 1 1962660
5 3 1648800
5 7 2153340
5 6 1886410
6 8 1351460
6 7 2179790
6 5 1886410
6 11 1891370
6 16 1633740
7 6 2179790
7 21 1983580
7 5 2153340
8 6 1351460
8 10 1207000
8 15 1301520
9 12 1143000
9 10 1070680
10 15 1718460
10 8 1207000
10 11 1746910
10 9 1070680
11 4 1839650
11 6 1891370
11 10 1746910
12 9 1143000
12 14 1448350
12 13 1756280
12 15 1790780
13 12 1756280
13 15 1778480
13 17 1944610
13 16 1549300
14 17 1636680
14 12 1448350
15 10 1718460
15 13 1778480
15 12 1790780
15 8 1301520
16 23 1841110
16 20 1433880
16 6 1633740
16 13 1549300
17 14 1636680
17 13 1944610
17 19 1759410
17 25 2096050
18 22 1205010
18 25 2193980
18 19 1857340
19 17 1759410
19 18 1857340
19 22 721250
20 16 1433880
20 25 1780000
20 23 1920370
21 24 1409350
21 23 1924020
21 7 1983580
22 18 1205010
22 19 721250
23 21 1924020
23 24 1812930
23 16 1841110
23 20 1920370
24 21 1409350
24 23 1812930
25 20 1780000
25 18 2193980
25 17 2096050
