0 4 1110860
0 2 1334580
1 2 2422100
1 5 2289010
1 3 2019230
2 1 2422100
2 0 1334580
2 4 2293040
3 4 1890170
3 1 2019230
3 5 1980800
4 0 1110860
4 3 1890170
4 2 2293040
4 11 2088820
5 1 2289010
5 3 1980800
5 7 2201870
5 6 1969260
6 8 1382870
6 7 1920550
6 5 1969260
6 11 1898130
6 16 1385100
7 6 1920550
7 21 1730270
7 5 2201870
8 6 1382870
8 10 1627260
8 15 1639270
9 12 1457910
9 10 1469430
10 15 2188730
10 8 1627260
10 11 2142520
10 9 1469430
11 4 2088820
11 6 1898130
11 10 2142520
12 9 1457910
12 14 1824430
12 13 1764920
12 15 2177210
13 12 1764920
13 15 1788450
13 17 1962170
13 16 1229210
14 17 2021680
14 12 1824430
15 10 2188730
15 13 1788450
15 12 2177210
15 8 1639270
16 23 1277590
16 20 1405060
16 6 1385100
16 13 1229210
17 14 2021680
17 13 1962170
17 19 2022210
17 25 2646480
18 22 1323570
18 25 2508530
18 19 1884260
19 17 2022210
19 18 1884260
19 22 935550
20 16 1405060
20 25 2236320
20 23 1600390
21 24 1250640
21 23 1390150
21 7 1730270
22 18 1323570
22 19 935550
23 21 1390150
23 24 1333410
23 16 1277590
23 20 1600390
24 21 1250640
24 23 1333410
25 20 2236320
25 18 2508530
25 17 2646480
