0 4 603290
0 2 719940
1 2 1116680
1 5 974620
1 3 805190
2 1 1116680
2 0 719940
2 4 1168670
3 4 857180
3 1 805190
3 5 831770
4 0 603290
4 3 857180
4 2 1168670
4 11 1076830
5 1 974620
5 3 831770
5 7 1339720
5 6 1116790
6 8 857890
6 7 1455310
6 5 1116790
6 11 1167010
6 16 1113310
7 6 1455310
7 21 1401510
7 5 1339720
8 6 857890
8 10 805400
8 15 770170
9 12 880520
9 10 831080
10 15 1092170
10 8 805400
10 11 1114520
10 9 831080
11 4 1076830
11 6 1167010
11 10 1114520
12 9 880520
12 14 1018200
12 13 1131550
12 15 1141610
13 12 1131550
13 15 1046880
13 17 1131720
13 16 1015530
14 17 1018370
14 12 1018200
15 10 1092170
15 13 1046880
15 12 1141610
15 8 770170
16 23 1226270
16 20 1006820
16 6 1113310
16 13 1015530
17 14 1018370
17 13 1131720
17 19 983960
17 25 1257350
18 22 774050
18 25 1357510
18 19 1084120
19 17 983960
19 18 1084120
19 22 431230
20 16 1006820
20 25 1153740
20 23 1238850
21 24 880490
21 23 1291540
21 7 1401510
22 18 774050
22 19 431230
23 21 1291540
23 24 1047250
23 16 1226270
23 20 1238850
24 21 880490
24 23 1047250
25 20 1153740
25 18 1357510
25 17 1257350
