0 4 1678440
0 2 1962030
1 2 3226450
1 5 2823410
1 3 2511180
2 1 3226450
2 0 1962030
2 4 3153090
3 4 2437820
3 1 2511180
3 5 2318370
4 0 1678440
4 3 2437820
4 2 3153090
4 11 2834420
5 1 2823410
5 3 2318370
5 7 3002040
5 6 3068290
6 8 2595740
6 7 3439730
6 5 3068290
6 11 3152660
6 16 2945050
7 6 3439730
7 21 2980350
7 5 3002040
8 6 2595740
8 10 2180560
8 15 2219130
9 12 1692020
9 10 1811900
10 15 2714190
10 8 2180560
10 11 2737480
10 9 1811900
11 4 2834420
11 6 3152660
11 10 2737480
12 9 1692020
12 14 1777440
12 13 2240990
12 15 2594310
13 12 2240990
13 15 2399440
13 17 2003590
13 16 2215120
14 17 1540040
14 12 1777440
15 10 2714190
15 13 2399440
15 12 2594310
15 8 2219130
16 23 2828350
16 20 2301750
16 6 2945050
16 13 2215120
17 14 1540040
17 13 2003590
17 19 1514180
17 25 2353160
18 22 1052010
18 25 2358950
18 19 1519970
19 17 1514180
19 18 1519970
19 22 599340
20 16 2301750
20 25 2482320
20 23 2745980
21 24 2384320
21 23 2929900
21 7 2980350
22 18 1052010
22 19 599340
23 21 2929900
23 24 2727000
23 16 2828350
23 20 2745980
24 21 2384320
24 23 2727000
25 20 2482320
25 18 2358950
25 17 2353160
