0 4 1018920
0 2 1059340
1 2 1956600
1 5 1907900
1 3 1645640
2 1 1956600
2 0 1059340
2 4 1937320
3 4 1626360
3 1 1645640
3 5 1618080
4 0 1018920
4 3 1626360
4 2 1937320
4 11 1904980
5 1 1907900
5 3 1618080
5 7 1907330
5 6 1806420
6 8 1180310
6 7 1833410
6 5 1806420
6 11 1822780
6 16 1471710
7 6 1833410
7 21 1631310
7 5 1907330
8 6 1180310
8 10 1066070
8 15 1052980
9 12 898380
9 10 1017790
10 15 1490930
10 8 1066070
10 11 1708540
10 9 1017790
11 4 1904980
11 6 1822780
11 10 1708540
12 9 898380
12 14 1032300
12 13 1305750
12 15 1371520
13 12 1305750
13 15 1412070
13 17 1486780
13 16 1278610
14 17 1213330
14 12 1032300
15 10 1490930
15 13 1412070
15 12 1371520
15 8 1052980
16 23 1667710
16 20 1106230
16 6 1471710
16 13 1278610
17 14 1213330
17 13 1486780
17 19 1254830
17 25 1631400
18 22 884530
18 25 1666890
18 19 1290320
19 17 1254830
19 18 1290320
19 22 476610
20 16 1106230
20 25 1318540
20 23 1563020
21 24 1242800
21 23 1726400
21 7 1631310
22 18 884530
22 19 476610
23 21 1726400
23 24 1640900
23 16 1667710
23 20 1563020
24 21 1242800
24 23 1640900
25 20 1318540
25 18 1666890
25 17 1631400
