0 4 1313600
0 2 1760960
1 2 2953420
1 5 2257380
1 3 2057680
2 1 2953420
2 0 1760960
2 4 2927520
3 4 2031780
3 1 2057680
3 5 1783100
4 0 1313600
4 3 2031780
4 2 2927520
4 11 2501320
5 1 2257380
5 3 1783100
5 7 2248470
5 6 1997050
6 8 1576080
6 7 2262720
6 5 1997050
6 11 2266890
6 16 1899080
7 6 2262720
7 21 2301870
7 5 2248470
8 6 1576080
8 10 1613200
8 15 1699790
9 12 1590950
9 10 1667840
10 15 2172130
10 8 1613200
10 11 2304010
10 9 1667840
11 4 2501320
11 6 2266890
11 10 2304010
12 9 1590950
12 14 1635900
12 13 1936070
12 15 2095240
13 12 1936070
13 15 2099550
13 17 2151160
13 16 1863620
14 17 1850990
14 12 1635900
15 10 2172130
15 13 2099550
15 12 2095240
15 8 1699790
16 23 2340810
16 20 2077910
16 6 1899080
16 13 1863620
17 14 1850990
17 13 2151160
17 19 2069470
17 25 2434790
18 22 1763810
18 25 2914390
18 19 2549070
19 17 2069470
19 18 2549070
19 22 991740
20 16 2077910
20 25 2438300
20 23 2631860
21 24 2094830
21 23 2492180
21 7 2301870
22 18 1763810
22 19 991740
23 21 2492180
23 24 2497410
23 16 2340810
23 20 2631860
24 21 2094830
24 23 2497410
25 20 2438300
25 18 2914390
25 17 2434790
