0 4 1437470
0 2 1406900
1 2 3061590
1 5 3007780
1 3 2823550
2 1 3061590
2 0 1406900
2 4 2809270
3 4 2571230
3 1 2823550
3 5 2486850
4 0 1437470
4 3 2571230
4 2 2809270
4 11 2892370
5 1 3007780
5 3 2486850
5 7 3043640
5 6 2918880
6 8 2412640
6 7 3291440
6 5 2918880
6 11 3055790
6 16 2452160
7 6 3291440
7 21 3179110
7 5 3043640
8 6 2412640
8 10 2079840
8 15 2373360
9 12 1711290
9 10 1829920
10 15 2794600
10 8 2079840
10 11 2722990
10 9 1829920
11 4 2892370
11 6 3055790
11 10 2722990
12 9 1711290
12 14 1944690
12 13 2336490
12 15 2675970
13 12 2336490
13 15 2748640
13 17 2808850
13 16 2073400
14 17 2417050
14 12 1944690
15 10 2794600
15 13 2748640
15 12 2675970
15 8 2373360
16 23 2703260
16 20 2616800
16 6 2452160
16 13 2073400
17 14 2417050
17 13 2808850
17 19 2525110
17 25 4146220
18 22 1949230
18 25 4364200
18 19 2743090
19 17 2525110
19 18 2743090
19 22 1047820
20 16 2616800
20 25 4289930
20 23 3582420
21 24 2268810
21 23 3305450
21 7 3179110
22 18 1949230
22 19 1047820
23 21 3305450
23 24 2632240
23 16 2703260
23 20 3582420
24 21 2268810
24 23 2632240
25 20 4289930
25 18 4364200
25 17 4146220
