0 4 2232490
0 2 2661160
1 2 4292780
1 5 3693900
1 3 3313100
2 1 4292780
2 0 2661160
2 4 4244050
3 4 3264370
3 1 3313100
3 5 3094160
4 0 2232490
4 3 3264370
4 2 4244050
4 11 3967660
5 1 3693900
5 3 3094160
5 7 3219470
5 6 3457360
6 8 2480310
6 7 3201870
6 5 3457360
6 11 3779850
6 16 3034280
7 6 3201870
7 21 2770920
7 5 3219470
8 6 2480310
8 10 2439270
8 15 2491380
9 12 2570500
9 10 2312310
10 15 3409790
10 8 2439270
10 11 3738810
10 9 2312310
11 4 3967660
11 6 3779850
11 10 3738810
12 9 2570500
12 14 2777380
12 13 3835680
12 15 3667980
13 12 3835680
13 15 3629600
13 17 3764210
13 16 3213050
14 17 2705910
14 12 2777380
15 10 3409790
15 13 3629600
15 12 3667980
15 8 2491380
16 23 3150070
16 20 2778970
16 6 3034280
16 13 3213050
17 14 2705910
17 13 3764210
17 19 3234860
17 25 3765240
18 22 2264450
18 25 3951320
18 19 3420940
19 17 3234860
19 18 3420940
19 22 1582110
20 16 2778970
20 25 3364250
20 23 3300240
21 24 2148950
21 23 3124600
21 7 2770920
22 18 2264450
22 19 1582110
23 21 3124600
23 24 2695690
23 16 3150070
23 20 3300240
24 21 2148950
24 23 2695690
25 20 3364250
25 18 3951320
25 17 3765240
