0 4 472070
0 2 447770
1 2 772780
1 5 788490
1 3 692980
2 1 772780
2 0 447770
2 4 785620
3 4 705820
3 1 692980
3 5 697230
4 0 472070
4 3 705820
4 2 785620
4 11 807050
5 1 788490
5 3 697230
5 7 725550
5 6 769650
6 8 620540
6 7 702460
6 5 769650
6 11 775370
6 16 717180
7 6 702460
7 21 591170
7 5 725550
8 6 620540
8 10 676990
8 15 662460
9 12 520380
9 10 587740
10 15 844930
10 8 676990
10 11 831820
10 9 587740
11 4 807050
11 6 775370
11 10 831820
12 9 520380
12 14 547670
12 13 735870
12 15 777570
13 12 735870
13 15 788700
13 17 743950
13 16 717400
14 17 555750
14 12 547670
15 10 844930
15 13 788700
15 12 777570
15 8 662460
16 23 802570
16 20 689270
16 6 717180
16 13 717400
17 14 555750
17 13 743950
17 19 657530
17 25 766710
18 22 514210
18 25 879080
18 19 769900
19 17 657530
19 18 769900
19 22 318470
20 16 689270
20 25 741630
20 23 804040
21 24 541270
21 23 720660
21 7 591170
22 18 514210
22 19 318470
23 21 720660
23 24 737950
23 16 802570
23 20 804040
24 21 541270
24 23 737950
25 20 741630
25 18 879080
25 17 766710
