0 4 947760
0 2 1332010
1 2 2275060
1 5 1846490
1 3 1663840
2 1 2275060
2 0 1332010
2 4 2091030
3 4 1479810
3 1 1663840
3 5 1435490
4 0 947760
4 3 1479810
4 2 2091030
4 11 1808190
5 1 1846490
5 3 1435490
5 7 1592930
5 6 1494390
6 8 1014080
6 7 1469180
6 5 1494390
6 11 1640120
6 16 1309110
7 6 1469180
7 21 1245290
7 5 1592930
8 6 1014080
8 10 1098300
8 15 1096250
9 12 903890
9 10 1017180
10 15 1537030
10 8 1098300
10 11 1724340
10 9 1017180
11 4 1808190
11 6 1640120
11 10 1724340
12 9 903890
12 14 1040520
12 13 1334550
12 15 1423740
13 12 1334550
13 15 1445790
13 17 1387680
13 16 1302090
14 17 1093650
14 12 1040520
15 10 1537030
15 13 1445790
15 12 1423740
15 8 1096250
16 23 1347890
16 20 991430
16 6 1309110
16 13 1302090
17 14 1093650
17 13 1387680
17 19 1092540
17 25 1506770
18 22 694500
18 25 1431890
18 19 1017660
19 17 1092540
19 18 1017660
19 22 443160
20 16 991430
20 25 1165030
20 23 1091740
21 24 987150
21 23 1185530
21 7 1245290
22 18 694500
22 19 443160
23 21 1185530
23 24 1249820
23 16 1347890
23 20 1091740
24 21 987150
24 23 1249820
25 20 1165030
25 18 1431890
25 17 1506770
