0 4 934530
0 2 1313740
1 2 2302450
1 5 1993350
1 3 1804460
2 1 2302450
2 0 1313740
2 4 2098630
3 4 1600640
3 1 1804460
3 5 1670750
4 0 934530
4 3 1600640
4 2 2098630
4 11 1863750
5 1 1993350
5 3 1670750
5 7 1766870
5 6 1603620
6 8 959770
6 7 1510850
6 5 1603620
6 11 1677840
6 16 1339700
7 6 1510850
7 21 1424960
7 5 1766870
8 6 959770
8 10 1122420
8 15 1060930
9 12 1199570
9 10 1071440
10 15 1611410
10 8 1122420
10 11 1840490
10 9 1071440
11 4 1863750
11 6 1677840
11 10 1840490
12 9 1199570
12 14 1696520
12 13 1618390
12 15 1739540
13 12 1618390
13 15 1428770
13 17 1641700
13 16 1319710
14 17 1719830
14 12 1696520
15 10 1611410
15 13 1428770
15 12 1739540
15 8 1060930
16 23 1350510
16 20 1276090
16 6 1339700
16 13 1319710
17 14 1719830
17 13 1641700
17 19 1518030
17 25 1892080
18 22 1158960
18 25 1863960
18 19 1489910
19 17 1518030
19 18 1489910
19 22 729330
20 16 1276090
20 25 1514380
20 23 1294800
21 24 1066550
21 23 1272520
21 7 1424960
22 18 1158960
22 19 729330
23 21 1272520
23 24 1163250
23 16 1350510
23 20 1294800
24 21 1066550
24 23 1163250
25 20 1514380
25 18 1863960
25 17 1892080
