0 4 729460
0 2 1093380
1 2 1648960
1 5 1162660
1 3 1087810
2 1 1648960
2 0 1093380
2 4 1649280
3 4 1088130
3 1 1087810
3 5 965750
4 0 729460
4 3 1088130
4 2 1649280
4 11 1333490
5 1 1162660
5 3 965750
5 7 1027870
5 6 1063300
6 8 860310
6 7 1050570
6 5 1063300
6 11 1233810
6 16 902180
7 6 1050570
7 21 946650
7 5 1027870
8 6 860310
8 10 953870
8 15 895220
9 12 532600
9 10 821390
10 15 1214470
10 8 953870
10 11 1327370
10 9 821390
11 4 1333490
11 6 1233810
11 10 1327370
12 9 532600
12 14 639430
12 13 862820
12 15 925680
13 12 862820
13 15 1092960
13 17 1276060
13 16 874230
14 17 1052670
14 12 639430
15 10 1214470
15 13 1092960
15 12 925680
15 8 895220
16 23 1285900
16 20 1131860
16 6 902180
16 13 874230
17 14 1052670
17 13 1276060
17 19 1397470
17 25 1609850
18 22 863320
18 25 1576290
18 19 1363910
19 17 1397470
19 18 1363910
19 22 772330
20 16 1131860
20 25 1621520
20 23 1699400
21 24 974650
21 23 1365800
21 7 946650
22 18 863320
22 19 772330
23 21 1365800
23 24 1462290
23 16 1285900
23 20 1699400
24 21 974650
24 23 1462290
25 20 1621520
25 18 1576290
25 17 1609850
