0 4 346020
0 2 403620
1 2 649840
1 5 573610
1 3 519370
2 1 649840
2 0 403620
2 4 644280
3 4 513810
3 1 519370
3 5 495180
4 0 346020
4 3 513810
4 2 644280
4 11 612730
5 1 573610
5 3 495180
5 7 695160
5 6 528130
6 8 391410
6 7 673870
6 5 528130
6 11 572810
6 16 485950
7 6 673870
7 21 722660
7 5 695160
8 6 391410
8 10 370810
8 15 374360
9 12 322990
9 10 325420
10 15 469190
10 8 370810
10 11 552210
10 9 325420
11 4 612730
11 6 572810
11 10 552210
12 9 322990
12 14 435300
12 13 456210
12 15 466760
13 12 456210
13 15 462190
13 17 569680
13 16 458350
14 17 548770
14 12 435300
15 10 469190
15 13 462190
15 12 466760
15 8 374360
16 23 616070
16 20 559720
16 6 485950
16 13 458350
17 14 548770
17 13 569680
17 19 574280
17 25 710750
18 22 389510
18 25 736700
18 19 600230
19 17 574280
19 18 600230
19 22 250120
20 16 559720
20 25 694080
20 23 710730
21 24 519910
21 23 685750
21 7 722660
22 18 389510
22 19 250120
23 21 685750
23 24 601240
23 16 616070
23 20 710730
24 21 519910
24 23 601240
25 20 694080
25 18 736700
25 17 710750
