0 4 1077810
0 2 1342410
1 2 2218010
1 5 1977520
1 3 1665720
2 1 2218010
2 0 1342410
2 4 2242140
3 4 1689850
3 1 1665720
3 5 1713960
4 0 1077810
4 3 1689850
4 2 2242140
4 11 2008520
5 1 1977520
5 3 1713960
5 7 1921630
5 6 1981030
6 8 1344490
6 7 1876900
6 5 1981030
6 11 1987900
6 16 1728430
7 6 1876900
7 21 1542440
7 5 1921630
8 6 1344490
8 10 1410160
8 15 1295430
9 12 991140
9 10 1289950
10 15 1952910
10 8 1410160
10 11 2053570
10 9 1289950
11 4 2008520
11 6 1987900
11 10 2053570
12 9 991140
12 14 1343880
12 13 1581470
12 15 1654100
13 12 1581470
13 15 1765550
13 17 1809050
13 16 1606740
14 17 1571460
14 12 1343880
15 10 1952910
15 13 1765550
15 12 1654100
15 8 1295430
16 23 1604320
16 20 1599700
16 6 1728430
16 13 1606740
17 14 1571460
17 13 1809050
17 19 1469420
17 25 2013570
18 22 1104440
18 25 1988480
18 19 1444330
19 17 1469420
19 18 1444330
19 22 673770
20 16 1599700
20 25 1890400
20 23 1683460
21 24 1215570
21 23 1477730
21 7 1542440
22 18 1104440
22 19 673770
23 21 1477730
23 24 1425920
23 16 1604320
23 20 1683460
24 21 1215570
24 23 1425920
25 20 1890400
25 18 1988480
25 17 2013570
