0 4 645100
0 2 909730
1 2 1451720
1 5 1141210
1 3 1048780
2 1 1451720
2 0 909730
2 4 1401750
3 4 998810
3 1 1048780
3 5 952930
4 0 645100
4 3 998810
4 2 1401750
4 11 1097370
5 1 1141210
5 3 952930
5 7 1107570
5 6 1032330
6 8 746830
6 7 1094540
6 5 1032330
6 11 1038460
6 16 991710
7 6 1094540
7 21 1057950
7 5 1107570
8 6 746830
8 10 792420
8 15 712100
9 12 684020
9 10 717890
10 15 1030160
10 8 792420
10 11 1084050
10 9 717890
11 4 1097370
11 6 1038460
11 10 1084050
12 9 684020
12 14 942730
12 13 1000920
12 15 996290
13 12 1000920
13 15 954470
13 17 1121110
13 16 961610
14 17 1062920
14 12 942730
15 10 1030160
15 13 954470
15 12 996290
15 8 712100
16 23 1137390
16 20 997960
16 6 991710
16 13 961610
17 14 1062920
17 13 1121110
17 19 1085190
17 25 1306480
18 22 821000
18 25 1402180
18 19 1180890
19 17 1085190
19 18 1180890
19 22 527370
20 16 997960
20 25 1180820
20 23 1171230
21 24 934660
21 23 1128390
21 7 1057950
22 18 821000
22 19 527370
23 21 1128390
23 24 1116930
23 16 1137390
23 20 1171230
24 21 934660
24 23 1116930
25 20 1180820
25 18 1402180
25 17 1306480
