0 4 698730
0 2 940860
1 2 1699030
1 5 1427770
1 3 1288200
2 1 1699030
2 0 940860
2 4 1575810
3 4 1164980
3 1 1288200
3 5 1135850
4 0 698730
4 3 1164980
4 2 1575810
4 11 1376550
5 1 1427770
5 3 1135850
5 7 1153550
5 6 1184290
6 8 802910
6 7 1062420
6 5 1184290
6 11 1256290
6 16 1006990
7 6 1062420
7 21 1025080
7 5 1153550
8 6 802910
8 10 850800
8 15 951040
9 12 894560
9 10 828030
10 15 1289180
10 8 850800
10 11 1304180
10 9 828030
11 4 1376550
11 6 1256290
11 10 1304180
12 9 894560
12 14 983120
12 13 1245730
12 15 1355710
13 12 1245730
13 15 1279440
13 17 1348480
13 16 1045140
14 17 1085870
14 12 983120
15 10 1289180
15 13 1279440
15 12 1355710
15 8 951040
16 23 1279570
16 20 1169750
16 6 1006990
16 13 1045140
17 14 1085870
17 13 1348480
17 19 1174550
17 25 1706790
18 22 761000
18 25 1667140
18 19 1134900
19 17 1174550
19 18 1134900
19 22 447700
20 16 1169750
20 25 1652380
20 23 1528500
21 24 874480
21 23 1328400
21 7 1025080
22 18 761000
22 19 447700
23 21 1328400
23 24 1184400
23 16 1279570
23 20 1528500
24 21 874480
24 23 1184400
25 20 1652380
25 18 1667140
25 17 1706790
