0 4 1600210
0 2 2162800
1 2 4197620
1 5 3551910
1 3 3438780
2 1 4197620
2 0 2162800
2 4 3516370
3 4 2757530
3 1 3438780
3 5 2674410
4 0 1600210
4 3 2757530
4 2 3516370
4 11 3057530
5 1 3551910
5 3 2674410
5 7 2987840
5 6 2785420
6 8 2122590
6 7 2985720
6 5 2785420
6 11 2972290
6 16 2391610
7 6 2985720
7 21 2678930
7 5 2987840
8 6 2122590
8 10 2456790
8 15 2355330
9 12 1881600
9 10 2289580
10 15 3350240
10 8 2456790
10 11 3306490
10 9 2289580
11 4 3057530
11 6 2972290
11 10 3306490
12 9 1881600
12 14 1978590
12 13 2546660
12 15 2942260
13 12 2546660
13 15 2853180
13 17 2834240
13 16 2228750
14 17 2266170
14 12 1978590
15 10 3350240
15 13 2853180
15 12 2942260
15 8 2355330
16 23 2346750
16 20 2128930
16 6 2391610
16 13 2228750
17 14 2266170
17 13 2834240
17 19 2756800
17 25 3734490
18 22 2667580
18 25 4518750
18 19 3541060
19 17 2756800
19 18 3541060
19 22 1429220
20 16 2128930
20 25 3258010
20 23 2475760
21 24 1966720
21 23 2431650
21 7 2678930
22 18 2667580
22 19 1429220
23 21 2431650
23 24 2228650
23 16 2346750
23 20 2475760
24 21 1966720
24 23 2228650
25 20 3258010
25 18 4518750
25 17 3734490
