0 4 752380
0 2 766580
1 2 1360560
1 5 1357090
1 3 1168970
2 1 1360560
2 0 766580
2 4 1312020
3 4 1120430
3 1 1168970
3 5 1131160
4 0 752380
4 3 1120430
4 2 1312020
4 11 1300830
5 1 1357090
5 3 1131160
5 7 1311470
5 6 1281520
6 8 962020
6 7 1273710
6 5 1281520
6 11 1273800
6 16 1065580
7 6 1273710
7 21 1194920
7 5 1311470
8 6 962020
8 10 989730
8 15 1048190
9 12 991190
9 10 893450
10 15 1357640
10 8 989730
10 11 1301510
10 9 893450
11 4 1300830
11 6 1273800
11 10 1301510
12 9 991190
12 14 1203300
12 13 1293650
12 15 1455380
13 12 1293650
13 15 1254370
13 17 1405340
13 16 990020
14 17 1314990
14 12 1203300
15 10 1357640
15 13 1254370
15 12 1455380
15 8 1048190
16 23 1286160
16 20 1122970
16 6 1065580
16 13 990020
17 14 1314990
17 13 1405340
17 19 1561020
17 25 1696090
18 22 1074180
18 25 1835780
18 19 1700710
19 17 1561020
19 18 1700710
19 22 777470
20 16 1122970
20 25 1516340
20 23 1521730
21 24 824490
21 23 1385550
21 7 1194920
22 18 1074180
22 19 777470
23 21 1385550
23 24 1123860
23 16 1286160
23 20 1521730
24 21 824490
24 23 1123860
25 20 1516340
25 18 1835780
25 17 1696090
