0 4 1369760
0 2 1337290
1 2 2404150
1 5 2274370
1 3 1927350
2 1 2404150
2 0 1337290
2 4 2513050
3 4 2036250
3 1 1927350
3 5 1874000
4 0 1369760
4 3 2036250
4 2 2513050
4 11 2590590
5 1 2274370
5 3 1874000
5 7 2340960
5 6 2496700
6 8 2107600
6 7 2616640
6 5 2496700
6 11 2704020
6 16 2564930
7 6 2616640
7 21 2173040
7 5 2340960
8 6 2107600
8 10 2012720
8 15 2112830
9 12 1936890
9 10 1748670
10 15 2682730
10 8 2012720
10 11 2609140
10 9 1748670
11 4 2590590
11 6 2704020
11 10 2609140
12 9 1936890
12 14 2480910
12 13 2915000
12 15 2870950
13 12 2915000
13 15 2826890
13 17 3216570
13 16 2614210
14 17 2782480
14 12 2480910
15 10 2682730
15 13 2826890
15 12 2870950
15 8 2112830
16 23 2538710
16 20 2444400
16 6 2564930
16 13 2614210
17 14 2782480
17 13 3216570
17 19 3065140
17 25 3338100
18 22 2342540
18 25 3637840
18 19 3364880
19 17 3065140
19 18 3364880
19 22 1545740
20 16 2444400
20 25 2822660
20 23 2625630
21 24 2082480
21 23 2302560
21 7 2173040
22 18 2342540
22 19 1545740
23 21 2302560
23 24 2499860
23 16 2538710
23 20 2625630
24 21 2082480
24 23 2499860
25 20 2822660
25 18 3637840
25 17 3338100
