0 4 487960
0 2 547680
1 2 1027850
1 5 1001340
1 3 858910
2 1 1027850
2 0 547680
2 4 998600
3 4 829660
3 1 858910
3 5 862870
4 0 487960
4 3 829660
4 2 998600
4 11 977580
5 1 1001340
5 3 862870
5 7 953670
5 6 909050
6 8 633520
6 7 857420
6 5 909050
6 11 914540
6 16 700370
7 6 857420
7 21 859500
7 5 953670
8 6 633520
8 10 683490
8 15 678830
9 12 762510
9 10 618700
10 15 908080
10 8 683490
10 11 964510
10 9 618700
11 4 977580
11 6 914540
11 10 964510
12 9 762510
12 14 831550
12 13 1025620
12 15 1051890
13 12 1025620
13 15 877150
13 17 879650
13 16 719410
14 17 685580
14 12 831550
15 10 908080
15 13 877150
15 12 1051890
15 8 678830
16 23 1041450
16 20 786250
16 6 700370
16 13 719410
17 14 685580
17 13 879650
17 19 800820
17 25 1146600
18 22 596300
18 25 1219380
18 19 873600
19 17 800820
19 18 873600
19 22 415920
20 16 786250
20 25 1184670
20 23 1239760
21 24 626930
21 23 1155960
21 7 859500
22 18 596300
22 19 415920
23 21 1155960
23 24 965930
23 16 1041450
23 20 1239760
24 21 626930
24 23 965930
25 20 1184670
25 18 1219380
25 17 1146600
