0 4 1463910
0 2 1509130
1 2 3041550
1 5 3132290
1 3 2577560
2 1 3041550
2 0 1509130
2 4 2859640
3 4 2395650
3 1 2577560
3 5 2531610
4 0 1463910
4 3 2395650
4 2 2859640
4 11 2909350
5 1 3132290
5 3 2531610
5 7 2638970
5 6 3132340
6 8 2372070
6 7 2684970
6 5 3132340
6 11 3091310
6 16 2782400
7 6 2684970
7 21 1981490
7 5 2638970
8 6 2372070
8 10 2105130
8 15 2495340
9 12 1890030
9 10 1809540
10 15 3034670
10 8 2105130
10 11 2824370
10 9 1809540
11 4 2909350
11 6 3091310
11 10 2824370
12 9 1890030
12 14 2102850
12 13 2704290
12 15 3115160
13 12 2704290
13 15 3014010
13 17 2781400
13 16 2494800
14 17 2179960
14 12 2102850
15 10 3034670
15 13 3014010
15 12 3115160
15 8 2495340
16 23 2523000
16 20 2495550
16 6 2782400
16 13 2494800
17 14 2179960
17 13 2781400
17 19 2298230
17 25 3081940
18 22 1556520
18 25 2891250
18 19 2107540
19 17 2298230
19 18 2107540
19 22 1085780
20 16 2495550
20 25 2904430
20 23 2632090
21 24 1832180
21 23 2215460
21 7 1981490
22 18 1556520
22 19 1085780
23 21 2215460
23 24 2276260
23 16 2523000
23 20 2632090
24 21 1832180
24 23 2276260
25 20 2904430
25 18 2891250
25 17 3081940
