0 4 1636840
0 2 2542980
1 2 4095910
1 5 3020110
1 3 2794330
2 1 4095910
2 0 2542980
2 4 3928680
3 4 2627100
3 1 2794330
3 5 2457440
4 0 1636840
4 3 2627100
4 2 3928680
4 11 2993840
5 1 3020110
5 3 2457440
5 7 2973000
5 6 3077890
6 8 2565960
6 7 3367670
6 5 3077890
6 11 3218850
6 16 3550070
7 6 3367670
7 21 2897620
7 5 2973000
8 6 2565960
8 10 2242150
8 15 2429170
9 12 2222130
9 10 1748430
10 15 3011960
10 8 2242150
10 11 2895040
10 9 1748430
11 4 2993840
11 6 3218850
11 10 2895040
12 9 2222130
12 14 3230990
12 13 3757950
12 15 3485660
13 12 3757950
13 15 3471270
13 17 4140030
13 16 3685570
14 17 3613070
14 12 3230990
15 10 3011960
15 13 3471270
15 12 3485660
15 8 2429170
16 23 4106080
16 20 3378130
16 6 3550070
16 13 3685570
17 14 3613070
17 13 4140030
17 19 3777930
17 25 4429760
18 22 2116090
18 25 4199890
18 19 3548060
19 17 3777930
19 18 3548060
19 22 1587390
20 16 3378130
20 25 3725850
20 23 3856630
21 24 2588510
21 23 3558520
21 7 2897620
22 18 2116090
22 19 1587390
23 21 3558520
23 24 3614570
23 16 4106080
23 20 3856630
24 21 2588510
24 23 3614570
25 20 3725850
25 18 4199890
25 17 4429760
