0 4 1219680
0 2 1582750
1 2 2813600
1 5 2587160
1 3 2310480
2 1 2813600
2 0 1582750
2 4 2430450
3 4 1927330
3 1 2310480
3 5 2063960
4 0 1219680
4 3 1927330
4 2 2430450
4 11 2140640
5 1 2587160
5 3 2063960
5 7 2436110
5 6 2243120
6 8 1694600
6 7 2338590
6 5 2243120
6 11 2179750
6 16 1964940
7 6 2338590
7 21 1972960
7 5 2436110
8 6 1694600
8 10 1617560
8 15 1727140
9 12 1458750
9 10 1329610
10 15 2101100
10 8 1617560
10 11 2102710
10 9 1329610
11 4 2140640
11 6 2179750
11 10 2102710
12 9 1458750
12 14 2046230
12 13 2353450
12 15 2230240
13 12 2353450
13 15 2333890
13 17 2806330
13 16 2120690
14 17 2499110
14 12 2046230
15 10 2101100
15 13 2333890
15 12 2230240
15 8 1727140
16 23 2372680
16 20 2002510
16 6 1964940
16 13 2120690
17 14 2499110
17 13 2806330
17 19 2757150
17 25 3271060
18 22 2046310
18 25 3695520
18 19 3181610
19 17 2757150
19 18 3181610
19 22 1223440
20 16 2002510
20 25 2803650
20 23 2590910
21 24 1501980
21 23 2187710
21 7 1972960
22 18 2046310
22 19 1223440
23 21 2187710
23 24 2275350
23 16 2372680
23 20 2590910
24 21 1501980
24 23 2275350
25 20 2803650
25 18 3695520
25 17 3271060
