0 4 1412690
0 2 1520370
1 2 2481490
1 5 2093390
1 3 1908310
2 1 2481490
2 0 1520370
2 4 2618000
3 4 2044820
3 1 1908310
3 5 1764400
4 0 1412690
4 3 2044820
4 2 2618000
4 11 2603790
5 1 2093390
5 3 1764400
5 7 2264100
5 6 2052260
6 8 1455920
6 7 2366880
6 5 2052260
6 11 2426150
6 16 1925350
7 6 2366880
7 21 1908150
7 5 2264100
8 6 1455920
8 10 1454290
8 15 1409610
9 12 1286820
9 10 1396300
10 15 2107100
10 8 1454290
10 11 2424520
10 9 1396300
11 4 2603790
11 6 2426150
11 10 2424520
12 9 1286820
12 14 1734780
12 13 1906650
12 15 1997620
13 12 1906650
13 15 1971450
13 17 2254710
13 16 1788070
14 17 2082840
14 12 1734780
15 10 2107100
15 13 1971450
15 12 1997620
15 8 1409610
16 23 1867350
16 20 1495570
16 6 1925350
16 13 1788070
17 14 2082840
17 13 2254710
17 19 1971470
17 25 2703520
18 22 1171460
18 25 2491890
18 19 1759840
19 17 1971470
19 18 1759840
19 22 725620
20 16 1495570
20 25 2036790
20 23 1667260
21 24 1317860
21 23 1638310
21 7 1908150
22 18 1171460
22 19 725620
23 21 1638310
23 24 1718590
23 16 1867350
23 20 1667260
24 21 1317860
24 23 1718590
25 20 2036790
25 18 2491890
25 17 2703520
