0 4 562700
0 2 534270
1 2 991560
1 5 942390
1 3 935520
2 1 991560
2 0 534270
2 4 882830
3 4 826790
3 1 935520
3 5 749190
4 0 562700
4 3 826790
4 2 882830
4 11 891250
5 1 942390
5 3 749190
5 7 981780
5 6 870490
6 8 777930
6 7 1096210
6 5 870490
6 11 928080
6 16 822080
7 6 1096210
7 21 982880
7 5 981780
8 6 777930
8 10 669600
8 15 810720
9 12 775990
9 10 541550
10 15 909380
10 8 669600
10 11 819750
10 9 541550
11 4 891250
11 6 928080
11 10 819750
12 9 775990
12 14 1043240
12 13 1149740
12 15 1143820
13 12 1149740
13 15 1056420
13 17 1248220
13 16 860790
14 17 1141720
14 12 1043240
15 10 909380
15 13 1056420
15 12 1143820
15 8 810720
16 23 837400
16 20 776920
16 6 822080
16 13 860790
17 14 1141720
17 13 1248220
17 19 1157700
17 25 1401060
18 22 920870
18 25 1496620
18 19 1253260
19 17 1157700
19 18 1253260
19 22 548910
20 16 776920
20 25 1131310
20 23 955080
21 24 852980
21 23 886910
21 7 982880
22 18 920870
22 19 548910
23 21 886910
23 24 981630
23 16 837400
23 20 955080
24 21 852980
24 23 981630
25 20 1131310
25 18 1496620
25 17 1401060
