0 4 569370
0 2 143970
1 2 2640280
1 5 3820450
1 3 753440
2 1 2640280
2 0 143970
2 4 3849630
3 4 1064300
3 1 753440
3 5 268350
4 0 569370
4 3 1064300
4 2 3849630
4 11 5789560
5 1 3820450
5 3 268350
5 7 2061380
5 6 2342660
6 8 1400800
6 7 1961760
6 5 2342660
6 11 569450
6 16 1935970
7 6 1961760
7 21 3144700
7 5 2061380
8 6 1400800
8 10 309400
8 15 1290460
9 12 280420
9 10 203030
10 15 5249320
10 8 309400
10 11 5543860
10 9 203030
11 4 5789560
11 6 569450
11 10 5543860
12 9 280420
12 14 1740030
12 13 608380
12 15 2698370
13 12 608380
13 15 3916710
13 17 3780810
13 16 1431170
14 17 1676930
14 12 1740030
15 10 5249320
15 13 3916710
15 12 2698370
15 8 1290460
16 23 2096420
16 20 1451160
16 6 1935970
16 13 1431170
17 14 1676930
17 13 3780810
17 19 385550
17 25 4472510
18 22 308590
18 25 6499850
18 19 269680
19 17 385550
19 18 269680
19 22 192500
20 16 1451160
20 25 4365800
20 23 2881950
21 24 1735070
21 23 1695150
21 7 3144700
22 18 308590
22 19 192500
23 21 1695150
23 24 1856590
23 16 2096420
23 20 2881950
24 21 1735070
24 23 1856590
25 20 4365800
25 18 6499850
25 17 4472510
