0 4 108060
0 2 25150
1 2 660660
1 5 1242630
1 3 75020
2 1 660660
2 0 25150
2 4 526820
3 4 87940
3 1 75020
3 5 68930
4 0 108060
4 3 87940
4 2 526820
4 11 773770
5 1 1242630
5 3 68930
5 7 501930
5 6 892400
6 8 207910
6 7 271170
6 5 892400
6 11 88680
6 16 865390
7 6 271170
7 21 627480
7 5 501930
8 6 207910
8 10 70740
8 15 209500
9 12 104740
9 10 45950
10 15 721310
10 8 70740
10 11 709710
10 9 45950
11 4 773770
11 6 88680
11 10 709710
12 9 104740
12 14 183180
12 13 156410
12 15 276280
13 12 156410
13 15 729790
13 17 698110
13 16 488530
14 17 231910
14 12 183180
15 10 721310
15 13 729790
15 12 276280
15 8 209500
16 23 907530
16 20 439960
16 6 865390
16 13 488530
17 14 231910
17 13 698110
17 19 105620
17 25 629490
18 22 51690
18 25 1301580
18 19 76960
19 17 105620
19 18 76960
19 22 43910
20 16 439960
20 25 968530
20 23 597030
21 24 330930
21 23 339370
21 7 627480
22 18 51690
22 19 43910
23 21 339370
23 24 486630
23 16 907530
23 20 597030
24 21 330930
24 23 486630
25 20 968530
25 18 1301580
25 17 629490
