0 4 133450
0 2 15310
1 2 1636770
1 5 1873490
1 3 131130
2 1 1636770
2 0 15310
2 4 1551740
3 4 206450
3 1 131130
3 5 112910
4 0 133450
4 3 206450
4 2 1551740
4 11 1855730
5 1 1873490
5 3 112910
5 7 788230
5 6 1487860
6 8 380880
6 7 440410
6 5 1487860
6 11 156900
6 16 1432940
7 6 440410
7 21 1613270
7 5 788230
8 6 380880
8 10 136450
8 15 418900
9 12 123320
9 10 66490
10 15 1695910
10 8 136450
10 11 1795930
10 9 66490
11 4 1855730
11 6 156900
11 10 1795930
12 9 123320
12 14 878970
12 13 203250
12 15 574900
13 12 203250
13 15 1623690
13 17 1534100
13 16 544910
14 17 911880
14 12 878970
15 10 1695910
15 13 1623690
15 12 574900
15 8 418900
16 23 1392440
16 20 594780
16 6 1432940
16 13 544910
17 14 911880
17 13 1534100
17 19 277340
17 25 1984420
18 22 27240
18 25 2588580
18 19 170390
19 17 277340
19 18 170390
19 22 114620
20 16 594780
20 25 1739440
20 23 1335460
21 24 822160
21 23 841840
21 7 1613270
22 18 27240
22 19 114620
23 21 841840
23 24 712430
23 16 1392440
23 20 1335460
24 21 822160
24 23 712430
25 20 1739440
25 18 2588580
25 17 1984420
