0 4 143350
0 2 290
1 2 762810
1 5 1316840
1 3 332330
2 1 762810
2 0 290
2 4 1020620
3 4 289600
3 1 332330
3 5 21380
4 0 143350
4 3 289600
4 2 1020620
4 11 1509150
5 1 1316840
5 3 21380
5 7 618010
5 6 874310
6 8 253660
6 7 371010
6 5 874310
6 11 154380
6 16 829020
7 6 371010
7 21 1502640
7 5 618010
8 6 253660
8 10 166120
8 15 177020
9 12 118120
9 10 134390
10 15 1281920
10 8 166120
10 11 1410440
10 9 134390
11 4 1509150
11 6 154380
11 10 1410440
12 9 118120
12 14 167320
12 13 327990
12 15 485070
13 12 327990
13 15 1040080
13 17 935070
13 16 592230
14 17 183860
14 12 167320
15 10 1281920
15 13 1040080
15 12 485070
15 8 177020
16 23 1081310
16 20 358740
16 6 829020
16 13 592230
17 14 183860
17 13 935070
17 19 208630
17 25 747700
18 22 55130
18 25 1486530
18 19 98260
19 17 208630
19 18 98260
19 22 78190
20 16 358740
20 25 1398900
20 23 1150870
21 24 443730
21 23 954810
21 7 1502640
22 18 55130
22 19 78190
23 21 954810
23 24 595920
23 16 1081310
23 20 1150870
24 21 443730
24 23 595920
25 20 1398900
25 18 1486530
25 17 747700
