0 4 276720
0 2 80140
1 2 2236470
1 5 2972200
1 3 795720
2 1 2236470
2 0 80140
2 4 2011330
3 4 810710
3 1 795720
3 5 132970
4 0 276720
4 3 810710
4 2 2011330
4 11 3314680
5 1 2972200
5 3 132970
5 7 1357660
5 6 1976380
6 8 974940
6 7 1031940
6 5 1976380
6 11 280020
6 16 1725610
7 6 1031940
7 21 2412850
7 5 1357660
8 6 974940
8 10 247500
8 15 1003660
9 12 131770
9 10 178700
10 15 3184020
10 8 247500
10 11 3234500
10 9 178700
11 4 3314680
11 6 280020
11 10 3234500
12 9 131770
12 14 913800
12 13 179600
12 15 1853870
13 12 179600
13 15 2380100
13 17 2408910
13 16 775110
14 17 1053820
14 12 913800
15 10 3184020
15 13 2380100
15 12 1853870
15 8 1003660
16 23 1274280
16 20 1166860
16 6 1725610
16 13 775110
17 14 1053820
17 13 2408910
17 19 302750
17 25 2701310
18 22 357790
18 25 5012840
18 19 216690
19 17 302750
19 18 216690
19 22 179330
20 16 1166860
20 25 3585740
20 23 2526060
21 24 1004350
21 23 1549070
21 7 2412850
22 18 357790
22 19 179330
23 21 1549070
23 24 1473080
23 16 1274280
23 20 2526060
24 21 1004350
24 23 1473080
25 20 3585740
25 18 5012840
25 17 2701310
