0 4 166600
0 2 40840
1 2 739370
1 5 996100
1 3 157310
2 1 739370
2 0 40840
2 4 788400
3 4 141010
3 1 157310
3 5 22740
4 0 166600
4 3 141010
4 2 788400
4 11 1120400
5 1 996100
5 3 22740
5 7 414160
5 6 663590
6 8 224940
6 7 372940
6 5 663590
6 11 180140
6 16 666610
7 6 372940
7 21 1384260
7 5 414160
8 6 224940
8 10 69500
8 15 142590
9 12 152810
9 10 101220
10 15 914820
10 8 69500
10 11 1062110
10 9 101220
11 4 1120400
11 6 180140
11 10 1062110
12 9 152810
12 14 335790
12 13 217020
12 15 306790
13 12 217020
13 15 774240
13 17 747070
13 16 466750
14 17 328350
14 12 335790
15 10 914820
15 13 774240
15 12 306790
15 8 142590
16 23 816810
16 20 333850
16 6 666610
16 13 466750
17 14 328350
17 13 747070
17 19 191080
17 25 558320
18 22 28300
18 25 1386900
18 19 91100
19 17 191080
19 18 91100
19 22 111280
20 16 333850
20 25 1317730
20 23 1189870
21 24 528470
21 23 873900
21 7 1384260
22 18 28300
22 19 111280
23 21 873900
23 24 505660
23 16 816810
23 20 1189870
24 21 528470
24 23 505660
25 20 1317730
25 18 1386900
25 17 558320
