0 4 418360
0 2 109580
1 2 3020090
1 5 3460440
1 3 618460
2 1 3020090
2 0 109580
2 4 3087930
3 4 741040
3 1 618460
3 5 197780
4 0 418360
4 3 741040
4 2 3087930
4 11 4591780
5 1 3460440
5 3 197780
5 7 1900390
5 6 1951640
6 8 920980
6 7 1242920
6 5 1951640
6 11 314840
6 16 1845710
7 6 1242920
7 21 3659250
7 5 1900390
8 6 920980
8 10 341810
8 15 925780
9 12 257100
9 10 202860
10 15 4464350
10 8 341810
10 11 4720200
10 9 202860
11 4 4591780
11 6 314840
11 10 4720200
12 9 257100
12 14 664900
12 13 433530
12 15 1988380
13 12 433530
13 15 3680310
13 17 3230370
13 16 1357930
14 17 559450
14 12 664900
15 10 4464350
15 13 3680310
15 12 1988380
15 8 925780
16 23 2400590
16 20 873820
16 6 1845710
16 13 1357930
17 14 559450
17 13 3230370
17 19 401930
17 25 2964430
18 22 224430
18 25 5114500
18 19 218160
19 17 401930
19 18 218160
19 22 244000
20 16 873820
20 25 3497800
20 23 2809150
21 24 1503760
21 23 2244770
21 7 3659250
22 18 224430
22 19 244000
23 21 2244770
23 24 1472540
23 16 2400590
23 20 2809150
24 21 1503760
24 23 1472540
25 20 3497800
25 18 5114500
25 17 2964430
