0 4 210820
0 2 45310
1 2 1188750
1 5 1890070
1 3 522660
2 1 1188750
2 0 45310
2 4 1185470
3 4 692920
3 1 522660
3 5 91790
4 0 210820
4 3 692920
4 2 1185470
4 11 2027780
5 1 1890070
5 3 91790
5 7 709110
5 6 1510900
6 8 307450
6 7 448470
6 5 1510900
6 11 245290
6 16 1476080
7 6 448470
7 21 1387510
7 5 709110
8 6 307450
8 10 123390
8 15 175900
9 12 274210
9 10 93950
10 15 2072940
10 8 123390
10 11 2045740
10 9 93950
11 4 2027780
11 6 245290
11 10 2045740
12 9 274210
12 14 743790
12 13 68770
12 15 832800
13 12 68770
13 15 1560620
13 17 1508350
13 16 544930
14 17 640430
14 12 743790
15 10 2072940
15 13 1560620
15 12 832800
15 8 175900
16 23 1157400
16 20 824430
16 6 1476080
16 13 544930
17 14 640430
17 13 1508350
17 19 345900
17 25 1665360
18 22 56860
18 25 2835130
18 19 125330
19 17 345900
19 18 125330
19 22 145700
20 16 824430
20 25 2039740
20 23 1231900
21 24 718210
21 23 685490
21 7 1387510
22 18 56860
22 19 145700
23 21 685490
23 24 863320
23 16 1157400
23 20 1231900
24 21 718210
24 23 863320
25 20 2039740
25 18 2835130
25 17 1665360
