0 4 247710
0 2 55110
1 2 1641830
1 5 1751060
1 3 466660
2 1 1641830
2 0 55110
2 4 2078850
3 4 503330
3 1 466660
3 5 71650
4 0 247710
4 3 503330
4 2 2078850
4 11 2698270
5 1 1751060
5 3 71650
5 7 832180
5 6 1263410
6 8 295130
6 7 341380
6 5 1263410
6 11 188900
6 16 1223870
7 6 341380
7 21 1351660
7 5 832180
8 6 295130
8 10 163000
8 15 240330
9 12 76280
9 10 121110
10 15 2547780
10 8 163000
10 11 2566810
10 9 121110
11 4 2698270
11 6 188900
11 10 2566810
12 9 76280
12 14 1344990
12 13 412010
12 15 962950
13 12 412010
13 15 1980310
13 17 1847450
13 16 908100
14 17 1294870
14 12 1344990
15 10 2547780
15 13 1980310
15 12 962950
15 8 240330
16 23 1714240
16 20 538390
16 6 1223870
16 13 908100
17 14 1294870
17 13 1847450
17 19 267690
17 25 2741240
18 22 32530
18 25 3088060
18 19 164540
19 17 267690
19 18 164540
19 22 114420
20 16 538390
20 25 1611620
20 23 1188330
21 24 786020
21 23 689270
21 7 1351660
22 18 32530
22 19 114420
23 21 689270
23 24 634680
23 16 1714240
23 20 1188330
24 21 786020
24 23 634680
25 20 1611620
25 18 3088060
25 17 2741240
