0 4 156240
0 2 15040
1 2 1156050
1 5 1451960
1 3 179170
2 1 1156050
2 0 15040
2 4 1352270
3 4 275090
3 1 179170
3 5 69940
4 0 156240
4 3 275090
4 2 1352270
4 11 1751140
5 1 1451960
5 3 69940
5 7 712180
5 6 944840
6 8 452520
6 7 474720
6 5 944840
6 11 135110
6 16 851750
7 6 474720
7 21 1193650
7 5 712180
8 6 452520
8 10 85300
8 15 542070
9 12 167030
9 10 93050
10 15 1723510
10 8 85300
10 11 1804060
10 9 93050
11 4 1751140
11 6 135110
11 10 1804060
12 9 167030
12 14 735050
12 13 264060
12 15 673820
13 12 264060
13 15 1705620
13 17 1593790
13 16 606950
14 17 784760
14 12 735050
15 10 1723510
15 13 1705620
15 12 673820
15 8 542070
16 23 903070
16 20 476240
16 6 851750
16 13 606950
17 14 784760
17 13 1593790
17 19 255920
17 25 1813860
18 22 39840
18 25 2357250
18 19 106540
19 17 255920
19 18 106540
19 22 89930
20 16 476240
20 25 1367620
20 23 996750
21 24 545600
21 23 566540
21 7 1193650
22 18 39840
22 19 89930
23 21 566540
23 24 698290
23 16 903070
23 20 996750
24 21 545600
24 23 698290
25 20 1367620
25 18 2357250
25 17 1813860
