0 4 437240
0 2 43520
1 2 2496940
1 5 3891600
1 3 531440
2 1 2496940
2 0 43520
2 4 2988760
3 4 676600
3 1 531440
3 5 291290
4 0 437240
4 3 676600
4 2 2988760
4 11 4085490
5 1 3891600
5 3 291290
5 7 1640760
5 6 2662530
6 8 621840
6 7 1078670
6 5 2662530
6 11 403450
6 16 2301370
7 6 1078670
7 21 2800880
7 5 1640760
8 6 621840
8 10 96320
8 15 629610
9 12 264950
9 10 182500
10 15 3640720
10 8 96320
10 11 3893080
10 9 182500
11 4 4085490
11 6 403450
11 10 3893080
12 9 264950
12 14 1355010
12 13 620210
12 15 1460840
13 12 620210
13 15 2980760
13 17 2976980
13 16 1254390
14 17 1366750
14 12 1355010
15 10 3640720
15 13 2980760
15 12 1460840
15 8 629610
16 23 2627780
16 20 959300
16 6 2301370
16 13 1254390
17 14 1366750
17 13 2976980
17 19 627920
17 25 3115100
18 22 104990
18 25 4761250
18 19 369130
19 17 627920
19 18 369130
19 22 176710
20 16 959300
20 25 3782760
20 23 2823260
21 24 1537670
21 23 1454970
21 7 2800880
22 18 104990
22 19 176710
23 21 1454970
23 24 1564470
23 16 2627780
23 20 2823260
24 21 1537670
24 23 1564470
25 20 3782760
25 18 4761250
25 17 3115100
