0 4 444250
0 2 28520
1 2 2447150
1 5 4081980
1 3 492890
2 1 2447150
2 0 28520
2 4 2635780
3 4 610800
3 1 492890
3 5 239980
4 0 444250
4 3 610800
4 2 2635780
4 11 3783850
5 1 4081980
5 3 239980
5 7 1952850
5 6 2509600
6 8 522850
6 7 932900
6 5 2509600
6 11 400280
6 16 2205530
7 6 932900
7 21 2509140
7 5 1952850
8 6 522850
8 10 110970
8 15 591370
9 12 278410
9 10 184710
10 15 3530710
10 8 110970
10 11 3645350
10 9 184710
11 4 3783850
11 6 400280
11 10 3645350
12 9 278410
12 14 1182570
12 13 608920
12 15 1299810
13 12 608920
13 15 2883270
13 17 2864360
13 16 1320750
14 17 1300800
14 12 1182570
15 10 3530710
15 13 2883270
15 12 1299810
15 8 591370
16 23 2643660
16 20 896850
16 6 2205530
16 13 1320750
17 14 1300800
17 13 2864360
17 19 619860
17 25 2818720
18 22 84660
18 25 4721560
18 19 406530
19 17 619860
19 18 406530
19 22 235250
20 16 896850
20 25 3630740
20 23 2750970
21 24 1415940
21 23 1271360
21 7 2509140
22 18 84660
22 19 235250
23 21 1271360
23 24 1594280
23 16 2643660
23 20 2750970
24 21 1415940
24 23 1594280
25 20 3630740
25 18 4721560
25 17 2818720
