0 4 187130
0 2 1
1 2 541890
1 5 970750
1 3 258920
2 1 541890
2 0 1
2 4 623940
3 4 291760
3 1 258920
3 5 31010
4 0 187130
4 3 291760
4 2 623940
4 11 1228630
5 1 970750
5 3 31010
5 7 353940
5 6 751430
6 8 311570
6 7 425540
6 5 751430
6 11 183000
6 16 637050
7 6 425540
7 21 1177990
7 5 353940
8 6 311570
8 10 88820
8 15 218560
9 12 47680
9 10 118710
10 15 1087120
10 8 88820
10 11 1150140
10 9 118710
11 4 1228630
11 6 183000
11 10 1150140
12 9 47680
12 14 231680
12 13 300190
12 15 471000
13 12 300190
13 15 820540
13 17 713250
13 16 538110
14 17 299260
14 12 231680
15 10 1087120
15 13 820540
15 12 471000
15 8 218560
16 23 721380
16 20 421020
16 6 637050
16 13 538110
17 14 299260
17 13 713250
17 19 96310
17 25 661140
18 22 86630
18 25 1408060
18 19 54530
19 17 96310
19 18 54530
19 22 42040
20 16 421020
20 25 1269740
20 23 811500
21 24 504320
21 23 649730
21 7 1177990
22 18 86630
22 19 42040
23 21 649730
23 24 363890
23 16 721380
23 20 811500
24 21 504320
24 23 363890
25 20 1269740
25 18 1408060
25 17 661140
