0 4 344300
0 2 129180
1 2 1714350
1 5 1669920
1 3 441510
2 1 1714350
2 0 129180
2 4 2414040
3 4 462100
3 1 441510
3 5 109040
4 0 344300
4 3 462100
4 2 2414040
4 11 3175030
5 1 1669920
5 3 109040
5 7 873630
5 6 1181630
6 8 558830
6 7 725010
6 5 1181630
6 11 295370
6 16 1204860
7 6 725010
7 21 1694380
7 5 873630
8 6 558830
8 10 201140
8 15 565720
9 12 186540
9 10 139530
10 15 2905940
10 8 201140
10 11 2966160
10 9 139530
11 4 3175030
11 6 295370
11 10 2966160
12 9 186540
12 14 1216850
12 13 495370
12 15 1131880
13 12 495370
13 15 2375660
13 17 2284430
13 16 851720
14 17 1359980
14 12 1216850
15 10 2905940
15 13 2375660
15 12 1131880
15 8 565720
16 23 1442930
16 20 668120
16 6 1204860
16 13 851720
17 14 1359980
17 13 2284430
17 19 219950
17 25 3243600
18 22 150210
18 25 3659520
18 19 296030
19 17 219950
19 18 296030
19 22 101860
20 16 668120
20 25 2158860
20 23 1652800
21 24 1042450
21 23 879770
21 7 1694380
22 18 150210
22 19 101860
23 21 879770
23 24 754450
23 16 1442930
23 20 1652800
24 21 1042450
24 23 754450
25 20 2158860
25 18 3659520
25 17 3243600
