0 4 178160
0 2 89790
1 2 2588980
1 5 3173700
1 3 824190
2 1 2588980
2 0 89790
2 4 2715460
3 4 920100
3 1 824190
3 5 104030
4 0 178160
4 3 920100
4 2 2715460
4 11 4014610
5 1 3173700
5 3 104030
5 7 1384480
5 6 2338580
6 8 609010
6 7 963250
6 5 2338580
6 11 188050
6 16 2019730
7 6 963250
7 21 2258740
7 5 1384480
8 6 609010
8 10 297130
8 15 523050
9 12 417960
9 10 221480
10 15 3899550
10 8 297130
10 11 4066950
10 9 221480
11 4 4014610
11 6 188050
11 10 4066950
12 9 417960
12 14 1675690
12 13 1210860
12 15 1419940
13 12 1210860
13 15 2968460
13 17 2584600
13 16 2012630
14 17 1740330
14 12 1675690
15 10 3899550
15 13 2968460
15 12 1419940
15 8 523050
16 23 2789320
16 20 981130
16 6 2019730
16 13 2012630
17 14 1740330
17 13 2584600
17 19 701420
17 25 3283280
18 22 290610
18 25 6106120
18 19 347040
19 17 701420
19 18 347040
19 22 410100
20 16 981130
20 25 3374210
20 23 2528370
21 24 1210380
21 23 1267090
21 7 2258740
22 18 290610
22 19 410100
23 21 1267090
23 24 1800860
23 16 2789320
23 20 2528370
24 21 1210380
24 23 1800860
25 20 3374210
25 18 6106120
25 17 3283280
