0 4 541030
0 2 24870
1 2 2990740
1 5 3892260
1 3 678120
2 1 2990740
2 0 24870
2 4 4412820
3 4 764560
3 1 678120
3 5 224160
4 0 541030
4 3 764560
4 2 4412820
4 11 6048230
5 1 3892260
5 3 224160
5 7 2214750
5 6 2294800
6 8 1554830
6 7 1815240
6 5 2294800
6 11 615910
6 16 2035630
7 6 1815240
7 21 2325780
7 5 2214750
8 6 1554830
8 10 326350
8 15 1590020
9 12 365440
9 10 209450
10 15 5697710
10 8 326350
10 11 5871010
10 9 209450
11 4 6048230
11 6 615910
11 10 5871010
12 9 365440
12 14 1202720
12 13 639290
12 15 2196170
13 12 639290
13 15 5045850
13 17 5130750
13 16 1577270
14 17 1167990
14 12 1202720
15 10 5697710
15 13 5045850
15 12 2196170
15 8 1590020
16 23 2365300
16 20 1297440
16 6 2035630
16 13 1577270
17 14 1167990
17 13 5130750
17 19 840060
17 25 4645210
18 22 418590
18 25 6263270
18 19 378120
19 17 840060
19 18 378120
19 22 354010
20 16 1297440
20 25 3853010
20 23 2465890
21 24 1585330
21 23 908350
21 7 2325780
22 18 418590
22 19 354010
23 21 908350
23 24 2045550
23 16 2365300
23 20 2465890
24 21 1585330
24 23 2045550
25 20 3853010
25 18 6263270
25 17 4645210
