0 4 116970
0 2 57070
1 2 702230
1 5 1407600
1 3 248510
2 1 702230
2 0 57070
2 4 1116290
3 4 259970
3 1 248510
3 5 1
4 0 116970
4 3 259970
4 2 1116290
4 11 1562180
5 1 1407600
5 3 1
5 7 593070
5 6 954570
6 8 470660
6 7 467360
6 5 954570
6 11 125560
6 16 968240
7 6 467360
7 21 749430
7 5 593070
8 6 470660
8 10 88060
8 15 531800
9 12 155120
9 10 75070
10 15 1731810
10 8 88060
10 11 1600680
10 9 75070
11 4 1562180
11 6 125560
11 10 1600680
12 9 155120
12 14 621340
12 13 183900
12 15 861340
13 12 183900
13 15 1421980
13 17 1307490
13 16 672700
14 17 702990
14 12 621340
15 10 1731810
15 13 1421980
15 12 861340
15 8 531800
16 23 1028920
16 20 460700
16 6 968240
16 13 672700
17 14 702990
17 13 1307490
17 19 252230
17 25 1464280
18 22 115500
18 25 2376140
18 19 110270
19 17 252230
19 18 110270
19 22 238540
20 16 460700
20 25 1686880
20 23 1337460
21 24 284280
21 23 414560
21 7 749430
22 18 115500
22 19 238540
23 21 414560
23 24 897440
23 16 1028920
23 20 1337460
24 21 284280
24 23 897440
25 20 1686880
25 18 2376140
25 17 1464280
