0 4 3131280
0 2 4593200
1 2 7272200
1 5 5626530
1 3 5235260
2 1 7272200
2 0 4593200
2 4 6839460
3 4 4802520
3 1 5235260
3 5 4618770
4 0 3131280
4 3 4802520
4 2 6839460
4 11 5392150
5 1 5626530
5 3 4618770
5 7 4433950
5 6 4998500
6 8 4071220
6 7 4422410
6 5 4998500
6 11 5196860
6 16 4734860
7 6 4422410
7 21 3243730
7 5 4433950
8 6 4071220
8 10 4453780
8 15 4238570
9 12 3612170
9 10 3757510
10 15 5536870
10 8 4453780
10 11 5579420
10 9 3757510
11 4 5392150
11 6 5196860
11 10 5579420
12 9 3612170
12 14 4724970
12 13 5674420
12 15 5391530
13 12 5674420
13 15 5604550
13 17 6675640
13 16 5185100
14 17 5726190
14 12 4724970
15 10 5536870
15 13 5604550
15 12 5391530
15 8 4238570
16 23 6188710
16 20 5384610
16 6 4734860
16 13 5185100
17 14 5726190
17 13 6675640
17 19 5722850
17 25 8294820
18 22 3827520
18 25 7960190
18 19 5388220
19 17 5722850
19 18 5388220
19 22 2421160
20 16 5384610
20 25 7706130
20 23 7090560
21 24 3212900
21 23 5262130
21 7 3243730
22 18 3827520
22 19 2421160
23 21 5262130
23 24 5845430
23 16 6188710
23 20 7090560
24 21 3212900
24 23 5845430
25 20 7706130
25 18 7960190
25 17 8294820
