0 4 1014340
0 2 1860480
1 2 2952180
1 5 2465530
1 3 2092190
2 1 2952180
2 0 1860480
2 4 2577380
3 4 1717390
3 1 2092190
3 5 2076880
4 0 1014340
4 3 1717390
4 2 2577380
4 11 1870290
5 1 2465530
5 3 2076880
5 7 2784740
5 6 2888100
6 8 2467730
6 7 3222620
6 5 2888100
6 11 2667660
6 16 2890450
7 6 3222620
7 21 2741010
7 5 2784740
8 6 2467730
8 10 2087820
8 15 2295730
9 12 2114590
9 10 1824060
10 15 2774070
10 8 2087820
10 11 2287750
10 9 1824060
11 4 1870290
11 6 2667660
11 10 2287750
12 9 2114590
12 14 2940020
12 13 2860960
12 15 3064600
13 12 2860960
13 15 2778340
13 17 3521990
13 16 2514810
14 17 3601050
14 12 2940020
15 10 2774070
15 13 2778340
15 12 3064600
15 8 2295730
16 23 3223540
16 20 2893680
16 6 2890450
16 13 2514810
17 14 3601050
17 13 3521990
17 19 3290750
17 25 4840540
18 22 2248830
18 25 4656130
18 19 3106340
19 17 3290750
19 18 3106340
19 22 1254710
20 16 2893680
20 25 4272120
20 23 3662300
21 24 2081640
21 23 3177460
21 7 2741010
22 18 2248830
22 19 1254710
23 21 3177460
23 24 2896340
23 16 3223540
23 20 3662300
24 21 2081640
24 23 2896340
25 20 4272120
25 18 4656130
25 17 4840540
