0 4 2729250
0 2 2378430
1 2 3672890
1 5 4010460
1 3 3231310
2 1 3672890
2 0 2378430
2 4 3967620
3 4 3526040
3 1 3231310
3 5 3512790
4 0 2729250
4 3 3526040
4 2 3967620
4 11 4508150
5 1 4010460
5 3 3512790
5 7 4574010
5 6 4361430
6 8 3497360
6 7 4643500
6 5 4361430
6 11 4564390
6 16 4183670
7 6 4643500
7 21 4893690
7 5 4574010
8 6 3497360
8 10 3264950
8 15 3437680
9 12 3669560
9 10 2555610
10 15 4138830
10 8 3264950
10 11 4331980
10 9 2555610
11 4 4508150
11 6 4564390
11 10 4331980
12 9 3669560
12 14 4557750
12 13 5472570
12 15 5252780
13 12 5472570
13 15 4531350
13 17 5249580
13 16 4343780
14 17 4334760
14 12 4557750
15 10 4138830
15 13 4531350
15 12 5252780
15 8 3437680
16 23 5441320
16 20 4070840
16 6 4183670
16 13 4343780
17 14 4334760
17 13 5249580
17 19 4423380
17 25 6541620
18 22 3668140
18 25 7266810
18 19 5148570
19 17 4423380
19 18 5148570
19 22 1618310
20 16 4070840
20 25 5770240
20 23 5575740
21 24 4098730
21 23 5938760
21 7 4893690
22 18 3668140
22 19 1618310
23 21 5938760
23 24 5106190
23 16 5441320
23 20 5575740
24 21 4098730
24 23 5106190
25 20 5770240
25 18 7266810
25 17 6541620
