0 4 5204950
0 2 6334070
1 2 10451390
1 5 9278750
1 3 7929560
2 1 10451390
2 0 6334070
2 4 10576860
3 4 8055030
3 1 7929560
3 5 8011510
4 0 5204950
4 3 8055030
4 2 10576860
4 11 9399440
5 1 9278750
5 3 8011510
5 7 8998420
5 6 8237490
6 8 5031110
6 7 7875210
6 5 8237490
6 11 8232710
6 16 6607620
7 6 7875210
7 21 6642350
7 5 8998420
8 6 5031110
8 10 5659010
8 15 5773880
9 12 4528990
9 10 5602430
10 15 8484950
10 8 5659010
10 11 8860610
10 9 5602430
11 4 9399440
11 6 8232710
11 10 8860610
12 9 4528990
12 14 4880020
12 13 6487380
12 15 7411510
13 12 6487380
13 15 7675690
13 17 6912580
13 16 6426260
14 17 5305220
14 12 4880020
15 10 8484950
15 13 7675690
15 12 7411510
15 8 5773880
16 23 7241750
16 20 5207080
16 6 6607620
16 13 6426260
17 14 5305220
17 13 6912580
17 19 6352600
17 25 7046080
18 22 5134630
18 25 8468750
18 19 7775270
19 17 6352600
19 18 7775270
19 22 2990960
20 16 5207080
20 25 5665880
20 23 6347870
21 24 4202990
21 23 6515550
21 7 6642350
22 18 5134630
22 19 2990960
23 21 6515550
23 24 6069980
23 16 7241750
23 20 6347870
24 21 4202990
24 23 6069980
25 20 5665880
25 18 8468750
25 17 7046080
