0 4 2679410
0 2 3705120
1 2 5550740
1 5 4483230
1 3 3718620
2 1 5550740
2 0 3705120
2 4 5732430
3 4 3900310
3 1 3718620
3 5 3858510
4 0 2679410
4 3 3900310
4 2 5732430
4 11 4819770
5 1 4483230
5 3 3858510
5 7 5542950
5 6 5049720
6 8 4046620
6 7 5969550
6 5 5049720
6 11 5204570
6 16 4431880
7 6 5969550
7 21 5544730
7 5 5542950
8 6 4046620
8 10 3535750
8 15 3621220
9 12 2609800
9 10 3022440
10 15 4540050
10 8 3535750
10 11 4693700
10 9 3022440
11 4 4819770
11 6 5204570
11 10 4693700
12 9 2609800
12 14 3365330
12 13 3990820
12 15 4127410
13 12 3990820
13 15 4488930
13 17 4533560
13 16 3869890
14 17 3908070
14 12 3365330
15 10 4540050
15 13 4488930
15 12 4127410
15 8 3621220
16 23 5272190
16 20 4199320
16 6 4431880
16 13 3869890
17 14 3908070
17 13 4533560
17 19 4272540
17 25 5001910
18 22 4157980
18 25 6424430
18 19 5695060
19 17 4272540
19 18 5695060
19 22 2293220
20 16 4199320
20 25 5150120
20 23 6084070
21 24 4014640
21 23 5891810
21 7 5544730
22 18 4157980
22 19 2293220
23 21 5891810
23 24 5279770
23 16 5272190
23 20 6084070
24 21 4014640
24 23 5279770
25 20 5150120
25 18 6424430
25 17 5001910
