0 4 3237630
0 2 3895940
1 2 6565740
1 5 6085060
1 3 5310990
2 1 6565740
2 0 3895940
2 4 6165930
3 4 4911180
3 1 5310990
3 5 5088810
4 0 3237630
4 3 4911180
4 2 6165930
4 11 5782150
5 1 6085060
5 3 5088810
5 7 5158830
5 6 5620630
6 8 3504270
6 7 4916580
6 5 5620630
6 11 5717530
6 16 4816240
7 6 4916580
7 21 4170000
7 5 5158830
8 6 3504270
8 10 3356260
8 15 3427700
9 12 3397060
9 10 3354840
10 15 5153800
10 8 3356260
10 11 5569520
10 9 3354840
11 4 5782150
11 6 5717530
11 10 5569520
12 9 3397060
12 14 4534800
12 13 4726450
12 15 5196020
13 12 4726450
13 15 4755670
13 17 5015660
13 16 4270100
14 17 4824010
14 12 4534800
15 10 5153800
15 13 4755670
15 12 5196020
15 8 3427700
16 23 4641020
16 20 4082470
16 6 4816240
16 13 4270100
17 14 4824010
17 13 5015660
17 19 5063100
17 25 5197540
18 22 3831410
18 25 5787380
18 19 5652940
19 17 5063100
19 18 5652940
19 22 2559450
20 16 4082470
20 25 4280350
20 23 4469390
21 24 4328150
21 23 4456580
21 7 4170000
22 18 3831410
22 19 2559450
23 21 4456580
23 24 4899510
23 16 4641020
23 20 4469390
24 21 4328150
24 23 4899510
25 20 4280350
25 18 5787380
25 17 5197540
