0 4 3511210
0 2 4752800
1 2 9237620
1 5 7821910
1 3 7575780
2 1 9237620
2 0 4752800
2 4 7723370
3 4 6061530
3 1 7575780
3 5 5887410
4 0 3511210
4 3 6061530
4 2 7723370
4 11 6711530
5 1 7821910
5 3 5887410
5 7 6578840
5 6 6124420
6 8 4663590
6 7 6569720
6 5 6124420
6 11 6528290
6 16 5261610
7 6 6569720
7 21 5905930
7 5 6578840
8 6 4663590
8 10 5396790
8 15 5176330
9 12 4114600
9 10 5019580
10 15 7361240
10 8 5396790
10 11 7261490
10 9 5019580
11 4 6711530
11 6 6528290
11 10 7261490
12 9 4114600
12 14 4337590
12 13 5591660
12 15 6456260
13 12 5591660
13 15 6276180
13 17 6236240
13 16 4909750
14 17 4982170
14 12 4337590
15 10 7361240
15 13 6276180
15 12 6456260
15 8 5176330
16 23 5181750
16 20 4690930
16 6 5261610
16 13 4909750
17 14 4982170
17 13 6236240
17 19 6053800
17 25 8221490
18 22 5859580
18 25 9936750
18 19 7769060
19 17 6053800
19 18 7769060
19 22 3137220
20 16 4690930
20 25 7178010
20 23 5464760
21 24 4332720
21 23 5371650
21 7 5905930
22 18 5859580
22 19 3137220
23 21 5371650
23 24 4916650
23 16 5181750
23 20 5464760
24 21 4332720
24 23 4916650
25 20 7178010
25 18 9936750
25 17 8221490
