0 4 1910380
0 2 2171260
1 2 4177740
1 5 4034620
1 3 3439940
2 1 4177740
2 0 2171260
2 4 3916300
3 4 3178500
3 1 3439940
3 5 3296260
4 0 1910380
4 3 3178500
4 2 3916300
4 11 3772160
5 1 4034620
5 3 3296260
5 7 3539550
5 6 3725790
6 8 2606370
6 7 3374400
6 5 3725790
6 11 3724770
6 16 3394430
7 6 3374400
7 21 3069140
7 5 3539550
8 6 2606370
8 10 2577090
8 15 2709950
9 12 2646520
9 10 2335440
10 15 3634940
10 8 2577090
10 11 3695490
10 9 2335440
11 4 3772160
11 6 3724770
11 10 3695490
12 9 2646520
12 14 3071360
12 13 3742570
12 15 3946020
13 12 3742570
13 15 3564350
13 17 3584520
13 16 3294560
14 17 2913310
14 12 3071360
15 10 3634940
15 13 3564350
15 12 3946020
15 8 2709950
16 23 4059990
16 20 3553610
16 6 3394430
16 13 3294560
17 14 2913310
17 13 3584520
17 19 3093870
17 25 4202930
18 22 2657800
18 25 4601170
18 19 3492110
19 17 3093870
19 18 3492110
19 22 1545290
20 16 3553610
20 25 4238360
20 23 4385380
21 24 2857730
21 23 3920940
21 7 3069140
22 18 2657800
22 19 1545290
23 21 3920940
23 24 3828550
23 16 4059990
23 20 4385380
24 21 2857730
24 23 3828550
25 20 4238360
25 18 4601170
25 17 4202930
