0 4 2573430
0 2 3200500
1 2 5221850
1 5 4567480
1 3 3884670
2 1 5221850
2 0 3200500
2 4 5214250
3 4 3877070
3 1 3884670
3 5 3849770
4 0 2573430
4 3 3877070
4 2 5214250
4 11 4882110
5 1 4567480
5 3 3849770
5 7 5231300
5 6 4518260
6 8 3244450
6 7 5216980
6 5 4518260
6 11 4840490
6 16 4099650
7 6 5216980
7 21 4272760
7 5 5231300
8 6 3244450
8 10 3164450
8 15 3236790
9 12 3523770
9 10 3083120
10 15 4416280
10 8 3164450
10 11 4760490
10 9 3083120
11 4 4882110
11 6 4840490
11 10 4760490
12 9 3523770
12 14 4267560
12 13 4732590
12 15 4856930
13 12 4732590
13 15 4364280
13 17 4992830
13 16 3967650
14 17 4527800
14 12 4267560
15 10 4416280
15 13 4364280
15 12 4856930
15 8 3236790
16 23 4502840
16 20 4134640
16 6 4099650
16 13 3967650
17 14 4527800
17 13 4992830
17 19 4941350
17 25 6005830
18 22 4191230
18 25 7001470
18 19 5936990
19 17 4941350
19 18 5936990
19 22 2391220
20 16 4134640
20 25 5419930
20 23 4942120
21 24 2534580
21 23 3962910
21 7 4272760
22 18 4191230
22 19 2391220
23 21 3962910
23 24 3881990
23 16 4502840
23 20 4942120
24 21 2534580
24 23 3881990
25 20 5419930
25 18 7001470
25 17 6005830
