0 4 2861340
0 2 3080180
1 2 6000290
1 5 5995060
1 3 5280220
2 1 6000290
2 0 3080180
2 4 5369840
3 4 4649770
3 1 5280220
3 5 4863380
4 0 2861340
4 3 4649770
4 2 5369840
4 11 5162720
5 1 5995060
5 3 4863380
5 7 5277120
5 6 5754980
6 8 4406310
6 7 5453880
6 5 5754980
6 11 5553090
6 16 5326330
7 6 5453880
7 21 4629160
7 5 5277120
8 6 4406310
8 10 3967390
8 15 4403470
9 12 3680530
9 10 3645770
10 15 5489980
10 8 3967390
10 11 5114170
10 9 3645770
11 4 5162720
11 6 5553090
11 10 5114170
12 9 3680530
12 14 4171790
12 13 5260740
12 15 5524740
13 12 5260740
13 15 5662060
13 17 6036350
13 16 5059490
14 17 4947400
14 12 4171790
15 10 5489980
15 13 5662060
15 12 5524740
15 8 4403470
16 23 5654090
16 20 5031310
16 6 5326330
16 13 5059490
17 14 4947400
17 13 6036350
17 19 5815430
17 25 6702270
18 22 4497170
18 25 7714260
18 19 6827420
19 17 5815430
19 18 6827420
19 22 2625970
20 16 5031310
20 25 6035800
20 23 5964480
21 24 4741720
21 23 5434780
21 7 4629160
22 18 4497170
22 19 2625970
23 21 5434780
23 24 5894200
23 16 5654090
23 20 5964480
24 21 4741720
24 23 5894200
25 20 6035800
25 18 7714260
25 17 6702270
