0 4 2264960
0 2 3330010
1 2 5544560
1 5 4383010
1 3 3921200
2 1 5544560
2 0 3330010
2 4 4958190
3 4 3334830
3 1 3921200
3 5 3238330
4 0 2264960
4 3 3334830
4 2 4958190
4 11 3933260
5 1 4383010
5 3 3238330
5 7 4363880
5 6 4366460
6 8 3957700
6 7 5030200
6 5 4366460
6 11 4503080
6 16 4904790
7 6 5030200
7 21 4960060
7 5 4363880
8 6 3957700
8 10 3268930
8 15 4073730
9 12 3800780
9 10 2371930
10 15 4460040
10 8 3268930
10 11 3814310
10 9 2371930
11 4 3933260
11 6 4503080
11 10 3814310
12 9 3800780
12 14 5133020
12 13 5628700
12 15 5888890
13 12 5628700
13 15 5004650
13 17 5225830
13 16 4760630
14 17 4730150
14 12 5133020
15 10 4460040
15 13 5004650
15 12 5888890
15 8 4073730
16 23 6049500
16 20 4709350
16 6 4904790
16 13 4760630
17 14 4730150
17 13 5225830
17 19 4771020
17 25 5199720
18 22 3495710
18 25 5749180
18 19 5320480
19 17 4771020
19 18 5320480
19 22 2010070
20 16 4709350
20 25 4667070
20 23 5982050
21 24 5382390
21 23 6107350
21 7 4960060
22 18 3495710
22 19 2010070
23 21 6107350
23 24 6597240
23 16 6049500
23 20 5982050
24 21 5382390
24 23 6597240
25 20 4667070
25 18 5749180
25 17 5199720
