0 4 2906670
0 2 3406930
1 2 6365620
1 5 5978370
1 3 5290340
2 1 6365620
2 0 3406930
2 4 5838880
3 4 4763600
3 1 5290340
3 5 4876610
4 0 2906670
4 3 4763600
4 2 5838880
4 11 5362800
5 1 5978370
5 3 4876610
5 7 6796210
5 6 5775630
6 8 4450390
6 7 7007200
6 5 5775630
6 11 5686800
6 16 4829080
7 6 7007200
7 21 5962090
7 5 6796210
8 6 4450390
8 10 4126350
8 15 4392260
9 12 4379410
9 10 3737210
10 15 5604450
10 8 4126350
10 11 5362760
10 9 3737210
11 4 5362800
11 6 5686800
11 10 5362760
12 9 4379410
12 14 5124490
12 13 6120870
12 15 6246650
13 12 6120870
13 15 5744580
13 17 6276580
13 16 4645170
14 17 5280200
14 12 5124490
15 10 5604450
15 13 5744580
15 12 6246650
15 8 4392260
16 23 6562200
16 20 6099050
16 6 4829080
16 13 4645170
17 14 5280200
17 13 6276580
17 19 5837130
17 25 8618060
18 22 5600790
18 25 10464060
18 19 7683130
19 17 5837130
19 18 7683130
19 22 2657560
20 16 6099050
20 25 9414160
20 23 8989710
21 24 4246510
21 23 6674630
21 7 5962090
22 18 5600790
22 19 2657560
23 21 6674630
23 24 7024740
23 16 6562200
23 20 8989710
24 21 4246510
24 23 7024740
25 20 9414160
25 18 10464060
25 17 8618060
