0 4 3037870
0 2 3041760
1 2 5182820
1 5 5139100
1 3 4519880
2 1 5182820
2 0 3041760
2 4 4989590
3 4 4326650
3 1 4519880
3 5 4286820
4 0 3037870
4 3 4326650
4 2 4989590
4 11 4947890
5 1 5139100
5 3 4286820
5 7 5207480
5 6 5753620
6 8 5240700
6 7 6055060
6 5 5753620
6 11 5755640
6 16 6242790
7 6 6055060
7 21 5206760
7 5 5207480
8 6 5240700
8 10 4045120
8 15 4604920
9 12 3953940
9 10 3038170
10 15 4769840
10 8 4045120
10 11 4560060
10 9 3038170
11 4 4947890
11 6 5755640
11 10 4560060
12 9 3953940
12 14 5011200
12 13 5993140
12 15 5685610
13 12 5993140
13 15 5637170
13 17 6269430
13 16 5914540
14 17 5287490
14 12 5011200
15 10 4769840
15 13 5637170
15 12 5685610
15 8 4604920
16 23 7239060
16 20 5667530
16 6 6242790
16 13 5914540
17 14 5287490
17 13 6269430
17 19 5790490
17 25 6669700
18 22 4680540
18 25 7272460
18 19 6393250
19 17 5790490
19 18 6393250
19 22 3274110
20 16 5667530
20 25 6097960
20 23 7022210
21 24 4238590
21 23 6749170
21 7 5206760
22 18 4680540
22 19 3274110
23 21 6749170
23 24 6083160
23 16 7239060
23 20 7022210
24 21 4238590
24 23 6083160
25 20 6097960
25 18 7272460
25 17 6669700
