0 4 2193350
0 2 2610610
1 2 4826640
1 5 4564220
1 3 4165810
2 1 4826640
2 0 2610610
2 4 4355360
3 4 3694530
3 1 4165810
3 5 3849370
4 0 2193350
4 3 3694530
4 2 4355360
4 11 3780550
5 1 4564220
5 3 3849370
5 7 4067970
5 6 4118440
6 8 2980600
6 7 3938630
6 5 4118440
6 11 3806050
6 16 4204090
7 6 3938630
7 21 3551520
7 5 4067970
8 6 2980600
8 10 3058850
8 15 3018880
9 12 2577650
9 10 2778210
10 15 4105630
10 8 3058850
10 11 3884300
10 9 2778210
11 4 3780550
11 6 3806050
11 10 3884300
12 9 2577650
12 14 2804710
12 13 3985260
12 15 3905070
13 12 3985260
13 15 4145850
13 17 3917120
13 16 4322560
14 17 2736570
14 12 2804710
15 10 4105630
15 13 4145850
15 12 3905070
15 8 3018880
16 23 5319160
16 20 3859810
16 6 4204090
16 13 4322560
17 14 2736570
17 13 3917120
17 19 3125470
17 25 3967320
18 22 2528600
18 25 4551030
18 19 3709180
19 17 3125470
19 18 3709180
19 22 1462160
20 16 3859810
20 25 3813490
20 23 4759890
21 24 2708380
21 23 4717060
21 7 3551520
22 18 2528600
22 19 1462160
23 21 4717060
23 24 4210560
23 16 5319160
23 20 4759890
24 21 2708380
24 23 4210560
25 20 3813490
25 18 4551030
25 17 3967320
