0 4 1809120
0 2 2272610
1 2 3834170
1 5 3665740
1 3 2920520
2 1 3834170
2 0 2272610
2 4 3701230
3 4 2787580
3 1 2920520
3 5 3082640
4 0 1809120
4 3 2787580
4 2 3701230
4 11 3340150
5 1 3665740
5 3 3082640
5 7 4406120
5 6 3882050
6 8 2896010
6 7 4460310
6 5 3882050
6 11 3689400
6 16 3604590
7 6 4460310
7 21 4265080
7 5 4406120
8 6 2896010
8 10 2624640
8 15 2709110
9 12 2028220
9 10 2294460
10 15 3477970
10 8 2624640
10 11 3418030
10 9 2294460
11 4 3340150
11 6 3689400
11 10 3418030
12 9 2028220
12 14 2429830
12 13 2844150
12 15 3211730
13 12 2844150
13 15 3194860
13 17 3385960
13 16 3050110
14 17 2971640
14 12 2429830
15 10 3477970
15 13 3194860
15 12 3211730
15 8 2709110
16 23 4473800
16 20 3403570
16 6 3604590
16 13 3050110
17 14 2971640
17 13 3385960
17 19 3508190
17 25 4411120
18 22 2884930
18 25 5046960
18 19 4144030
19 17 3508190
19 18 4144030
19 22 1812640
20 16 3403570
20 25 4205900
20 23 4604430
21 24 3318830
21 23 4610220
21 7 4265080
22 18 2884930
22 19 1812640
23 21 4610220
23 24 4383270
23 16 4473800
23 20 4604430
24 21 3318830
24 23 4383270
25 20 4205900
25 18 5046960
25 17 4411120
