0 4 4427610
0 2 4677430
1 2 9241730
1 5 9135240
1 3 8128900
2 1 9241730
2 0 4677430
2 4 8350840
3 4 7238010
3 1 8128900
3 5 7381340
4 0 4427610
4 3 7238010
4 2 8350840
4 11 8049350
5 1 9135240
5 3 7381340
5 7 7953070
5 6 7793040
6 8 4995300
6 7 7358430
6 5 7793040
6 11 7598040
6 16 6498960
7 6 7358430
7 21 7034520
7 5 7953070
8 6 4995300
8 10 5359290
8 15 5502570
9 12 4723060
9 10 5073830
10 15 8069660
10 8 5359290
10 11 7962030
10 9 5073830
11 4 8049350
11 6 7598040
11 10 7962030
12 9 4723060
12 14 5723040
12 13 6788560
12 15 7718890
13 12 6788560
13 15 7282610
13 17 7308540
13 16 6075900
14 17 6243020
14 12 5723040
15 10 8069660
15 13 7282610
15 12 7718890
15 8 5502570
16 23 6309840
16 20 5990750
16 6 6498960
16 13 6075900
17 14 6243020
17 13 7308540
17 19 6859970
17 25 8795860
18 22 4587280
18 25 9146180
18 19 7210290
19 17 6859970
19 18 7210290
19 22 2832130
20 16 5990750
20 25 7754450
20 23 6501070
21 24 5910480
21 23 6685370
21 7 7034520
22 18 4587280
22 19 2832130
23 21 6685370
23 24 6045270
23 16 6309840
23 20 6501070
24 21 5910480
24 23 6045270
25 20 7754450
25 18 9146180
25 17 8795860
