0 4 2994240
0 2 4237680
1 2 7056210
1 5 5637850
1 3 5272230
2 1 7056210
2 0 4237680
2 4 6522040
3 4 4738060
3 1 5272230
3 5 4563140
4 0 2994240
4 3 4738060
4 2 6522040
4 11 5621350
5 1 5637850
5 3 4563140
5 7 5265190
5 6 4627600
6 8 3136900
6 7 4964030
6 5 4627600
6 11 5145270
6 16 3871780
7 6 4964030
7 21 4857950
7 5 5265190
8 6 3136900
8 10 3506970
8 15 3322100
9 12 3045330
9 10 3297770
10 15 4881710
10 8 3506970
10 11 5515340
10 9 3297770
11 4 5621350
11 6 5145270
11 10 5515340
12 9 3045330
12 14 4038390
12 13 4681890
12 15 4629270
13 12 4681890
13 15 4749460
13 17 5378130
13 16 4109600
14 17 4734630
14 12 4038390
15 10 4881710
15 13 4749460
15 12 4629270
15 8 3322100
16 23 5091990
16 20 4052090
16 6 3871780
16 13 4109600
17 14 4734630
17 13 5378130
17 19 5239780
17 25 5784440
18 22 3768000
18 25 6143410
18 19 5598750
19 17 5239780
19 18 5598750
19 22 2694630
20 16 4052090
20 25 5150880
20 23 5726960
21 24 3795600
21 23 5440570
21 7 4857950
22 18 3768000
22 19 2694630
23 21 5440570
23 24 5121890
23 16 5091990
23 20 5726960
24 21 3795600
24 23 5121890
25 20 5150880
25 18 6143410
25 17 5784440
