0 4 3847780
0 2 3510130
1 2 7987310
1 5 7983080
1 3 7617030
2 1 7987310
2 0 3510130
2 4 6901790
3 4 6531510
3 1 7617030
3 5 6189630
4 0 3847780
4 3 6531510
4 2 6901790
4 11 7307690
5 1 7983080
5 3 6189630
5 7 8186700
5 6 7310670
6 8 5534470
6 7 8941690
6 5 7310670
6 11 7720800
6 16 6630620
7 6 8941690
7 21 7791660
7 5 8186700
8 6 5534470
8 10 4749500
8 15 4962620
9 12 4189840
9 10 4605450
10 15 6708840
10 8 4749500
10 11 6935830
10 9 4605450
11 4 7307690
11 6 7720800
11 10 6935830
12 9 4189840
12 14 4561390
12 13 5915290
12 15 6293230
13 12 5915290
13 15 6544020
13 17 6889580
13 16 5680830
14 17 5535680
14 12 4561390
15 10 6708840
15 13 6544020
15 12 6293230
15 8 4962620
16 23 7259290
16 20 6152090
16 6 6630620
16 13 5680830
17 14 5535680
17 13 6889580
17 19 6995410
17 25 7591370
18 22 4289500
18 25 7739000
18 19 7143040
19 17 6995410
19 18 7143040
19 22 3524200
20 16 6152090
20 25 7339130
20 23 8215800
21 24 5537850
21 23 7544300
21 7 7791660
22 18 4289500
22 19 3524200
23 21 7544300
23 24 7316550
23 16 7259290
23 20 8215800
24 21 5537850
24 23 7316550
25 20 7339130
25 18 7739000
25 17 7591370
