0 4 1337390
0 2 2535620
1 2 4258300
1 5 2712010
1 3 2953020
2 1 4258300
2 0 2535620
2 4 3767710
3 4 2462430
3 1 2953020
3 5 2114370
4 0 1337390
4 3 2462430
4 2 3767710
4 11 2821740
5 1 2712010
5 3 2114370
5 7 3645060
5 6 2820490
6 8 3034650
6 7 4592190
6 5 2820490
6 11 3420810
6 16 3696120
7 6 4592190
7 21 4170130
7 5 3645060
8 6 3034650
8 10 2719290
8 15 3240140
9 12 2038900
9 10 2123780
10 15 3657750
10 8 2719290
10 11 3105450
10 9 2123780
11 4 2821740
11 6 3420810
11 10 3105450
12 9 2038900
12 14 2583350
12 13 3326460
12 15 3572870
13 12 3326460
13 15 3932190
13 17 3581760
13 16 3655200
14 17 2838650
14 12 2583350
15 10 3657750
15 13 3932190
15 12 3572870
15 8 3240140
16 23 4589460
16 20 3968130
16 6 3696120
16 13 3655200
17 14 2838650
17 13 3581760
17 19 3191770
17 25 3819920
18 22 2485970
18 25 4190060
18 19 3561910
19 17 3191770
19 18 3561910
19 22 1829860
20 16 3968130
20 25 4236870
20 23 4932970
21 24 2846400
21 23 4238900
21 7 4170130
22 18 2485970
22 19 1829860
23 21 4238900
23 24 4161800
23 16 4589460
23 20 4932970
24 21 2846400
24 23 4161800
25 20 4236870
25 18 4190060
25 17 3819920
