0 4 2048910
0 2 3292990
1 2 5350750
1 5 4301730
1 3 3594160
2 1 5350750
2 0 3292990
2 4 5028880
3 4 3272290
3 1 3594160
3 5 3467350
4 0 2048910
4 3 3272290
4 2 5028880
4 11 3675820
5 1 4301730
5 3 3467350
5 7 4395280
5 6 3976240
6 8 3155440
6 7 4196600
6 5 3976240
6 11 3672200
6 16 3554410
7 6 4196600
7 21 3901770
7 5 4395280
8 6 3155440
8 10 2974450
8 15 3383740
9 12 3458020
9 10 2483600
10 15 3824870
10 8 2974450
10 11 3491210
10 9 2483600
11 4 3675820
11 6 3672200
11 10 3491210
12 9 3458020
12 14 4486900
12 13 4851430
12 15 4799290
13 12 4851430
13 15 4286300
13 17 5269580
13 16 3834850
14 17 4905050
14 12 4486900
15 10 3824870
15 13 4286300
15 12 4799290
15 8 3383740
16 23 4048270
16 20 3404380
16 6 3554410
16 13 3834850
17 14 4905050
17 13 5269580
17 19 4376760
17 25 6308980
18 22 2919770
18 25 5731210
18 19 3798990
19 17 4376760
19 18 3798990
19 22 1673580
20 16 3404380
20 25 4947370
20 23 4121390
21 24 2610590
21 23 3976590
21 7 3901770
22 18 2919770
22 19 1673580
23 21 3976590
23 24 3399280
23 16 4048270
23 20 4121390
24 21 2610590
24 23 3399280
25 20 4947370
25 18 5731210
25 17 6308980
