0 4 1697630
0 2 2721030
1 2 4077250
1 5 2958840
1 3 2550810
2 1 4077250
2 0 2721030
2 4 3816280
3 4 2289840
3 1 2550810
3 5 2194830
4 0 1697630
4 3 2289840
4 2 3816280
4 11 3051980
5 1 2958840
5 3 2194830
5 7 4774010
5 6 4296550
6 8 4978050
6 7 6467700
6 5 4296550
6 11 4650660
6 16 4575930
7 6 6467700
7 21 5710550
7 5 4774010
8 6 4978050
8 10 3657480
8 15 4828200
9 12 3753400
9 10 2478440
10 15 4519820
10 8 3657480
10 11 3330090
10 9 2478440
11 4 3051980
11 6 4650660
11 10 3330090
12 9 3753400
12 14 3965050
12 13 5284090
12 15 5794780
13 12 5284090
13 15 5179850
13 17 4874980
13 16 3915390
14 17 3555940
14 12 3965050
15 10 4519820
15 13 5179850
15 12 5794780
15 8 4828200
16 23 5230300
16 20 4389350
16 6 4575930
16 13 3915390
17 14 3555940
17 13 4874980
17 19 4327040
17 25 5652840
18 22 3474130
18 25 6406350
18 19 5080550
19 17 4327040
19 18 5080550
19 22 1966860
20 16 4389350
20 25 5920980
20 23 6458030
21 24 4030540
21 23 5887460
21 7 5710550
22 18 3474130
22 19 1966860
23 21 5887460
23 24 5442060
23 16 5230300
23 20 6458030
24 21 4030540
24 23 5442060
25 20 5920980
25 18 6406350
25 17 5652840
