0 4 2718720
0 2 3452580
1 2 5190470
1 5 4314920
1 3 3539590
2 1 5190470
2 0 3452580
2 4 5645900
3 4 3995020
3 1 3539590
3 5 3853330
4 0 2718720
4 3 3995020
4 2 5645900
4 11 5077560
5 1 4314920
5 3 3853330
5 7 4689200
5 6 4810280
6 8 4007010
6 7 4870820
6 5 4810280
6 11 5117490
6 16 4427870
7 6 4870820
7 21 4280330
7 5 4689200
8 6 4007010
8 10 4141300
8 15 4169990
9 12 4246540
9 10 3743140
10 15 5289170
10 8 4141300
10 11 5251780
10 9 3743140
11 4 5077560
11 6 5117490
11 10 5251780
12 9 4246540
12 14 4747320
12 13 5840250
12 15 5792570
13 12 5840250
13 15 5365540
13 17 5672650
13 16 4638530
14 17 4579720
14 12 4747320
15 10 5289170
15 13 5365540
15 12 5792570
15 8 4169990
16 23 5790050
16 20 4720090
16 6 4427870
16 13 4638530
17 14 4579720
17 13 5672650
17 19 4952390
17 25 6907190
18 22 3463370
18 25 7289950
18 19 5335150
19 17 4952390
19 18 5335150
19 22 2100920
20 16 4720090
20 25 6729320
20 23 6646300
21 24 3609770
21 23 5763590
21 7 4280330
22 18 3463370
22 19 2100920
23 21 5763590
23 24 5562440
23 16 5790050
23 20 6646300
24 21 3609770
24 23 5562440
25 20 6729320
25 18 7289950
25 17 6907190
