0 4 4013530
0 2 4741030
1 2 7828360
1 5 6889230
1 3 6125070
2 1 7828360
2 0 4741030
2 4 7581180
3 4 5877890
3 1 6125070
3 5 5666260
4 0 4013530
4 3 5877890
4 2 7581180
4 11 6769600
5 1 6889230
5 3 5666260
5 7 7377390
5 6 7543250
6 8 6777840
6 7 8490220
6 5 7543250
6 11 7670800
6 16 6933780
7 6 8490220
7 21 7371230
7 5 7377390
8 6 6777840
8 10 5587560
8 15 6075420
9 12 4155040
9 10 4300610
10 15 6763380
10 8 5587560
10 11 6480520
10 9 4300610
11 4 6769600
11 6 7670800
11 10 6480520
12 9 4155040
12 14 4401960
12 13 6015190
12 15 6617810
13 12 6015190
13 15 6648620
13 17 5787330
13 16 5628740
14 17 4174100
14 12 4401960
15 10 6763380
15 13 6648620
15 12 6617810
15 8 6075420
16 23 6470590
16 20 4878630
16 6 6933780
16 13 5628740
17 14 4174100
17 13 5787330
17 19 3935880
17 25 6271340
18 22 2627290
18 25 5977610
18 19 3642150
19 17 3935880
19 18 3642150
19 22 1328240
20 16 4878630
20 25 5779900
20 23 6137740
21 24 5839760
21 23 7073900
21 7 7371230
22 18 2627290
22 19 1328240
23 21 7073900
23 24 6495560
23 16 6470590
23 20 6137740
24 21 5839760
24 23 6495560
25 20 5779900
25 18 5977610
25 17 6271340
