0 4 1956850
0 2 2358580
1 2 4507110
1 5 4039770
1 3 3722240
2 1 4507110
2 0 2358580
2 4 4028690
3 4 3243820
3 1 3722240
3 5 3178210
4 0 1956850
4 3 3243820
4 2 4028690
4 11 3944480
5 1 4039770
5 3 3178210
5 7 4952230
5 6 4315930
6 8 4174280
6 7 5772420
6 5 4315930
6 11 4699060
6 16 4444130
7 6 5772420
7 21 4816870
7 5 4952230
8 6 4174280
8 10 4058630
8 15 4584390
9 12 3501310
9 10 3501700
10 15 5430580
10 8 4058630
10 11 4583410
10 9 3501700
11 4 3944480
11 6 4699060
11 10 4583410
12 9 3501310
12 14 3802790
12 13 4709350
12 15 5430190
13 12 4709350
13 15 5235500
13 17 5193070
13 16 4133400
14 17 4286510
14 12 3802790
15 10 5430580
15 13 5235500
15 12 5430190
15 8 4584390
16 23 4872300
16 20 3750020
16 6 4444130
16 13 4133400
17 14 4286510
17 13 5193070
17 19 5187050
17 25 5670170
18 22 4187130
18 25 6432890
18 19 5949770
19 17 5187050
19 18 5949770
19 22 2739980
20 16 3750020
20 25 4608380
20 23 4870180
21 24 3493040
21 23 4608740
21 7 4816870
22 18 4187130
22 19 2739980
23 21 4608740
23 24 4876760
23 16 4872300
23 20 4870180
24 21 3493040
24 23 4876760
25 20 4608380
25 18 6432890
25 17 5670170
