0 4 3589640
0 2 3451430
1 2 6631940
1 5 6478990
1 3 5798410
2 1 6631940
2 0 3451430
2 4 6600710
3 4 5767180
3 1 5798410
3 5 5476020
4 0 3589640
4 3 5767180
4 2 6600710
4 11 6872270
5 1 6478990
5 3 5476020
5 7 7342760
5 6 5995450
6 8 4211070
6 7 7181610
6 5 5995450
6 11 6419960
6 16 5188220
7 6 7181610
7 21 7223960
7 5 7342760
8 6 4211070
8 10 4665010
8 15 4285810
9 12 3966980
9 10 4457550
10 15 6362980
10 8 4665010
10 11 6873900
10 9 4457550
11 4 6872270
11 6 6419960
11 10 6873900
12 9 3966980
12 14 4714910
12 13 5610890
12 15 5872410
13 12 5610890
13 15 5722260
13 17 6120600
13 16 5001440
14 17 5224620
14 12 4714910
15 10 6362980
15 13 5722260
15 12 5872410
15 8 4285810
16 23 5585510
16 20 4862000
16 6 5188220
16 13 5001440
17 14 5224620
17 13 6120600
17 19 5483430
17 25 7411110
18 22 4526450
18 25 7985990
18 19 6058310
19 17 5483430
19 18 6058310
19 22 2654540
20 16 4862000
20 25 6611810
20 23 5905370
21 24 5479850
21 23 6273940
21 7 7223960
22 18 4526450
22 19 2654540
23 21 6273940
23 24 5834790
23 16 5585510
23 20 5905370
24 21 5479850
24 23 5834790
25 20 6611810
25 18 7985990
25 17 7411110
