0 4 3852120
0 2 3576070
1 2 5371140
1 5 5113910
1 3 4221860
2 1 5371140
2 0 3576070
2 4 6188030
3 4 5038750
3 1 4221860
3 5 4505470
4 0 3852120
4 3 5038750
4 2 6188030
4 11 6437040
5 1 5113910
5 3 4505470
5 7 5140180
5 6 5144480
6 8 3828700
6 7 4887140
6 5 5144480
6 11 5650720
6 16 4676720
7 6 4887140
7 21 4686830
7 5 5140180
8 6 3828700
8 10 4342050
8 15 4640020
9 12 4547470
9 10 4331610
10 15 6216110
10 8 4342050
10 11 6164070
10 9 4331610
11 4 6437040
11 6 5650720
11 10 6164070
12 9 4547470
12 14 4175880
12 13 5738780
12 15 6431970
13 12 5738780
13 15 5820890
13 17 4675190
13 16 4794850
14 17 3112290
14 12 4175880
15 10 6216110
15 13 5820890
15 12 6431970
15 8 4640020
16 23 4920880
16 20 3819990
16 6 4676720
16 13 4794850
17 14 3112290
17 13 4675190
17 19 3782370
17 25 4431110
18 22 3276260
18 25 4729970
18 19 4081230
19 17 3782370
19 18 4081230
19 22 2537090
20 16 3819990
20 25 3908760
20 23 4278870
21 24 4431760
21 23 4935290
21 7 4686830
22 18 3276260
22 19 2537090
23 21 4935290
23 24 4876230
23 16 4920880
23 20 4278870
24 21 4431760
24 23 4876230
25 20 3908760
25 18 4729970
25 17 4431110
