0 4 2402740
0 2 3584870
1 2 6298100
1 5 5624490
1 3 4803350
2 1 6298100
2 0 3584870
2 4 5624790
3 4 4130040
3 1 4803350
3 5 4638560
4 0 2402740
4 3 4130040
4 2 5624790
4 11 4476010
5 1 5624490
5 3 4638560
5 7 5743130
5 6 5247540
6 8 3366820
6 7 5530970
6 5 5247540
6 11 4772370
6 16 4963840
7 6 5530970
7 21 5254650
7 5 5743130
8 6 3366820
8 10 3028140
8 15 3467640
9 12 3474660
9 10 2911610
10 15 4797520
10 8 3028140
10 11 4433690
10 9 2911610
11 4 4476010
11 6 4772370
11 10 4433690
12 9 3474660
12 14 4587520
12 13 5354950
12 15 5360570
13 12 5354950
13 15 5231400
13 17 5631130
13 16 5059040
14 17 4863700
14 12 4587520
15 10 4797520
15 13 5231400
15 12 5360570
15 8 3467640
16 23 5669130
16 20 4383670
16 6 4963840
16 13 5059040
17 14 4863700
17 13 5631130
17 19 4884120
17 25 5662600
18 22 2680200
18 25 5117780
18 19 4339300
19 17 4884120
19 18 4339300
19 22 2072660
20 16 4383670
20 25 4581880
20 23 5160500
21 24 3221170
21 23 5464350
21 7 5254650
22 18 2680200
22 19 2072660
23 21 5464350
23 24 4202780
23 16 5669130
23 20 5160500
24 21 3221170
24 23 4202780
25 20 4581880
25 18 5117780
25 17 5662600
