0 4 2659040
0 2 3768780
1 2 6417100
1 5 5479730
1 3 4904890
2 1 6417100
2 0 3768780
2 4 5953020
3 4 4440810
3 1 4904890
3 5 4613180
4 0 2659040
4 3 4440810
4 2 5953020
4 11 4812310
5 1 5479730
5 3 4613180
5 7 5079430
5 6 4785770
6 8 3186420
6 7 4677180
6 5 4785770
6 11 4582430
6 16 4045530
7 6 4677180
7 21 4624350
7 5 5079430
8 6 3186420
8 10 3147340
8 15 3443890
9 12 3112070
9 10 2941890
10 15 4601910
10 8 3147340
10 11 4543350
10 9 2941890
11 4 4812310
11 6 4582430
11 10 4543350
12 9 3112070
12 14 4522050
12 13 4656800
12 15 4772090
13 12 4656800
13 15 4783170
13 17 5846580
13 16 4187710
14 17 5711830
14 12 4522050
15 10 4601910
15 13 4783170
15 12 4772090
15 8 3443890
16 23 4748850
16 20 5063700
16 6 4045530
16 13 4187710
17 14 5711830
17 13 5846580
17 19 6048110
17 25 7727420
18 22 4818960
18 25 8444560
18 19 6765250
19 17 6048110
19 18 6765250
19 22 3124650
20 16 5063700
20 25 7424710
20 23 6105010
21 24 4289370
21 23 5034010
21 7 4624350
22 18 4818960
22 19 3124650
23 21 5034010
23 24 5045520
23 16 4748850
23 20 6105010
24 21 4289370
24 23 5045520
25 20 7424710
25 18 8444560
25 17 7727420
