0 4 3109950
0 2 3761230
1 2 6260980
1 5 5694020
1 3 4605570
2 1 6260980
2 0 3761230
2 4 6282580
3 4 4627170
3 1 4605570
3 5 4711490
4 0 3109950
4 3 4627170
4 2 6282580
4 11 5691390
5 1 5694020
5 3 4711490
5 7 6680590
5 6 6264570
6 8 5189410
6 7 7145220
6 5 6264570
6 11 6240340
6 16 5527870
7 6 7145220
7 21 6367740
7 5 6680590
8 6 5189410
8 10 4721000
8 15 4862160
9 12 3969330
9 10 3988990
10 15 5933540
10 8 4721000
10 11 5771930
10 9 3988990
11 4 5691390
11 6 6240340
11 10 5771930
12 9 3969330
12 14 4755150
12 13 5934340
12 15 5913880
13 12 5934340
13 15 6095160
13 17 6593220
13 16 5221080
14 17 5414030
14 12 4755150
15 10 5933540
15 13 6095160
15 12 5913880
15 8 4862160
16 23 5771700
16 20 5198410
16 6 5527870
16 13 5221080
17 14 5414030
17 13 6593220
17 19 6029020
17 25 7974020
18 22 4808040
18 25 8963050
18 19 7018050
19 17 6029020
19 18 7018050
19 22 2777210
20 16 5198410
20 25 7473750
20 23 6643570
21 24 5352380
21 23 6195550
21 7 6367740
22 18 4808040
22 19 2777210
23 21 6195550
23 24 6373690
23 16 5771700
23 20 6643570
24 21 5352380
24 23 6373690
25 20 7473750
25 18 8963050
25 17 7974020
