0 4 3463570
0 2 4658780
1 2 7337160
1 5 5213400
1 3 4974830
2 1 7337160
2 0 4658780
2 4 7386050
3 4 5023720
3 1 4974830
3 5 4095170
4 0 3463570
4 3 5023720
4 2 7386050
4 11 6227700
5 1 5213400
5 3 4095170
5 7 5459750
5 6 4771920
6 8 4117630
6 7 5897930
6 5 4771920
6 11 5737330
6 16 5047040
7 6 5897930
7 21 4925090
7 5 5459750
8 6 4117630
8 10 4468730
8 15 4430970
9 12 4438960
9 10 3841690
10 15 5874540
10 8 4468730
10 11 6088430
10 9 3841690
11 4 6227700
11 6 5737330
11 10 6088430
12 9 4438960
12 14 5877720
12 13 6341520
12 15 6471810
13 12 6341520
13 15 5706490
13 17 6426540
13 16 5230090
14 17 5962740
14 12 5877720
15 10 5874540
15 13 5706490
15 12 6471810
15 8 4430970
16 23 5812300
16 20 4931010
16 6 5047040
16 13 5230090
17 14 5962740
17 13 6426540
17 19 5809210
17 25 7619400
18 22 3768210
18 25 7668810
18 19 5858620
19 17 5809210
19 18 5858620
19 22 2251130
20 16 4931010
20 25 6469980
20 23 5859330
21 24 3849790
21 23 5002520
21 7 4925090
22 18 3768210
22 19 2251130
23 21 5002520
23 24 5587890
23 16 5812300
23 20 5859330
24 21 3849790
24 23 5587890
25 20 6469980
25 18 7668810
25 17 7619400
