0 4 3214810
0 2 3462550
1 2 5491850
1 5 4634320
1 3 4049800
2 1 5491850
2 0 3462550
2 4 5950680
3 4 4508630
3 1 4049800
3 5 3898840
4 0 3214810
4 3 4508630
4 2 5950680
4 11 5650700
5 1 4634320
5 3 3898840
5 7 4432580
5 6 4794240
6 8 3879600
6 7 4743460
6 5 4794240
6 11 5351790
6 16 4559030
7 6 4743460
7 21 4319370
7 5 4432580
8 6 3879600
8 10 4122730
8 15 4153260
9 12 3574550
9 10 3592100
10 15 5621910
10 8 4122730
10 11 5594920
10 9 3592100
11 4 5650700
11 6 5351790
11 10 5594920
12 9 3574550
12 14 4586910
12 13 5099010
12 15 5604360
13 12 5099010
13 15 5147090
13 17 5487310
13 16 4327340
14 17 4975210
14 12 4586910
15 10 5621910
15 13 5147090
15 12 5604360
15 8 4153260
16 23 4660810
16 20 4195610
16 6 4559030
16 13 4327340
17 14 4975210
17 13 5487310
17 19 5393080
17 25 5920340
18 22 3862430
18 25 6400920
18 19 5873660
19 17 5393080
19 18 5873660
19 22 2442050
20 16 4195610
20 25 4943040
20 23 4843480
21 24 3847400
21 23 4782810
21 7 4319370
22 18 3862430
22 19 2442050
23 21 4782810
23 24 4373270
23 16 4660810
23 20 4843480
24 21 3847400
24 23 4373270
25 20 4943040
25 18 6400920
25 17 5920340
