0 4 3193080
0 2 3477740
1 2 5334580
1 5 4649500
1 3 4085670
2 1 5334580
2 0 3477740
2 4 5911700
3 4 4662790
3 1 4085670
3 5 4262370
4 0 3193080
4 3 4662790
4 2 5911700
4 11 5704340
5 1 4649500
5 3 4262370
5 7 5914570
5 6 5812360
6 8 4855770
6 7 6900730
6 5 5812360
6 11 6290080
6 16 6162810
7 6 6900730
7 21 5559090
7 5 5914570
8 6 4855770
8 10 4667070
8 15 4890300
9 12 4101050
9 10 4604330
10 15 6644350
10 8 4667070
10 11 6101380
10 9 4604330
11 4 5704340
11 6 6290080
11 10 6101380
12 9 4101050
12 14 4188490
12 13 5521440
12 15 6141070
13 12 5521440
13 15 6247950
13 17 5957710
13 16 5577710
14 17 4624760
14 12 4188490
15 10 6644350
15 13 6247950
15 12 6141070
15 8 4890300
16 23 6560540
16 20 5033950
16 6 6162810
16 13 5577710
17 14 4624760
17 13 5957710
17 19 5716210
17 25 6618190
18 22 4241300
18 25 7183700
18 19 6281720
19 17 5716210
19 18 6281720
19 22 3104900
20 16 5033950
20 25 5745040
20 23 6067390
21 24 4364970
21 23 5854610
21 7 5559090
22 18 4241300
22 19 3104900
23 21 5854610
23 24 6104340
23 16 6560540
23 20 6067390
24 21 4364970
24 23 6104340
25 20 5745040
25 18 7183700
25 17 6618190
