0 4 2987060
0 2 3358640
1 2 6144470
1 5 5519510
1 3 5250630
2 1 6144470
2 0 3358640
2 4 5803620
3 4 4909780
3 1 5250630
3 5 4656400
4 0 2987060
4 3 4909780
4 2 5803620
4 11 5382500
5 1 5519510
5 3 4656400
5 7 6941870
5 6 5809620
6 8 5607010
6 7 7826210
6 5 5809620
6 11 6013460
6 16 6125920
7 6 7826210
7 21 7570250
7 5 6941870
8 6 5607010
8 10 5156570
8 15 5830400
9 12 6042480
9 10 4102080
10 15 6466910
10 8 5156570
10 11 5563020
10 9 4102080
11 4 5382500
11 6 6013460
11 10 5563020
12 9 6042480
12 14 7036210
12 13 7865530
12 15 8407310
13 12 7865530
13 15 6598960
13 17 6686950
13 16 5807530
14 17 5857630
14 12 7036210
15 10 6466910
15 13 6598960
15 12 8407310
15 8 5830400
16 23 6710380
16 20 5245150
16 6 6125920
16 13 5807530
17 14 5857630
17 13 6686950
17 19 5829010
17 25 7524780
18 22 4970590
18 25 8441290
18 19 6745520
19 17 5829010
19 18 6745520
19 22 2566370
20 16 5245150
20 25 6332630
20 23 6397650
21 24 5324700
21 23 7022460
21 7 7570250
22 18 4970590
22 19 2566370
23 21 7022460
23 24 6165120
23 16 6710380
23 20 6397650
24 21 5324700
24 23 6165120
25 20 6332630
25 18 8441290
25 17 7524780
