0 4 3277930
0 2 4141270
1 2 6894840
1 5 6172850
1 3 5331500
2 1 6894840
2 0 4141270
2 4 6597820
3 4 5034480
3 1 5331500
3 5 5175830
4 0 3277930
4 3 5034480
4 2 6597820
4 11 5703920
5 1 6172850
5 3 5175830
5 7 5851000
5 6 5621380
6 8 3898230
6 7 5455200
6 5 5621380
6 11 5449470
6 16 4597670
7 6 5455200
7 21 4694120
7 5 5851000
8 6 3898230
8 10 3446920
8 15 3566940
9 12 2797560
9 10 3052960
10 15 4442980
10 8 3446920
10 11 4998160
10 9 3052960
11 4 5703920
11 6 5449470
11 10 4998160
12 9 2797560
12 14 3196340
12 13 4137580
12 15 4187580
13 12 4137580
13 15 4513000
13 17 4633870
13 16 4216380
14 17 3692630
14 12 3196340
15 10 4442980
15 13 4513000
15 12 4187580
15 8 3566940
16 23 4348620
16 20 3993770
16 6 4597670
16 13 4216380
17 14 3692630
17 13 4633870
17 19 3683730
17 25 5267810
18 22 2966130
18 25 5288150
18 19 3704070
19 17 3683730
19 18 3704070
19 22 1824780
20 16 3993770
20 25 4874330
20 23 4372630
21 24 3765780
21 23 4215450
21 7 4694120
22 18 2966130
22 19 1824780
23 21 4215450
23 24 4277810
23 16 4348620
23 20 4372630
24 21 3765780
24 23 4277810
25 20 4874330
25 18 5288150
25 17 5267810
