0 4 2503450
0 2 2872170
1 2 5208650
1 5 4875150
1 3 4349630
2 1 5208650
2 0 2872170
2 4 4992540
3 4 4133520
3 1 4349630
3 5 4168740
4 0 2503450
4 3 4133520
4 2 4992540
4 11 4717970
5 1 4875150
5 3 4168740
5 7 4390630
5 6 4544000
6 8 3204230
6 7 4240370
6 5 4544000
6 11 4602930
6 16 4147890
7 6 4240370
7 21 3673670
7 5 4390630
8 6 3204230
8 10 3577400
8 15 3560940
9 12 3143110
9 10 3403730
10 15 5123620
10 8 3577400
10 11 4976100
10 9 3403730
11 4 4717970
11 6 4602930
11 10 4976100
12 9 3143110
12 14 3627040
12 13 4721680
12 15 4863000
13 12 4721680
13 15 4965840
13 17 5422420
13 16 4363280
14 17 4327780
14 12 3627040
15 10 5123620
15 13 4965840
15 12 4863000
15 8 3560940
16 23 4089870
16 20 4061930
16 6 4147890
16 13 4363280
17 14 4327780
17 13 5422420
17 19 5116710
17 25 5772350
18 22 3353620
18 25 5899080
18 19 5243440
19 17 5116710
19 18 5243440
19 22 2323280
20 16 4061930
20 25 4873100
20 23 4249760
21 24 3345610
21 23 3769020
21 7 3673670
22 18 3353620
22 19 2323280
23 21 3769020
23 24 3854290
23 16 4089870
23 20 4249760
24 21 3345610
24 23 3854290
25 20 4873100
25 18 5899080
25 17 5772350
