0 4 3461340
0 2 3743220
1 2 7109730
1 5 6899410
1 3 6689830
2 1 7109730
2 0 3743220
2 4 5865320
3 4 5445420
3 1 6689830
3 5 5516980
4 0 3461340
4 3 5445420
4 2 5865320
4 11 5733830
5 1 6899410
5 3 5516980
5 7 6170320
5 6 5923740
6 8 4521970
6 7 6367500
6 5 5923740
6 11 6002570
6 16 4923880
7 6 6367500
7 21 4843460
7 5 6170320
8 6 4521970
8 10 4499100
8 15 4484020
9 12 5041910
9 10 4325820
10 15 6060100
10 8 4499100
10 11 5979700
10 9 4325820
11 4 5733830
11 6 6002570
11 10 5979700
12 9 5041910
12 14 6534100
12 13 5883030
12 15 6776190
13 12 5883030
13 15 5151860
13 17 5964590
13 16 3992770
14 17 6615660
14 12 6534100
15 10 6060100
15 13 5151860
15 12 6776190
15 8 4484020
16 23 4398330
16 20 4186090
16 6 4923880
16 13 3992770
17 14 6615660
17 13 5964590
17 19 5965680
17 25 8115050
18 22 4590000
18 25 8789100
18 19 6639730
19 17 5965680
19 18 6639730
19 22 2211150
20 16 4186090
20 25 6602480
20 23 4857580
21 24 3282850
21 23 4071330
21 7 4843460
22 18 4590000
22 19 2211150
23 21 4071330
23 24 4281340
23 16 4398330
23 20 4857580
24 21 3282850
24 23 4281340
25 20 6602480
25 18 8789100
25 17 8115050
