0 4 2949650
0 2 3796000
1 2 5506720
1 5 4335060
1 3 3619780
2 1 5506720
2 0 3796000
2 4 5985130
3 4 4098190
3 1 3619780
3 5 3772880
4 0 2949650
4 3 4098190
4 2 5985130
4 11 5111730
5 1 4335060
5 3 3772880
5 7 5076450
5 6 4533700
6 8 3235620
6 7 5121990
6 5 4533700
6 11 4831960
6 16 4796010
7 6 5121990
7 21 4584340
7 5 5076450
8 6 3235620
8 10 3634020
8 15 3537520
9 12 3295570
9 10 3596070
10 15 5279540
10 8 3634020
10 11 5230360
10 9 3596070
11 4 5111730
11 6 4831960
11 10 5230360
12 9 3295570
12 14 4102800
12 13 4982530
12 15 4979040
13 12 4982530
13 15 5186530
13 17 5365340
13 16 5101400
14 17 4485610
14 12 4102800
15 10 5279540
15 13 5186530
15 12 4979040
15 8 3537520
16 23 5793070
16 20 4000200
16 6 4796010
16 13 5101400
17 14 4485610
17 13 5365340
17 19 4522020
17 25 4857510
18 22 2664180
18 25 4587320
18 19 4251830
19 17 4522020
19 18 4251830
19 22 1915730
20 16 4000200
20 25 3580990
20 23 4780490
21 24 3218970
21 23 5038650
21 7 4584340
22 18 2664180
22 19 1915730
23 21 5038650
23 24 4753680
23 16 5793070
23 20 4780490
24 21 3218970
24 23 4753680
25 20 3580990
25 18 4587320
25 17 4857510
