0 4 3939520
0 2 6013120
1 2 10018760
1 5 7718660
1 3 7025140
2 1 10018760
2 0 6013120
2 4 9341660
3 4 6348040
3 1 7025140
3 5 6121540
4 0 3939520
4 3 6348040
4 2 9341660
4 11 7082870
5 1 7718660
5 3 6121540
5 7 6228510
5 6 6562970
6 8 4733260
6 7 5976420
6 5 6562970
6 11 6604280
6 16 5805550
7 6 5976420
7 21 5114650
7 5 6228510
8 6 4733260
8 10 4646280
8 15 4796320
9 12 3926080
9 10 4324130
10 15 6286960
10 8 4646280
10 11 6517300
10 9 4324130
11 4 7082870
11 6 6604280
11 10 6517300
12 9 3926080
12 14 4229120
12 13 5466690
12 15 5888910
13 12 5466690
13 15 6014780
13 17 5931180
13 16 5446390
14 17 4693610
14 12 4229120
15 10 6286960
15 13 6014780
15 12 5888910
15 8 4796320
16 23 5366220
16 20 5172430
16 6 5805550
16 13 5446390
17 14 4693610
17 13 5931180
17 19 5068520
17 25 6276540
18 22 2964850
18 25 5776280
18 19 4568260
19 17 5068520
19 18 4568260
19 22 2263830
20 16 5172430
20 25 5663960
20 23 5238430
21 24 4449300
21 23 5009780
21 7 5114650
22 18 2964850
22 19 2263830
23 21 5009780
23 24 4871740
23 16 5366220
23 20 5238430
24 21 4449300
24 23 4871740
25 20 5663960
25 18 5776280
25 17 6276540
