0 4 3069020
0 2 3900150
1 2 6521690
1 5 5447950
1 3 5216860
2 1 6521690
2 0 3900150
2 4 5972050
3 4 4667220
3 1 5216860
3 5 4424610
4 0 3069020
4 3 4667220
4 2 5972050
4 11 5562150
5 1 5447950
5 3 4424610
5 7 4712280
5 6 4862920
6 8 3779840
6 7 4919500
6 5 4862920
6 11 5526760
6 16 4303700
7 6 4919500
7 21 4420120
7 5 4712280
8 6 3779840
8 10 3792040
8 15 3853420
9 12 2864630
9 10 3467040
10 15 5155920
10 8 3792040
10 11 5538960
10 9 3467040
11 4 5562150
11 6 5526760
11 10 5538960
12 9 2864630
12 14 3201580
12 13 3973410
12 15 4553510
13 12 3973410
13 15 4637200
13 17 4350630
13 16 3797180
14 17 3578800
14 12 3201580
15 10 5155920
15 13 4637200
15 12 4553510
15 8 3853420
16 23 4304070
16 20 3239510
16 6 4303700
16 13 3797180
17 14 3578800
17 13 4350630
17 19 3815600
17 25 4346110
18 22 3578420
18 25 5182990
18 19 4652480
19 17 3815600
19 18 4652480
19 22 1912980
20 16 3239510
20 25 3494910
20 23 4006320
21 24 3930110
21 23 4571130
21 7 4420120
22 18 3578420
22 19 1912980
23 21 4571130
23 24 4429860
23 16 4304070
23 20 4006320
24 21 3930110
24 23 4429860
25 20 3494910
25 18 5182990
25 17 4346110
