0 4 2448910
0 2 2618470
1 2 4546130
1 5 4226160
1 3 3723360
2 1 4546130
2 0 2618470
2 4 4369420
3 4 3546650
3 1 3723360
3 5 3396240
4 0 2448910
4 3 3546650
4 2 4369420
4 11 4359240
5 1 4226160
5 3 3396240
5 7 4009670
5 6 4004850
6 8 3078220
6 7 4115480
6 5 4004850
6 11 4314640
6 16 3346480
7 6 4115480
7 21 3589430
7 5 4009670
8 6 3078220
8 10 2868790
8 15 2920750
9 12 2791700
9 10 2871380
10 15 3743760
10 8 2868790
10 11 4105210
10 9 2871380
11 4 4359240
11 6 4314640
11 10 4105210
12 9 2791700
12 14 3099080
12 13 3353070
12 15 3664080
13 12 3353070
13 15 3484710
13 17 3845880
13 16 2878000
14 17 3591890
14 12 3099080
15 10 3743760
15 13 3484710
15 12 3664080
15 8 2920750
16 23 3891930
16 20 2825220
16 6 3346480
16 13 2878000
17 14 3591890
17 13 3845880
17 19 4094830
17 25 4588720
18 22 3313890
18 25 5405820
18 19 4911930
19 17 4094830
19 18 4911930
19 22 2073560
20 16 2825220
20 25 3863760
20 23 4134850
21 24 3101460
21 23 4130060
21 7 3589430
22 18 3313890
22 19 2073560
23 21 4130060
23 24 4172960
23 16 3891930
23 20 4134850
24 21 3101460
24 23 4172960
25 20 3863760
25 18 5405820
25 17 4588720
