0 4 2299980
0 2 3389620
1 2 5701860
1 5 4539900
1 3 4059620
2 1 5701860
2 0 3389620
2 4 5357960
3 4 3715720
3 1 4059620
3 5 3643400
4 0 2299980
4 3 3715720
4 2 5357960
4 11 4394720
5 1 4539900
5 3 3643400
5 7 4013510
5 6 4409070
6 8 3854670
6 7 4298900
6 5 4409070
6 11 4607790
6 16 4298570
7 6 4298900
7 21 3853950
7 5 4013510
8 6 3854670
8 10 3712480
8 15 4135400
9 12 3726410
9 10 3223000
10 15 4833000
10 8 3712480
10 11 4465600
10 9 3223000
11 4 4394720
11 6 4607790
11 10 4465600
12 9 3726410
12 14 4174290
12 13 4995120
12 15 5336410
13 12 4995120
13 15 4914630
13 17 4980140
13 16 4238010
14 17 4159310
14 12 4174290
15 10 4833000
15 13 4914630
15 12 5336410
15 8 4135400
16 23 4213780
16 20 3604430
16 6 4298570
16 13 4238010
17 14 4159310
17 13 4980140
17 19 4461630
17 25 4724030
18 22 3427230
18 25 5269970
18 19 5007570
19 17 4461630
19 18 5007570
19 22 1955980
20 16 3604430
20 25 3683650
20 23 3915530
21 24 3295490
21 23 4164720
21 7 3853950
22 18 3427230
22 19 1955980
23 21 4164720
23 24 3655650
23 16 4213780
23 20 3915530
24 21 3295490
24 23 3655650
25 20 3683650
25 18 5269970
25 17 4724030
