0 4 2263340
0 2 3051240
1 2 4909260
1 5 3944950
1 3 3596570
2 1 4909260
2 0 3051240
2 4 4771120
3 4 3458430
3 1 3596570
3 5 3282020
4 0 2263340
4 3 3458430
4 2 4771120
4 11 4150880
5 1 3944950
5 3 3282020
5 7 3713800
5 6 4066680
6 8 3349550
6 7 4150080
6 5 4066680
6 11 4410750
6 16 3915540
7 6 4150080
7 21 3692910
7 5 3713800
8 6 3349550
8 10 3310750
8 15 3177560
9 12 2881530
9 10 2993740
10 15 4292170
10 8 3310750
10 11 4371950
10 9 2993740
11 4 4150880
11 6 4410750
11 10 4371950
12 9 2881530
12 14 3577440
12 13 4187800
12 15 4179960
13 12 4187800
13 15 4166820
13 17 4982750
13 16 3751390
14 17 4372390
14 12 3577440
15 10 4292170
15 13 4166820
15 12 4179960
15 8 3177560
16 23 3943760
16 20 3260450
16 6 3915540
16 13 3751390
17 14 4372390
17 13 4982750
17 19 4387440
17 25 5387240
18 22 2471870
18 25 4745380
18 19 3745580
19 17 4387440
19 18 3745580
19 22 1710330
20 16 3260450
20 25 4088210
20 23 3876090
21 24 3520740
21 23 4074010
21 7 3692910
22 18 2471870
22 19 1710330
23 21 4074010
23 24 4006130
23 16 3943760
23 20 3876090
24 21 3520740
24 23 4006130
25 20 4088210
25 18 4745380
25 17 5387240
