0 4 3208980
0 2 4085420
1 2 6615030
1 5 5639510
1 3 4661420
2 1 6615030
2 0 4085420
2 4 6536720
3 4 4583110
3 1 4661420
3 5 4484030
4 0 3208980
4 3 4583110
4 2 6536720
4 11 5694230
5 1 5639510
5 3 4484030
5 7 5068130
5 6 5283410
6 8 3783900
6 7 4889420
6 5 5283410
6 11 5416440
6 16 5009200
7 6 4889420
7 21 4437030
7 5 5068130
8 6 3783900
8 10 4065160
8 15 4330610
9 12 3354300
9 10 3815320
10 15 5932670
10 8 4065160
10 11 5697700
10 9 3815320
11 4 5694230
11 6 5416440
11 10 5697700
12 9 3354300
12 14 4065190
12 13 5078470
12 15 5471650
13 12 5078470
13 15 5804940
13 17 5730410
13 16 5162730
14 17 4717130
14 12 4065190
15 10 5932670
15 13 5804940
15 12 5471650
15 8 4330610
16 23 6341920
16 20 5568000
16 6 5009200
16 13 5162730
17 14 4717130
17 13 5730410
17 19 5374230
17 25 6278540
18 22 3812210
18 25 6600690
18 19 5696380
19 17 5374230
19 18 5696380
19 22 2815230
20 16 5568000
20 25 6365160
20 23 6996220
21 24 4343660
21 23 5985030
21 7 4437030
22 18 3812210
22 19 2815230
23 21 5985030
23 24 6128770
23 16 6341920
23 20 6996220
24 21 4343660
24 23 6128770
25 20 6365160
25 18 6600690
25 17 6278540
