0 4 3189790
0 2 3472070
1 2 5103940
1 5 4554400
1 3 3758350
2 1 5103940
2 0 3472070
2 4 5661560
3 4 4315970
3 1 3758350
3 5 4048710
4 0 3189790
4 3 4315970
4 2 5661560
4 11 5231950
5 1 4554400
5 3 4048710
5 7 4330180
5 6 4636810
6 8 3693070
6 7 4122230
6 5 4636810
6 11 4756740
6 16 4750570
7 6 4122230
7 21 3889700
7 5 4330180
8 6 3693070
8 10 3796420
8 15 4181530
9 12 3786880
9 10 3376330
10 15 5020670
10 8 3796420
10 11 4860090
10 9 3376330
11 4 5231950
11 6 4756740
11 10 4860090
12 9 3786880
12 14 4131230
12 13 5661390
12 15 5431220
13 12 5661390
13 15 5635950
13 17 5710990
13 16 5469200
14 17 4180830
14 12 4131230
15 10 5020670
15 13 5635950
15 12 5431220
15 8 4181530
16 23 6358120
16 20 5407280
16 6 4750570
16 13 5469200
17 14 4180830
17 13 5710990
17 19 5187880
17 25 6123760
18 22 4497780
18 25 7429130
18 19 6493250
19 17 5187880
19 18 6493250
19 22 2824430
20 16 5407280
20 25 6216970
20 23 6693120
21 24 4742360
21 23 5803880
21 7 3889700
22 18 4497780
22 19 2824430
23 21 5803880
23 24 6582440
23 16 6358120
23 20 6693120
24 21 4742360
24 23 6582440
25 20 6216970
25 18 7429130
25 17 6123760
