0 4 2469690
0 2 4073560
1 2 5992380
1 5 4510390
1 3 4045710
2 1 5992380
2 0 4073560
2 4 5425970
3 4 3479300
3 1 4045710
3 5 3601180
4 0 2469690
4 3 3479300
4 2 5425970
4 11 3916150
5 1 4510390
5 3 3601180
5 7 3868090
5 6 4270050
6 8 3509730
6 7 4072280
6 5 4270050
6 11 4242220
6 16 4053700
7 6 4072280
7 21 3701000
7 5 3868090
8 6 3509730
8 10 3323530
8 15 3415400
9 12 3436840
9 10 3020190
10 15 4193710
10 8 3323530
10 11 4056020
10 9 3020190
11 4 3916150
11 6 4242220
11 10 4056020
12 9 3436840
12 14 4238330
12 13 4547410
12 15 4610360
13 12 4547410
13 15 4222630
13 17 5115820
13 16 3896420
14 17 4806740
14 12 4238330
15 10 4193710
15 13 4222630
15 12 4610360
15 8 3415400
16 23 4636420
16 20 4055940
16 6 4053700
16 13 3896420
17 14 4806740
17 13 5115820
17 19 5490620
17 25 6332980
18 22 5085910
18 25 8142910
18 19 7300550
19 17 5490620
19 18 7300550
19 22 2694640
20 16 4055940
20 25 5536360
20 23 5059200
21 24 3725600
21 23 4685680
21 7 3701000
22 18 5085910
22 19 2694640
23 21 4685680
23 24 4679600
23 16 4636420
23 20 5059200
24 21 3725600
24 23 4679600
25 20 5536360
25 18 8142910
25 17 6332980
