0 4 2344710
0 2 3837720
1 2 5924450
1 5 4453050
1 3 4031860
2 1 5924450
2 0 3837720
2 4 5617270
3 4 3724680
3 1 4031860
3 5 3746290
4 0 2344710
4 3 3724680
4 2 5617270
4 11 4227020
5 1 4453050
5 3 3746290
5 7 4225410
5 6 3950910
6 8 2568020
6 7 4008840
6 5 3950910
6 11 4032060
6 16 3694180
7 6 4008840
7 21 3633720
7 5 4225410
8 6 2568020
8 10 2609920
8 15 2472870
9 12 2087760
9 10 2540810
10 15 3681090
10 8 2609920
10 11 4073960
10 9 2540810
11 4 4227020
11 6 4032060
11 10 4073960
12 9 2087760
12 14 2683790
12 13 3094870
12 15 3228040
13 12 3094870
13 15 3410870
13 17 3658800
13 16 3465860
14 17 3247720
14 12 2683790
15 10 3681090
15 13 3410870
15 12 3228040
15 8 2472870
16 23 4146250
16 20 3476390
16 6 3694180
16 13 3465860
17 14 3247720
17 13 3658800
17 19 3534130
17 25 4022740
18 22 2753410
18 25 4550710
18 19 4062100
19 17 3534130
19 18 4062100
19 22 1719670
20 16 3476390
20 25 3652170
20 23 3968620
21 24 2690770
21 23 3811290
21 7 3633720
22 18 2753410
22 19 1719670
23 21 3811290
23 24 3517960
23 16 4146250
23 20 3968620
24 21 2690770
24 23 3517960
25 20 3652170
25 18 4550710
25 17 4022740
