0 4 2475290
0 2 4212460
1 2 6899020
1 5 5282470
1 3 4579680
2 1 6899020
2 0 4212460
2 4 5913190
3 4 3593850
3 1 4579680
3 5 3714470
4 0 2475290
4 3 3593850
4 2 5913190
4 11 4174580
5 1 5282470
5 3 3714470
5 7 5224150
5 6 4519230
6 8 3625320
6 7 5326120
6 5 4519230
6 11 4397170
6 16 4667320
7 6 5326120
7 21 5159300
7 5 5224150
8 6 3625320
8 10 3256980
8 15 3753700
9 12 3090230
9 10 2739560
10 15 4381240
10 8 3256980
10 11 4028830
10 9 2739560
11 4 4174580
11 6 4397170
11 10 4028830
12 9 3090230
12 14 3763950
12 13 4723670
12 15 4731910
13 12 4723670
13 15 4869720
13 17 4982350
13 16 4787460
14 17 4022630
14 12 3763950
15 10 4381240
15 13 4869720
15 12 4731910
15 8 3753700
16 23 6416930
16 20 5240010
16 6 4667320
16 13 4787460
17 14 4022630
17 13 4982350
17 19 4495400
17 25 5812630
18 22 3348770
18 25 6170150
18 19 4852920
19 17 4495400
19 18 4852920
19 22 2383430
20 16 5240010
20 25 6144310
20 23 6943500
21 24 4127330
21 23 6203990
21 7 5159300
22 18 3348770
22 19 2383430
23 21 6203990
23 24 6043760
23 16 6416930
23 20 6943500
24 21 4127330
24 23 6043760
25 20 6144310
25 18 6170150
25 17 5812630
