0 4 2453260
0 2 2726030
1 2 4432220
1 5 4250800
1 3 3691970
2 1 4432220
2 0 2726030
2 4 4342870
3 4 3602620
3 1 3691970
3 5 3693970
4 0 2453260
4 3 3602620
4 2 4342870
4 11 4081150
5 1 4250800
5 3 3693970
5 7 4088180
5 6 4605880
6 8 3787430
6 7 4441260
6 5 4605880
6 11 4525580
6 16 4718030
7 6 4441260
7 21 3526360
7 5 4088180
8 6 3787430
8 10 3465290
8 15 3677190
9 12 3806480
9 10 2881210
10 15 4526580
10 8 3465290
10 11 4203440
10 9 2881210
11 4 4081150
11 6 4525580
11 10 4203440
12 9 3806480
12 14 5370430
12 13 5356780
12 15 5451850
13 12 5356780
13 15 4643410
13 17 5649390
13 16 4512720
14 17 5663040
14 12 5370430
15 10 4526580
15 13 4643410
15 12 5451850
15 8 3677190
16 23 6339330
16 20 5228800
16 6 4718030
16 13 4512720
17 14 5663040
17 13 5649390
17 19 5566900
17 25 7071860
18 22 3568530
18 25 6802080
18 19 5297120
19 17 5566900
19 18 5297120
19 22 2654770
20 16 5228800
20 25 6686890
20 23 7091030
21 24 3074380
21 23 5665360
21 7 3526360
22 18 3568530
22 19 2654770
23 21 5665360
23 24 5610580
23 16 6339330
23 20 7091030
24 21 3074380
24 23 5610580
25 20 6686890
25 18 6802080
25 17 7071860
