0 4 3021640
0 2 3079350
1 2 5552650
1 5 5805300
1 3 4909590
2 1 5552650
2 0 3079350
2 4 5067650
3 4 4424590
3 1 4909590
3 5 4734950
4 0 3021640
4 3 4424590
4 2 5067650
4 11 5144270
5 1 5805300
5 3 4734950
5 7 4927280
5 6 5067390
6 8 3781350
6 7 4364010
6 5 5067390
6 11 4891360
6 16 3991760
7 6 4364010
7 21 3973100
7 5 4927280
8 6 3781350
8 10 3797500
8 15 4128030
9 12 4409440
9 10 3095650
10 15 4866950
10 8 3797500
10 11 4907510
10 9 3095650
11 4 5144270
11 6 4891360
11 10 4907510
12 9 4409440
12 14 5118780
12 13 5990220
12 15 6180740
13 12 5990220
13 15 5006960
13 17 5245680
13 16 4147920
14 17 4374240
14 12 5118780
15 10 4866950
15 13 5006960
15 12 6180740
15 8 4128030
16 23 4596250
16 20 3897850
16 6 3991760
16 13 4147920
17 14 4374240
17 13 5245680
17 19 5134560
17 25 5152460
18 22 3740450
18 25 5798900
18 19 5781000
19 17 5134560
19 18 5781000
19 22 2553650
20 16 3897850
20 25 4473150
20 23 5014700
21 24 3608540
21 23 4717700
21 7 3973100
22 18 3740450
22 19 2553650
23 21 4717700
23 24 4603940
23 16 4596250
23 20 5014700
24 21 3608540
24 23 4603940
25 20 4473150
25 18 5798900
25 17 5152460
