0 4 2793610
0 2 3630700
1 2 6223540
1 5 4988090
1 3 4706820
2 1 6223540
2 0 3630700
2 4 5734610
3 4 4217890
3 1 4706820
3 5 3819530
4 0 2793610
4 3 4217890
4 2 5734610
4 11 4728590
5 1 4988090
5 3 3819530
5 7 4474520
5 6 4060540
6 8 3234050
6 7 4434260
6 5 4060540
6 11 4289970
6 16 3544470
7 6 4434260
7 21 4243640
7 5 4474520
8 6 3234050
8 10 3265220
8 15 3329680
9 12 3297450
9 10 2769900
10 15 4147080
10 8 3265220
10 11 4321140
10 9 2769900
11 4 4728590
11 6 4289970
11 10 4321140
12 9 3297450
12 14 4494680
12 13 4456090
12 15 4674630
13 12 4456090
13 15 3993000
13 17 5253280
13 16 3421560
14 17 5291870
14 12 4494680
15 10 4147080
15 13 3993000
15 12 4674630
15 8 3329680
16 23 4438370
16 20 3747660
16 6 3544470
16 13 3421560
17 14 5291870
17 13 5253280
17 19 5366690
17 25 6704060
18 22 3433760
18 25 6537360
18 19 5199990
19 17 5366690
19 18 5199990
19 22 2235050
20 16 3747660
20 25 5551340
20 23 5117370
21 24 3063430
21 23 4723560
21 7 4243640
22 18 3433760
22 19 2235050
23 21 4723560
23 24 4147950
23 16 4438370
23 20 5117370
24 21 3063430
24 23 4147950
25 20 5551340
25 18 6537360
25 17 6704060
