0 4 2381070
0 2 3037490
1 2 4637600
1 5 3565280
1 3 3085500
2 1 4637600
2 0 3037490
2 4 4987120
3 4 3435020
3 1 3085500
3 5 3019120
4 0 2381070
4 3 3435020
4 2 4987120
4 11 4305410
5 1 3565280
5 3 3019120
5 7 4410370
5 6 3578840
6 8 2870700
6 7 4490310
6 5 3578840
6 11 3969450
6 16 3552280
7 6 4490310
7 21 3929230
7 5 4410370
8 6 2870700
8 10 3136040
8 15 2865900
9 12 2382720
9 10 2653480
10 15 3919320
10 8 3136040
10 11 4234790
10 9 2653480
11 4 4305410
11 6 3969450
11 10 4234790
12 9 2382720
12 14 2887210
12 13 3933880
12 15 3648560
13 12 3933880
13 15 3934500
13 17 4067650
13 16 3832800
14 17 3020980
14 12 2887210
15 10 3919320
15 13 3934500
15 12 3648560
15 8 2865900
16 23 4467700
16 20 3248870
16 6 3552280
16 13 3832800
17 14 3020980
17 13 4067650
17 19 3379100
17 25 3954190
18 22 2617600
18 25 4397400
18 19 3822310
19 17 3379100
19 18 3822310
19 22 1638010
20 16 3248870
20 25 3522430
20 23 4270790
21 24 2196320
21 23 4013120
21 7 3929230
22 18 2617600
22 19 1638010
23 21 4013120
23 24 3672820
23 16 4467700
23 20 4270790
24 21 2196320
24 23 3672820
25 20 3522430
25 18 4397400
25 17 3954190
