0 4 2003300
0 2 1917320
1 2 3289800
1 5 3158920
1 3 2786780
2 1 3289800
2 0 1917320
2 4 3457160
3 4 2954140
3 1 2786780
3 5 2737280
4 0 2003300
4 3 2954140
4 2 3457160
4 11 3640930
5 1 3158920
5 3 2737280
5 7 3368540
5 6 3439650
6 8 3084340
6 7 3698770
6 5 3439650
6 11 3754300
6 16 3272760
7 6 3698770
7 21 3350640
7 5 3368540
8 6 3084340
8 10 3143850
8 15 3138400
9 12 2367430
9 10 2662280
10 15 3883450
10 8 3143850
10 11 3813810
10 9 2662280
11 4 3640930
11 6 3754300
11 10 3813810
12 9 2367430
12 14 2712190
12 13 3295810
12 15 3588600
13 12 3295810
13 15 3585210
13 17 3655010
13 16 3034030
14 17 3071390
14 12 2712190
15 10 3883450
15 13 3585210
15 12 3588600
15 8 3138400
16 23 3866370
16 20 3488830
16 6 3272760
16 13 3034030
17 14 3071390
17 13 3655010
17 19 3176860
17 25 4513890
18 22 1934290
18 25 4200190
18 19 2863160
19 17 3176860
19 18 2863160
19 22 1407250
20 16 3488830
20 25 4606100
20 23 4579560
21 24 2662410
21 23 4015360
21 7 3350640
22 18 1934290
22 19 1407250
23 21 4015360
23 24 3604150
23 16 3866370
23 20 4579560
24 21 2662410
24 23 3604150
25 20 4606100
25 18 4200190
25 17 4513890
