0 4 3608180
0 2 4570500
1 2 7957430
1 5 6765150
1 3 6573610
2 1 7957430
2 0 4570500
2 4 7118640
3 4 5734820
3 1 6573610
3 5 5504860
4 0 3608180
4 3 5734820
4 2 7118640
4 11 6604240
5 1 6765150
5 3 5504860
5 7 5524880
5 6 5581380
6 8 3765630
6 7 5409860
6 5 5581380
6 11 6259260
6 16 5239420
7 6 5409860
7 21 4853810
7 5 5524880
8 6 3765630
8 10 3954350
8 15 3798590
9 12 3387410
9 10 3720800
10 15 5688040
10 8 3954350
10 11 6447980
10 9 3720800
11 4 6604240
11 6 6259260
11 10 6447980
12 9 3387410
12 14 4106520
12 13 4923660
12 15 5354650
13 12 4923660
13 15 5101290
13 17 5374130
13 16 4841390
14 17 4556990
14 12 4106520
15 10 5688040
15 13 5101290
15 12 5354650
15 8 3798590
16 23 6635420
16 20 4678340
16 6 5239420
16 13 4841390
17 14 4556990
17 13 5374130
17 19 4829830
17 25 5937390
18 22 1938250
18 25 4513950
18 19 3406390
19 17 4829830
19 18 3406390
19 22 2113560
20 16 4678340
20 25 5070510
20 23 6301280
21 24 4296070
21 23 6306310
21 7 4853810
22 18 1938250
22 19 2113560
23 21 6306310
23 24 6248120
23 16 6635420
23 20 6301280
24 21 4296070
24 23 6248120
25 20 5070510
25 18 4513950
25 17 5937390
