0 4 3231800
0 2 4552110
1 2 8328180
1 5 7315070
1 3 6370330
2 1 8328180
2 0 4552110
2 4 7498170
3 4 5540320
3 1 6370330
3 5 5847520
4 0 3231800
4 3 5540320
4 2 7498170
4 11 6321460
5 1 7315070
5 3 5847520
5 7 6152110
5 6 6285470
6 8 4014110
6 7 5645320
6 5 6285470
6 11 6121870
6 16 5211700
7 6 5645320
7 21 4279070
7 5 6152110
8 6 4014110
8 10 3794510
8 15 3847770
9 12 3397240
9 10 3609200
10 15 5392740
10 8 3794510
10 11 5902270
10 9 3609200
11 4 6321460
11 6 6121870
11 10 5902270
12 9 3397240
12 14 4275500
12 13 4918510
12 15 5180780
13 12 4918510
13 15 5183730
13 17 5645980
13 16 4783090
14 17 5002970
14 12 4275500
15 10 5392740
15 13 5183730
15 12 5180780
15 8 3847770
16 23 6110330
16 20 5283740
16 6 5211700
16 13 4783090
17 14 5002970
17 13 5645980
17 19 4881980
17 25 7036220
18 22 2448990
18 25 6142420
18 19 3988180
19 17 4881980
19 18 3988180
19 22 1854270
20 16 5283740
20 25 6812350
20 23 6749350
21 24 3843430
21 23 5311060
21 7 4279070
22 18 2448990
22 19 1854270
23 21 5311060
23 24 6108310
23 16 6110330
23 20 6749350
24 21 3843430
24 23 6108310
25 20 6812350
25 18 6142420
25 17 7036220
