0 4 3692270
0 2 3283920
1 2 6621170
1 5 6631740
1 3 6215170
2 1 6621170
2 0 3283920
2 4 6158290
3 4 5752290
3 1 6215170
3 5 5354510
4 0 3692270
4 3 5752290
4 2 6158290
4 11 6792630
5 1 6631740
5 3 5354510
5 7 6378700
5 6 6634160
6 8 5746050
6 7 7241780
6 5 6634160
6 11 7257930
6 16 7134010
7 6 7241780
7 21 6538110
7 5 6378700
8 6 5746050
8 10 5057050
8 15 5790090
9 12 5710500
9 10 4625670
10 15 6852280
10 8 5057050
10 11 6568930
10 9 4625670
11 4 6792630
11 6 7257930
11 10 6568930
12 9 5710500
12 14 6260130
12 13 8195960
12 15 7937110
13 12 8195960
13 15 7844170
13 17 8000980
13 16 7436900
14 17 6065150
14 12 6260130
15 10 6852280
15 13 7844170
15 12 7937110
15 8 5790090
16 23 8683320
16 20 7215570
16 6 7134010
16 13 7436900
17 14 6065150
17 13 8000980
17 19 7094900
17 25 8689780
18 22 4337790
18 25 8613950
18 19 7019070
19 17 7094900
19 18 7019070
19 22 3609580
20 16 7215570
20 25 8570490
20 23 9128110
21 24 5831940
21 23 8342880
21 7 6538110
22 18 4337790
22 19 3609580
23 21 8342880
23 24 8084920
23 16 8683320
23 20 9128110
24 21 5831940
24 23 8084920
25 20 8570490
25 18 8613950
25 17 8689780
