0 4 3023880
0 2 3900960
1 2 6468380
1 5 5327380
1 3 4769670
2 1 6468380
2 0 3900960
2 4 6399160
3 4 4700450
3 1 4769670
3 5 4436530
4 0 3023880
4 3 4700450
4 2 6399160
4 11 5469330
5 1 5327380
5 3 4436530
5 7 5254280
5 6 4845990
6 8 3704350
6 7 5106030
6 5 4845990
6 11 5057160
6 16 4470710
7 6 5106030
7 21 5173650
7 5 5254280
8 6 3704350
8 10 4062700
8 15 4003270
9 12 3340300
9 10 3525310
10 15 5355010
10 8 4062700
10 11 5415510
10 9 3525310
11 4 5469330
11 6 5057160
11 10 5415510
12 9 3340300
12 14 4119660
12 13 5432170
12 15 5170000
13 12 5432170
13 15 5557750
13 17 6095740
13 16 5031800
14 17 4783230
14 12 4119660
15 10 5355010
15 13 5557750
15 12 5170000
15 8 4003270
16 23 5272330
16 20 5346070
16 6 4470710
16 13 5031800
17 14 4783230
17 13 6095740
17 19 5715220
17 25 6949440
18 22 4325270
18 25 7878930
18 19 6644710
19 17 5715220
19 18 6644710
19 22 2739440
20 16 5346070
20 25 6987890
20 23 6374720
21 24 4127770
21 23 5566980
21 7 5173650
22 18 4325270
22 19 2739440
23 21 5566980
23 24 4861770
23 16 5272330
23 20 6374720
24 21 4127770
24 23 4861770
25 20 6987890
25 18 7878930
25 17 6949440
