0 4 3371850
0 2 5425610
1 2 8428650
1 5 6379470
1 3 5680400
2 1 8428650
2 0 5425610
2 4 8012200
3 4 5263950
3 1 5680400
3 5 5268530
4 0 3371850
4 3 5263950
4 2 8012200
4 11 6162350
5 1 6379470
5 3 5268530
5 7 5649860
5 6 6016880
6 8 4488450
6 7 5699140
6 5 6016880
6 11 6216210
6 16 5636350
7 6 5699140
7 21 4711620
7 5 5649860
8 6 4488450
8 10 4450060
8 15 4643620
9 12 3911410
9 10 4177430
10 15 6182940
10 8 4450060
10 11 6177820
10 9 4177430
11 4 6162350
11 6 6216210
11 10 6177820
12 9 3911410
12 14 5100710
12 13 5982750
12 15 5916920
13 12 5982750
13 15 6442330
13 17 7359930
13 16 5857350
14 17 6477890
14 12 5100710
15 10 6182940
15 13 6442330
15 12 5916920
15 8 4643620
16 23 6689060
16 20 5642270
16 6 5636350
16 13 5857350
17 14 6477890
17 13 7359930
17 19 6875540
17 25 9268200
18 22 5273540
18 25 10334050
18 19 7941390
19 17 6875540
19 18 7941390
19 22 2871530
20 16 5642270
20 25 8201350
20 23 7124790
21 24 3693310
21 23 6131350
21 7 4711620
22 18 5273540
22 19 2871530
23 21 6131350
23 24 5733540
23 16 6689060
23 20 7124790
24 21 3693310
24 23 5733540
25 20 8201350
25 18 10334050
25 17 9268200
