0 4 3864380
0 2 4165390
1 2 7045150
1 5 5990820
1 3 5892200
2 1 7045150
2 0 4165390
2 4 6677890
3 4 5524940
3 1 5892200
3 5 4771620
4 0 3864380
4 3 5524940
4 2 6677890
4 11 6246770
5 1 5990820
5 3 4771620
5 7 5513670
5 6 5227810
6 8 3965660
6 7 5871240
6 5 5227810
6 11 5851020
6 16 5323220
7 6 5871240
7 21 4763460
7 5 5513670
8 6 3965660
8 10 4254910
8 15 4408140
9 12 3903470
9 10 4172640
10 15 6317110
10 8 4254910
10 11 6140270
10 9 4172640
11 4 6246770
11 6 5851020
11 10 6140270
12 9 3903470
12 14 4287700
12 13 5762540
12 15 6047940
13 12 5762540
13 15 6184940
13 17 6040120
13 16 5480300
14 17 4565280
14 12 4287700
15 10 6317110
15 13 6184940
15 12 6047940
15 8 4408140
16 23 5297310
16 20 4752690
16 6 5323220
16 13 5480300
17 14 4565280
17 13 6040120
17 19 5589300
17 25 6210150
18 22 3891980
18 25 6563240
18 19 5942390
19 17 5589300
19 18 5942390
19 22 2947490
20 16 4752690
20 25 5341960
20 23 4988940
21 24 3196240
21 23 4451690
21 7 4763460
22 18 3891980
22 19 2947490
23 21 4451690
23 24 4278110
23 16 5297310
23 20 4988940
24 21 3196240
24 23 4278110
25 20 5341960
25 18 6563240
25 17 6210150
