0 4 3037050
0 2 4809980
1 2 8087220
1 5 7146060
1 3 6339330
2 1 8087220
2 0 4809980
2 4 7058130
3 4 5310240
3 1 6339330
3 5 6142010
4 0 3037050
4 3 5310240
4 2 7058130
4 11 5197390
5 1 7146060
5 3 6142010
5 7 7103210
5 6 6100420
6 8 4051070
6 7 6254890
6 5 6100420
6 11 5180840
6 16 5416980
7 6 6254890
7 21 6089410
7 5 7103210
8 6 4051070
8 10 3883380
8 15 4300710
9 12 3715120
9 10 3499350
10 15 5334050
10 8 3883380
10 11 5013150
10 9 3499350
11 4 5197390
11 6 5180840
11 10 5013150
12 9 3715120
12 14 4688210
12 13 5642960
12 15 5549820
13 12 5642960
13 15 5844520
13 17 6607610
13 16 5759760
14 17 5652860
14 12 4688210
15 10 5334050
15 13 5844520
15 12 5549820
15 8 4300710
16 23 6857030
16 20 4707020
16 6 5416980
16 13 5759760
17 14 5652860
17 13 6607610
17 19 5914330
17 25 6139750
18 22 3484070
18 25 5421470
18 19 5196050
19 17 5914330
19 18 5196050
19 22 2839120
20 16 4707020
20 25 4417060
20 23 5982190
21 24 4753500
21 23 6526670
21 7 6089410
22 18 3484070
22 19 2839120
23 21 6526670
23 24 6359030
23 16 6857030
23 20 5982190
24 21 4753500
24 23 6359030
25 20 4417060
25 18 5421470
25 17 6139750
