0 4 2807760
0 2 3144490
1 2 5587290
1 5 4318960
1 3 4486870
2 1 5587290
2 0 3144490
2 4 5414810
3 4 4314390
3 1 4486870
3 5 3382790
4 0 2807760
4 3 4314390
4 2 5414810
4 11 5248470
5 1 4318960
5 3 3382790
5 7 3911970
5 6 3724490
6 8 2808070
6 7 4421580
6 5 3724490
6 11 4826480
6 16 3436110
7 6 4421580
7 21 3370980
7 5 3911970
8 6 2808070
8 10 2504940
8 15 2466370
9 12 2506980
9 10 2598740
10 15 3589270
10 8 2504940
10 11 4523350
10 9 2598740
11 4 5248470
11 6 4826480
11 10 4523350
12 9 2506980
12 14 3138860
12 13 3400630
12 15 3497510
13 12 3400630
13 15 3453820
13 17 3876270
13 16 2997530
14 17 3614500
14 12 3138860
15 10 3589270
15 13 3453820
15 12 3497510
15 8 2466370
16 23 3324460
16 20 3211540
16 6 3436110
16 13 2997530
17 14 3614500
17 13 3876270
17 19 3829210
17 25 4998460
18 22 3498770
18 25 6129070
18 19 4959820
19 17 3829210
19 18 4959820
19 22 1801770
20 16 3211540
20 25 4693140
20 23 3897880
21 24 2189820
21 23 3071850
21 7 3370980
22 18 3498770
22 19 1801770
23 21 3071850
23 24 3128770
23 16 3324460
23 20 3897880
24 21 2189820
24 23 3128770
25 20 4693140
25 18 6129070
25 17 4998460
