0 4 3037730
0 2 3631510
1 2 5867550
1 5 4848870
1 3 4625290
2 1 5867550
2 0 3631510
2 4 5797600
3 4 4555340
3 1 4625290
3 5 4130440
4 0 3037730
4 3 4555340
4 2 5797600
4 11 5303870
5 1 4848870
5 3 4130440
5 7 4870490
5 6 4311280
6 8 3558860
6 7 4827750
6 5 4311280
6 11 4836230
6 16 3988220
7 6 4827750
7 21 4747620
7 5 4870490
8 6 3558860
8 10 4014540
8 15 3932130
9 12 3168970
9 10 3511640
10 15 5097490
10 8 4014540
10 11 5291910
10 9 3511640
11 4 5303870
11 6 4836230
11 10 5291910
12 9 3168970
12 14 4059550
12 13 4623710
12 15 4754820
13 12 4623710
13 15 4883970
13 17 5533510
13 16 4230380
14 17 4969350
14 12 4059550
15 10 5097490
15 13 4883970
15 12 4754820
15 8 3932130
16 23 5252400
16 20 5089230
16 6 3988220
16 13 4230380
17 14 4969350
17 13 5533510
17 19 5563670
17 25 7279850
18 22 4233020
18 25 8022000
18 19 6305820
19 17 5563670
19 18 6305820
19 22 2740380
20 16 5089230
20 25 7358050
20 23 6633730
21 24 4155180
21 23 5452590
21 7 4747620
22 18 4233020
22 19 2740380
23 21 5452590
23 24 5499490
23 16 5252400
23 20 6633730
24 21 4155180
24 23 5499490
25 20 7358050
25 18 8022000
25 17 7279850
