0 4 2903160
0 2 3922600
1 2 5911240
1 5 4812020
1 3 3962940
2 1 5911240
2 0 3922600
2 4 6065380
3 4 4117080
3 1 3962940
3 5 4037300
4 0 2903160
4 3 4117080
4 2 6065380
4 11 5025380
5 1 4812020
5 3 4037300
5 7 4776040
5 6 4937430
6 8 4105300
6 7 4827090
6 5 4937430
6 11 4996650
6 16 3960660
7 6 4827090
7 21 4227500
7 5 4776040
8 6 4105300
8 10 3864480
8 15 3935030
9 12 3579810
9 10 3424090
10 15 4577390
10 8 3864480
10 11 4755830
10 9 3424090
11 4 5025380
11 6 4996650
11 10 4755830
12 9 3579810
12 14 3490390
12 13 4313390
12 15 4733110
13 12 4313390
13 15 4228220
13 17 3631250
13 16 3370670
14 17 2808250
14 12 3490390
15 10 4577390
15 13 4228220
15 12 4733110
15 8 3935030
16 23 4072700
16 20 3321850
16 6 3960660
16 13 3370670
17 14 2808250
17 13 3631250
17 19 3189820
17 25 3499100
18 22 2642670
18 25 3973590
18 19 3664310
19 17 3189820
19 18 3664310
19 22 1904000
20 16 3321850
20 25 3627530
20 23 4461710
21 24 4282770
21 23 4500930
21 7 4227500
22 18 2642670
22 19 1904000
23 21 4500930
23 24 4994400
23 16 4072700
23 20 4461710
24 21 4282770
24 23 4994400
25 20 3627530
25 18 3973590
25 17 3499100
