0 4 3512940
0 2 3239560
1 2 6494340
1 5 6446640
1 3 5736050
2 1 6494340
2 0 3239560
2 4 6442080
3 4 5683790
3 1 5736050
3 5 5362710
4 0 3512940
4 3 5683790
4 2 6442080
4 11 6718010
5 1 6446640
5 3 5362710
5 7 6702020
5 6 5931080
6 8 4392980
6 7 6559800
6 5 5931080
6 11 6254710
6 16 5425790
7 6 6559800
7 21 6140560
7 5 6702020
8 6 4392980
8 10 4267360
8 15 4368250
9 12 3418020
9 10 3638650
10 15 5638510
10 8 4267360
10 11 6129090
10 9 3638650
11 4 6718010
11 6 6254710
11 10 6129090
12 9 3418020
12 14 4363130
12 13 5246410
12 15 5417880
13 12 5246410
13 15 5567930
13 17 6233190
13 16 5229590
14 17 5349910
14 12 4363130
15 10 5638510
15 13 5567930
15 12 5417880
15 8 4368250
16 23 6823660
16 20 5116260
16 6 5425790
16 13 5229590
17 14 5349910
17 13 6233190
17 19 6354990
17 25 7515720
18 22 5431150
18 25 8804740
18 19 7644010
19 17 6354990
19 18 7644010
19 22 3427200
20 16 5116260
20 25 6565660
20 23 6877200
21 24 4615090
21 23 6767490
21 7 6140560
22 18 5431150
22 19 3427200
23 21 6767490
23 24 6432200
23 16 6823660
23 20 6877200
24 21 4615090
24 23 6432200
25 20 6565660
25 18 8804740
25 17 7515720
