0 4 354440
0 2 110120
1 2 2288610
1 5 4698230
1 3 401320
2 1 2288610
2 0 110120
2 4 2746380
3 4 507780
3 1 401320
3 5 176810
4 0 354440
4 3 507780
4 2 2746380
4 11 3787030
5 1 4698230
5 3 176810
5 7 1824020
5 6 3475300
6 8 555310
6 7 957010
6 5 3475300
6 11 320670
6 16 3259690
7 6 957010
7 21 2787930
7 5 1824020
8 6 555310
8 10 142070
8 15 499850
9 12 373270
9 10 243150
10 15 3638290
10 8 142070
10 11 3631650
10 9 243150
11 4 3787030
11 6 320670
11 10 3631650
12 9 373270
12 14 1003180
12 13 589860
12 15 1299130
13 12 589860
13 15 2811680
13 17 2787660
13 16 1574600
14 17 1254230
14 12 1003180
15 10 3638290
15 13 2811680
15 12 1299130
15 8 499850
16 23 2189030
16 20 2692830
16 6 3259690
16 13 1574600
17 14 1254230
17 13 2787660
17 19 568660
17 25 2710500
18 22 221180
18 25 5923790
18 19 195050
19 17 568660
19 18 195050
19 22 221450
20 16 2692830
20 25 5134780
20 23 2590080
21 24 1386200
21 23 1332190
21 7 2787930
22 18 221180
22 19 221450
23 21 1332190
23 24 1728920
23 16 2189030
23 20 2590080
24 21 1386200
24 23 1728920
25 20 5134780
25 18 5923790
25 17 2710500
