0 4 40320
0 2 1
1 2 627150
1 5 1131710
1 3 151750
2 1 627150
2 0 1
2 4 523520
3 4 236110
3 1 151750
3 5 3800
4 0 40320
4 3 236110
4 2 523520
4 11 870390
5 1 1131710
5 3 3800
5 7 332010
5 6 799310
6 8 115370
6 7 263020
6 5 799310
6 11 82730
6 16 787640
7 6 263020
7 21 685820
7 5 332010
8 6 115370
8 10 3900
8 15 172800
9 12 62120
9 10 16930
10 15 816280
10 8 3900
10 11 832870
10 9 16930
11 4 870390
11 6 82730
11 10 832870
12 9 62120
12 14 348960
12 13 169160
12 15 371730
13 12 169160
13 15 730950
13 17 648810
13 16 355120
14 17 380450
14 12 348960
15 10 816280
15 13 730950
15 12 371730
15 8 172800
16 23 594550
16 20 482470
16 6 787640
16 13 355120
17 14 380450
17 13 648810
17 19 123040
17 25 848350
18 22 86330
18 25 1337510
18 19 87660
19 17 123040
19 18 87660
19 22 24100
20 16 482470
20 25 1034270
20 23 611610
21 24 265700
21 23 508220
21 7 685820
22 18 86330
22 19 24100
23 21 508220
23 24 396810
23 16 594550
23 20 611610
24 21 265700
24 23 396810
25 20 1034270
25 18 1337510
25 17 848350
