0 4 126390
0 2 94400
1 2 459350
1 5 869150
1 3 227740
2 1 459350
2 0 94400
2 4 1056010
3 4 231740
3 1 227740
3 5 116640
4 0 126390
4 3 231740
4 2 1056010
4 11 1449900
5 1 869150
5 3 116640
5 7 670180
5 6 437990
6 8 230330
6 7 284980
6 5 437990
6 11 109650
6 16 444530
7 6 284980
7 21 1203490
7 5 670180
8 6 230330
8 10 76790
8 15 171090
9 12 99880
9 10 36910
10 15 1369090
10 8 76790
10 11 1415090
10 9 36910
11 4 1449900
11 6 109650
11 10 1415090
12 9 99880
12 14 523020
12 13 395850
12 15 641950
13 12 395850
13 15 927550
13 17 952640
13 16 587790
14 17 564490
14 12 523020
15 10 1369090
15 13 927550
15 12 641950
15 8 171090
16 23 614240
16 20 517230
16 6 444530
16 13 587790
17 14 564490
17 13 952640
17 19 198110
17 25 1320290
18 22 150100
18 25 2534840
18 19 227170
19 17 198110
19 18 227170
19 22 139790
20 16 517230
20 25 1828900
20 23 1518970
21 24 450520
21 23 765290
21 7 1203490
22 18 150100
22 19 139790
23 21 765290
23 24 675310
23 16 614240
23 20 1518970
24 21 450520
24 23 675310
25 20 1828900
25 18 2534840
25 17 1320290
