0 4 81690
0 2 76810
1 2 577570
1 5 969510
1 3 225850
2 1 577570
2 0 76810
2 4 553180
3 4 301070
3 1 225850
3 5 81330
4 0 81690
4 3 301070
4 2 553180
4 11 1053570
5 1 969510
5 3 81330
5 7 641070
5 6 472020
6 8 289970
6 7 321150
6 5 472020
6 11 72350
6 16 448550
7 6 321150
7 21 794640
7 5 641070
8 6 289970
8 10 36310
8 15 213780
9 12 92270
9 10 26890
10 15 1011490
10 8 36310
10 11 1015470
10 9 26890
11 4 1053570
11 6 72350
11 10 1015470
12 9 92270
12 14 508390
12 13 149230
12 15 446970
13 12 149230
13 15 669670
13 17 688410
13 16 274620
14 17 506330
14 12 508390
15 10 1011490
15 13 669670
15 12 446970
15 8 213780
16 23 484340
16 20 272940
16 6 448550
16 13 274620
17 14 506330
17 13 688410
17 19 126990
17 25 919350
18 22 46390
18 25 1596560
18 19 6990
19 17 126990
19 18 6990
19 22 79360
20 16 272940
20 25 951520
20 23 750230
21 24 306280
21 23 463450
21 7 794640
22 18 46390
22 19 79360
23 21 463450
23 24 385060
23 16 484340
23 20 750230
24 21 306280
24 23 385060
25 20 951520
25 18 1596560
25 17 919350
