0 4 335570
0 2 58210
1 2 905730
1 5 1785890
1 3 299870
2 1 905730
2 0 58210
2 4 1017860
3 4 329310
3 1 299870
3 5 52860
4 0 335570
4 3 329310
4 2 1017860
4 11 1768040
5 1 1785890
5 3 52860
5 7 652580
5 6 1250630
6 8 267610
6 7 491600
6 5 1250630
6 11 174570
6 16 1243840
7 6 491600
7 21 966830
7 5 652580
8 6 267610
8 10 54500
8 15 201210
9 12 108890
9 10 75980
10 15 1738580
10 8 54500
10 11 1698380
10 9 75980
11 4 1768040
11 6 174570
11 10 1698380
12 9 108890
12 14 530670
12 13 390450
12 15 623020
13 12 390450
13 15 1312420
13 17 1194830
13 16 755340
14 17 649560
14 12 530670
15 10 1738580
15 13 1312420
15 12 623020
15 8 201210
16 23 1012630
16 20 1023710
16 6 1243840
16 13 755340
17 14 649560
17 13 1194830
17 19 168340
17 25 1368780
18 22 54760
18 25 2082610
18 19 64750
19 17 168340
19 18 64750
19 22 60260
20 16 1023710
20 25 1736290
20 23 820110
21 24 550680
21 23 472800
21 7 966830
22 18 54760
22 19 60260
23 21 472800
23 24 761240
23 16 1012630
23 20 820110
24 21 550680
24 23 761240
25 20 1736290
25 18 2082610
25 17 1368780
