0 4 203660
0 2 113840
1 2 1906590
1 5 3674590
1 3 267750
2 1 1906590
2 0 113840
2 4 1840860
3 4 284570
3 1 267750
3 5 226840
4 0 203660
4 3 284570
4 2 1840860
4 11 2534660
5 1 3674590
5 3 226840
5 7 1504830
5 6 2519660
6 8 238380
6 7 462940
6 5 2519660
6 11 245000
6 16 2356330
7 6 462940
7 21 1385920
7 5 1504830
8 6 238380
8 10 79560
8 15 291850
9 12 190810
9 10 18960
10 15 2544010
10 8 79560
10 11 2469320
10 9 18960
11 4 2534660
11 6 245000
11 10 2469320
12 9 190810
12 14 980780
12 13 477830
12 15 1045610
13 12 477830
13 15 1989570
13 17 1709010
13 16 1004590
14 17 1052570
14 12 980780
15 10 2544010
15 13 1989570
15 12 1045610
15 8 291850
16 23 1452860
16 20 1982620
16 6 2356330
16 13 1004590
17 14 1052570
17 13 1709010
17 19 392030
17 25 2096370
18 22 230180
18 25 3778710
18 19 168180
19 17 392030
19 18 168180
19 22 128830
20 16 1982620
20 25 3513760
20 23 1480510
21 24 714510
21 23 525700
21 7 1385920
22 18 230180
22 19 128830
23 21 525700
23 24 1109180
23 16 1452860
23 20 1480510
24 21 714510
24 23 1109180
25 20 3513760
25 18 3778710
25 17 2096370
