0 4 220690
0 2 2240
1 2 602890
1 5 1225440
1 3 34360
2 1 602890
2 0 2240
2 4 909340
3 4 77100
3 1 34360
3 5 39840
4 0 220690
4 3 77100
4 2 909340
4 11 1307720
5 1 1225440
5 3 39840
5 7 643590
5 6 743820
6 8 118250
6 7 318690
6 5 743820
6 11 264140
6 16 723740
7 6 318690
7 21 1586090
7 5 643590
8 6 118250
8 10 55970
8 15 144310
9 12 68440
9 10 124920
10 15 1153590
10 8 55970
10 11 1159250
10 9 124920
11 4 1307720
11 6 264140
11 10 1159250
12 9 68440
12 14 420250
12 13 201920
12 15 269620
13 12 201920
13 15 1061040
13 17 1055140
13 16 386250
14 17 392180
14 12 420250
15 10 1153590
15 13 1061040
15 12 269620
15 8 144310
16 23 648590
16 20 538730
16 6 723740
16 13 386250
17 14 392180
17 13 1055140
17 19 250430
17 25 1079170
18 22 66410
18 25 1880720
18 19 97240
19 17 250430
19 18 97240
19 22 122140
20 16 538730
20 25 1510920
20 23 1066760
21 24 500370
21 23 1037100
21 7 1586090
22 18 66410
22 19 122140
23 21 1037100
23 24 502950
23 16 648590
23 20 1066760
24 21 500370
24 23 502950
25 20 1510920
25 18 1880720
25 17 1079170
