0 4 83760
0 2 66150
1 2 519940
1 5 887290
1 3 332380
2 1 519940
2 0 66150
2 4 891450
3 4 377670
3 1 332380
3 5 70280
4 0 83760
4 3 377670
4 2 891450
4 11 1478300
5 1 887290
5 3 70280
5 7 351050
5 6 637800
6 8 372240
6 7 409130
6 5 637800
6 11 78120
6 16 623180
7 6 409130
7 21 757080
7 5 351050
8 6 372240
8 10 68380
8 15 348330
9 12 53230
9 10 102760
10 15 1440140
10 8 68380
10 11 1444400
10 9 102760
11 4 1478300
11 6 78120
11 10 1444400
12 9 53230
12 14 531700
12 13 241050
12 15 795500
13 12 241050
13 15 996880
13 17 887460
13 16 487700
14 17 437530
14 12 531700
15 10 1440140
15 13 996880
15 12 795500
15 8 348330
16 23 593320
16 20 480220
16 6 623180
16 13 487700
17 14 437530
17 13 887460
17 19 117640
17 25 1044580
18 22 92010
18 25 1560260
18 19 58970
19 17 117640
19 18 58970
19 22 63430
20 16 480220
20 25 1191920
20 23 734540
21 24 405740
21 23 387880
21 7 757080
22 18 92010
22 19 63430
23 21 387880
23 24 543880
23 16 593320
23 20 734540
24 21 405740
24 23 543880
25 20 1191920
25 18 1560260
25 17 1044580
