0 4 102560
0 2 70730
1 2 874090
1 5 1364420
1 3 227990
2 1 874090
2 0 70730
2 4 826160
3 4 328660
3 1 227990
3 5 63830
4 0 102560
4 3 328660
4 2 826160
4 11 1221380
5 1 1364420
5 3 63830
5 7 842150
5 6 673200
6 8 322070
6 7 311740
6 5 673200
6 11 93930
6 16 625600
7 6 311740
7 21 930730
7 5 842150
8 6 322070
8 10 75580
8 15 288880
9 12 82460
9 10 83400
10 15 1256820
10 8 75580
10 11 1253170
10 9 83400
11 4 1221380
11 6 93930
11 10 1253170
12 9 82460
12 14 668310
12 13 203210
12 15 582280
13 12 203210
13 15 1006550
13 17 884490
13 16 468720
14 17 614450
14 12 668310
15 10 1256820
15 13 1006550
15 12 582280
15 8 288880
16 23 509950
16 20 610290
16 6 625600
16 13 468720
17 14 614450
17 13 884490
17 19 191660
17 25 1262440
18 22 137280
18 25 2135360
18 19 158390
19 17 191660
19 18 158390
19 22 100230
20 16 610290
20 25 1473110
20 23 1007850
21 24 401280
21 23 609440
21 7 930730
22 18 137280
22 19 100230
23 21 609440
23 24 657180
23 16 509950
23 20 1007850
24 21 401280
24 23 657180
25 20 1473110
25 18 2135360
25 17 1262440
