0 4 547220
0 2 192850
1 2 2964610
1 5 4379880
1 3 1078850
2 1 2964610
2 0 192850
2 4 2985020
3 4 1045200
3 1 1078850
3 5 195770
4 0 547220
4 3 1045200
4 2 2985020
4 11 4870900
5 1 4379880
5 3 195770
5 7 1974160
5 6 2852620
6 8 874140
6 7 1164970
6 5 2852620
6 11 651790
6 16 2417030
7 6 1164970
7 21 3302550
7 5 1974160
8 6 874140
8 10 406240
8 15 821980
9 12 249270
9 10 146040
10 15 4074200
10 8 406240
10 11 4551530
10 9 146040
11 4 4870900
11 6 651790
11 10 4551530
12 9 249270
12 14 1682870
12 13 364100
12 15 2074790
13 12 364100
13 15 2883150
13 17 2702480
13 16 1150780
14 17 1563820
14 12 1682870
15 10 4074200
15 13 2883150
15 12 2074790
15 8 821980
16 23 1903820
16 20 1600240
16 6 2417030
16 13 1150780
17 14 1563820
17 13 2702480
17 19 557820
17 25 3168520
18 22 446940
18 25 4658570
18 19 157030
19 17 557820
19 18 157030
19 22 294630
20 16 1600240
20 25 4248990
20 23 2964570
21 24 1507970
21 23 1631560
21 7 3302550
22 18 446940
22 19 294630
23 21 1631560
23 24 1538540
23 16 1903820
23 20 2964570
24 21 1507970
24 23 1538540
25 20 4248990
25 18 4658570
25 17 3168520
