0 4 39090
0 2 36320
1 2 496670
1 5 1177090
1 3 110860
2 1 496670
2 0 36320
2 4 571910
3 4 170790
3 1 110860
3 5 49640
4 0 39090
4 3 170790
4 2 571910
4 11 842740
5 1 1177090
5 3 49640
5 7 550940
5 6 713100
6 8 285890
6 7 258270
6 5 713100
6 11 31040
6 16 659530
7 6 258270
7 21 734220
7 5 550940
8 6 285890
8 10 22360
8 15 279250
9 12 67870
9 10 40370
10 15 780070
10 8 22360
10 11 794850
10 9 40370
11 4 842740
11 6 31040
11 10 794850
12 9 67870
12 14 351090
12 13 214210
12 15 303890
13 12 214210
13 15 723380
13 17 731290
13 16 407230
14 17 348950
14 12 351090
15 10 780070
15 13 723380
15 12 303890
15 8 279250
16 23 672290
16 20 421880
16 6 659530
16 13 407230
17 14 348950
17 13 731290
17 19 154060
17 25 810620
18 22 61860
18 25 1748080
18 19 67040
19 17 154060
19 18 67040
19 22 75370
20 16 421880
20 25 1232080
20 23 819770
21 24 318460
21 23 443480
21 7 734220
22 18 61860
22 19 75370
23 21 443480
23 24 543760
23 16 672290
23 20 819770
24 21 318460
24 23 543760
25 20 1232080
25 18 1748080
25 17 810620
