0 4 463680
0 2 114990
1 2 3152190
1 5 4658010
1 3 737150
2 1 3152190
2 0 114990
2 4 2799450
3 4 693510
3 1 737150
3 5 278100
4 0 463680
4 3 693510
4 2 2799450
4 11 4072710
5 1 4658010
5 3 278100
5 7 2020790
5 6 3165370
6 8 848930
6 7 948390
6 5 3165370
6 11 293070
6 16 3206000
7 6 948390
7 21 3758920
7 5 2020790
8 6 848930
8 10 281360
8 15 982990
9 12 588380
9 10 208610
10 15 3658400
10 8 281360
10 11 3935440
10 9 208610
11 4 4072710
11 6 293070
11 10 3935440
12 9 588380
12 14 1762650
12 13 652890
12 15 1896300
13 12 652890
13 15 2871350
13 17 2741230
13 16 1728460
14 17 1701420
14 12 1762650
15 10 3658400
15 13 2871350
15 12 1896300
15 8 982990
16 23 2623360
16 20 2063070
16 6 3206000
16 13 1728460
17 14 1701420
17 13 2741230
17 19 374200
17 25 3483280
18 22 349180
18 25 6892840
18 19 371840
19 17 374200
19 18 371840
19 22 218080
20 16 2063070
20 25 4937600
20 23 3361690
21 24 1551100
21 23 2289640
21 7 3758920
22 18 349180
22 19 218080
23 21 2289640
23 24 1905420
23 16 2623360
23 20 3361690
24 21 1551100
24 23 1905420
25 20 4937600
25 18 6892840
25 17 3483280
