0 4 335300
0 2 72920
1 2 2188420
1 5 4024900
1 3 360970
2 1 2188420
2 0 72920
2 4 2709000
3 4 497440
3 1 360970
3 5 117970
4 0 335300
4 3 497440
4 2 2709000
4 11 3799880
5 1 4024900
5 3 117970
5 7 1545810
5 6 2925680
6 8 462930
6 7 840390
6 5 2925680
6 11 345330
6 16 2788400
7 6 840390
7 21 2511280
7 5 1545810
8 6 462930
8 10 175010
8 15 474590
9 12 428390
9 10 257940
10 15 3534690
10 8 175010
10 11 3565180
10 9 257940
11 4 3799880
11 6 345330
11 10 3565180
12 9 428390
12 14 1129200
12 13 510040
12 15 1127190
13 12 510040
13 15 2904040
13 17 2881360
13 16 1473630
14 17 1216370
14 12 1129200
15 10 3534690
15 13 2904040
15 12 1127190
15 8 474590
16 23 2131450
16 20 2066600
16 6 2788400
16 13 1473630
17 14 1216370
17 13 2881360
17 19 588310
17 25 2615500
18 22 296770
18 25 5197700
18 19 155560
19 17 588310
19 18 155560
19 22 178410
20 16 2066600
20 25 4137760
20 23 2247140
21 24 1215660
21 23 1295330
21 7 2511280
22 18 296770
22 19 178410
23 21 1295330
23 24 1519030
23 16 2131450
23 20 2247140
24 21 1215660
24 23 1519030
25 20 4137760
25 18 5197700
25 17 2615500
