0 4 127010
0 2 93050
1 2 986890
1 5 1462910
1 3 178160
2 1 986890
2 0 93050
2 4 875910
3 4 247440
3 1 178160
3 5 88080
4 0 127010
4 3 247440
4 2 875910
4 11 1246700
5 1 1462910
5 3 88080
5 7 1011800
5 6 644570
6 8 361310
6 7 381210
6 5 644570
6 11 117820
6 16 621910
7 6 381210
7 21 1038450
7 5 1011800
8 6 361310
8 10 75620
8 15 310130
9 12 65860
9 10 71390
10 15 1272700
10 8 75620
10 11 1266150
10 9 71390
11 4 1246700
11 6 117820
11 10 1266150
12 9 65860
12 14 583850
12 13 274130
12 15 605000
13 12 274130
13 15 1015520
13 17 1004810
13 16 514080
14 17 554570
14 12 583850
15 10 1272700
15 13 1015520
15 12 605000
15 8 310130
16 23 531430
16 20 644020
16 6 621910
16 13 514080
17 14 554570
17 13 1004810
17 19 248300
17 25 1263880
18 22 103900
18 25 2379270
18 19 198310
19 17 248300
19 18 198310
19 22 128670
20 16 644020
20 25 1643590
20 23 1191050
21 24 395790
21 23 685360
21 7 1038450
22 18 103900
22 19 128670
23 21 685360
23 24 632840
23 16 531430
23 20 1191050
24 21 395790
24 23 632840
25 20 1643590
25 18 2379270
25 17 1263880
