0 4 511950
0 2 22580
1 2 3048960
1 5 4201410
1 3 785820
2 1 3048960
2 0 22580
2 4 3377050
3 4 969700
3 1 785820
3 5 411330
4 0 511950
4 3 969700
4 2 3377050
4 11 4866170
5 1 4201410
5 3 411330
5 7 1930390
5 6 3007210
6 8 840440
6 7 1053980
6 5 3007210
6 11 399740
6 16 3136220
7 6 1053980
7 21 3111120
7 5 1930390
8 6 840440
8 10 203480
8 15 825160
9 12 508610
9 10 339920
10 15 4600660
10 8 203480
10 11 4773180
10 9 339920
11 4 4866170
11 6 399740
11 10 4773180
12 9 508610
12 14 1609570
12 13 1053420
12 15 2189620
13 12 1053420
13 15 3329810
13 17 3301330
13 16 2232450
14 17 1787190
14 12 1609570
15 10 4600660
15 13 3329810
15 12 2189620
15 8 825160
16 23 3035710
16 20 2253880
16 6 3136220
16 13 2232450
17 14 1787190
17 13 3301330
17 19 515580
17 25 3840360
18 22 243270
18 25 6800240
18 19 353430
19 17 515580
19 18 353430
19 22 280780
20 16 2253880
20 25 4861060
20 23 2953550
21 24 1717590
21 23 1574370
21 7 3111120
22 18 243270
22 19 280780
23 21 1574370
23 24 2103590
23 16 3035710
23 20 2953550
24 21 1717590
24 23 2103590
25 20 4861060
25 18 6800240
25 17 3840360
