0 4 251700
0 2 157310
1 2 2136240
1 5 3326740
1 3 546110
2 1 2136240
2 0 157310
2 4 2646540
3 4 617380
3 1 546110
3 5 139390
4 0 251700
4 3 617380
4 2 2646540
4 11 3674760
5 1 3326740
5 3 139390
5 7 1367300
5 6 2320610
6 8 830900
6 7 992740
6 5 2320610
6 11 277710
6 16 2164470
7 6 992740
7 21 2206210
7 5 1367300
8 6 830900
8 10 231550
8 15 849180
9 12 242200
9 10 111970
10 15 3638340
10 8 231550
10 11 3721130
10 9 111970
11 4 3674760
11 6 277710
11 10 3721130
12 9 242200
12 14 1289190
12 13 478220
12 15 1692530
13 12 478220
13 15 2816310
13 17 2770450
13 16 1426250
14 17 1386120
14 12 1289190
15 10 3638340
15 13 2816310
15 12 1692530
15 8 849180
16 23 2288690
16 20 1149400
16 6 2164470
16 13 1426250
17 14 1386120
17 13 2770450
17 19 662440
17 25 2835160
18 22 145090
18 25 4269110
18 19 357090
19 17 662440
19 18 357090
19 22 329640
20 16 1149400
20 25 2924640
20 23 1924140
21 24 1327610
21 23 1119800
21 7 2206210
22 18 145090
22 19 329640
23 21 1119800
23 24 1741430
23 16 2288690
23 20 1924140
24 21 1327610
24 23 1741430
25 20 2924640
25 18 4269110
25 17 2835160
