0 4 367530
0 2 57980
1 2 1658980
1 5 2717500
1 3 391390
2 1 1658980
2 0 57980
2 4 2136540
3 4 305910
3 1 391390
3 5 207240
4 0 367530
4 3 305910
4 2 2136540
4 11 2964190
5 1 2717500
5 3 207240
5 7 1271940
5 6 1779180
6 8 1236650
6 7 1429230
6 5 1779180
6 11 295120
6 16 1744670
7 6 1429230
7 21 1956280
7 5 1271940
8 6 1236650
8 10 106480
8 15 1274100
9 12 123030
9 10 77340
10 15 2784950
10 8 106480
10 11 2708580
10 9 77340
11 4 2964190
11 6 295120
11 10 2708580
12 9 123030
12 14 643660
12 13 692150
12 15 1559730
13 12 692150
13 15 2616390
13 17 2238790
13 16 1333160
14 17 645980
14 12 643660
15 10 2784950
15 13 2616390
15 12 1559730
15 8 1274100
16 23 2033510
16 20 985410
16 6 1744670
16 13 1333160
17 14 645980
17 13 2238790
17 19 483240
17 25 2046080
18 22 149760
18 25 3489440
18 19 159940
19 17 483240
19 18 159940
19 22 216580
20 16 985410
20 25 2507630
20 23 1658080
21 24 941160
21 23 1066650
21 7 1956280
22 18 149760
22 19 216580
23 21 1066650
23 24 1172400
23 16 2033510
23 20 1658080
24 21 941160
24 23 1172400
25 20 2507630
25 18 3489440
25 17 2046080
