0 4 147490
0 2 103700
1 2 1568640
1 5 2114170
1 3 338800
2 1 1568640
2 0 103700
2 4 1304120
3 4 308550
3 1 338800
3 5 123680
4 0 147490
4 3 308550
4 2 1304120
4 11 1822860
5 1 2114170
5 3 123680
5 7 697290
5 6 1677630
6 8 372560
6 7 400280
6 5 1677630
6 11 112390
6 16 1598720
7 6 400280
7 21 948080
7 5 697290
8 6 372560
8 10 150700
8 15 340880
9 12 99770
9 10 69540
10 15 1730790
10 8 150700
10 11 1758700
10 9 69540
11 4 1822860
11 6 112390
11 10 1758700
12 9 99770
12 14 459430
12 13 292660
12 15 556340
13 12 292660
13 15 1634800
13 17 1488380
13 16 805160
14 17 569130
14 12 459430
15 10 1730790
15 13 1634800
15 12 556340
15 8 340880
16 23 1434690
16 20 956340
16 6 1598720
16 13 805160
17 14 569130
17 13 1488380
17 19 280040
17 25 1470550
18 22 57250
18 25 2841070
18 19 241670
19 17 280040
19 18 241670
19 22 285310
20 16 956340
20 25 2017230
20 23 1124730
21 24 655830
21 23 381030
21 7 948080
22 18 57250
22 19 285310
23 21 381030
23 24 690010
23 16 1434690
23 20 1124730
24 21 655830
24 23 690010
25 20 2017230
25 18 2841070
25 17 1470550
