0 4 142480
0 2 14160
1 2 477370
1 5 815040
1 3 228640
2 1 477370
2 0 14160
2 4 873780
3 4 319700
3 1 228640
3 5 54790
4 0 142480
4 3 319700
4 2 873780
4 11 1357260
5 1 815040
5 3 54790
5 7 382600
5 6 560670
6 8 363250
6 7 299050
6 5 560670
6 11 98980
6 16 526780
7 6 299050
7 21 986890
7 5 382600
8 6 363250
8 10 37590
8 15 350980
9 12 91190
9 10 64380
10 15 1361370
10 8 37590
10 11 1364290
10 9 64380
11 4 1357260
11 6 98980
11 10 1364290
12 9 91190
12 14 224590
12 13 106060
12 15 733290
13 12 106060
13 15 985140
13 17 1190380
13 16 360470
14 17 360290
14 12 224590
15 10 1361370
15 13 985140
15 12 733290
15 8 350980
16 23 503260
16 20 386010
16 6 526780
16 13 360470
17 14 360290
17 13 1190380
17 19 138470
17 25 1083440
18 22 81240
18 25 2059460
18 19 120500
19 17 138470
19 18 120500
19 22 81870
20 16 386010
20 25 1295830
20 23 973720
21 24 414020
21 23 559210
21 7 986890
22 18 81240
22 19 81870
23 21 559210
23 24 664210
23 16 503260
23 20 973720
24 21 414020
24 23 664210
25 20 1295830
25 18 2059460
25 17 1083440
