0 4 84010
0 2 43320
1 2 894360
1 5 1029180
1 3 68220
2 1 894360
2 0 43320
2 4 1037990
3 4 107980
3 1 68220
3 5 60370
4 0 84010
4 3 107980
4 2 1037990
4 11 1231740
5 1 1029180
5 3 60370
5 7 533300
5 6 543480
6 8 187750
6 7 420840
6 5 543480
6 11 210760
6 16 485560
7 6 420840
7 21 936590
7 5 533300
8 6 187750
8 10 24070
8 15 236210
9 12 116130
9 10 40530
10 15 1199270
10 8 24070
10 11 1138010
10 9 40530
11 4 1231740
11 6 210760
11 10 1138010
12 9 116130
12 14 411100
12 13 120900
12 15 667680
13 12 120900
13 15 795630
13 17 797910
13 16 394040
14 17 506770
14 12 411100
15 10 1199270
15 13 795630
15 12 667680
15 8 236210
16 23 550650
16 20 316060
16 6 485560
16 13 394040
17 14 506770
17 13 797910
17 19 163490
17 25 908390
18 22 46680
18 25 1478950
18 19 92790
19 17 163490
19 18 92790
19 22 129970
20 16 316060
20 25 1152330
20 23 922440
21 24 386740
21 23 508540
21 7 936590
22 18 46680
22 19 129970
23 21 508540
23 24 571660
23 16 550650
23 20 922440
24 21 386740
24 23 571660
25 20 1152330
25 18 1478950
25 17 908390
