0 4 139790
0 2 29910
1 2 360440
1 5 600290
1 3 215260
2 1 360440
2 0 29910
2 4 638510
3 4 251880
3 1 215260
3 5 14480
4 0 139790
4 3 251880
4 2 638510
4 11 1162000
5 1 600290
5 3 14480
5 7 357080
5 6 352900
6 8 71610
6 7 109970
6 5 352900
6 11 127150
6 16 276480
7 6 109970
7 21 470500
7 5 357080
8 6 71610
8 10 54150
8 15 108880
9 12 72130
9 10 32710
10 15 1000420
10 8 54150
10 11 1100720
10 9 32710
11 4 1162000
11 6 127150
11 10 1100720
12 9 72130
12 14 182030
12 13 173520
12 15 401770
13 12 173520
13 15 822380
13 17 703700
13 16 371560
14 17 218090
14 12 182030
15 10 1000420
15 13 822380
15 12 401770
15 8 108880
16 23 456390
16 20 158210
16 6 276480
16 13 371560
17 14 218090
17 13 703700
17 19 39940
17 25 781520
18 22 171740
18 25 856250
18 19 93820
19 17 39940
19 18 93820
19 22 36990
20 16 158210
20 25 670140
20 23 473360
21 24 212900
21 23 231610
21 7 470500
22 18 171740
22 19 36990
23 21 231610
23 24 309520
23 16 456390
23 20 473360
24 21 212900
24 23 309520
25 20 670140
25 18 856250
25 17 781520
