0 4 310910
0 2 123340
1 2 2734980
1 5 3742260
1 3 901860
2 1 2734980
2 0 123340
2 4 2937720
3 4 930240
3 1 901860
3 5 66720
4 0 310910
4 3 930240
4 2 2937720
4 11 4492630
5 1 3742260
5 3 66720
5 7 1882170
5 6 2119770
6 8 384090
6 7 1010980
6 5 2119770
6 11 764820
6 16 2108030
7 6 1010980
7 21 2969350
7 5 1882170
8 6 384090
8 10 169470
8 15 271670
9 12 283410
9 10 371160
10 15 3904040
10 8 169470
10 11 4236400
10 9 371160
11 4 4492630
11 6 764820
11 10 4236400
12 9 283410
12 14 1334720
12 13 506710
12 15 1175480
13 12 506710
13 15 3081190
13 17 3162840
13 16 1208830
14 17 1448790
14 12 1334720
15 10 3904040
15 13 3081190
15 12 1175480
15 8 271670
16 23 1560660
16 20 1707670
16 6 2108030
16 13 1208830
17 14 1448790
17 13 3162840
17 19 643610
17 25 3200290
18 22 52400
18 25 5720060
18 19 223590
19 17 643610
19 18 223590
19 22 451770
20 16 1707670
20 25 3906550
20 23 2477390
21 24 1563780
21 23 1680950
21 7 2969350
22 18 52400
22 19 451770
23 21 1680950
23 24 1463800
23 16 1560660
23 20 2477390
24 21 1563780
24 23 1463800
25 20 3906550
25 18 5720060
25 17 3200290
