0 4 554990
0 2 82130
1 2 2573030
1 5 3943670
1 3 553770
2 1 2573030
2 0 82130
2 4 4258580
3 4 783560
3 1 553770
3 5 185490
4 0 554990
4 3 783560
4 2 4258580
4 11 5927280
5 1 3943670
5 3 185490
5 7 1452710
5 6 2901230
6 8 681770
6 7 1153230
6 5 2901230
6 11 650640
6 16 2684850
7 6 1153230
7 21 3516210
7 5 1452710
8 6 681770
8 10 511950
8 15 845200
9 12 151090
9 10 259030
10 15 4855630
10 8 511950
10 11 5399790
10 9 259030
11 4 5927280
11 6 650640
11 10 5399790
12 9 151090
12 14 1538000
12 13 1042330
12 15 1614240
13 12 1042330
13 15 4108560
13 17 3960270
13 16 2144080
14 17 1649400
14 12 1538000
15 10 4855630
15 13 4108560
15 12 1614240
15 8 845200
16 23 3283540
16 20 1503730
16 6 2684850
16 13 2144080
17 14 1649400
17 13 3960270
17 19 696290
17 25 4146370
18 22 202410
18 25 6332280
18 19 514120
19 17 696290
19 18 514120
19 22 292630
20 16 1503730
20 25 4568350
20 23 3442020
21 24 1544420
21 23 2181900
21 7 3516210
22 18 202410
22 19 292630
23 21 2181900
23 24 2121870
23 16 3283540
23 20 3442020
24 21 1544420
24 23 2121870
25 20 4568350
25 18 6332280
25 17 4146370
