0 4 294230
0 2 99680
1 2 1432590
1 5 2138700
1 3 804600
2 1 1432590
2 0 99680
2 4 2172360
3 4 904030
3 1 804600
3 5 27330
4 0 294230
4 3 904030
4 2 2172360
4 11 3468660
5 1 2138700
5 3 27330
5 7 751480
5 6 1452050
6 8 457550
6 7 800420
6 5 1452050
6 11 355350
6 16 1486140
7 6 800420
7 21 1515590
7 5 751480
8 6 457550
8 10 98410
8 15 469410
9 12 223270
9 10 120140
10 15 3130270
10 8 98410
10 11 3238540
10 9 120140
11 4 3468660
11 6 355350
11 10 3238540
12 9 223270
12 14 782250
12 13 848470
12 15 1342390
13 12 848470
13 15 2126180
13 17 1957480
13 16 1330410
14 17 942510
14 12 782250
15 10 3130270
15 13 2126180
15 12 1342390
15 8 469410
16 23 1618410
16 20 1067380
16 6 1486140
16 13 1330410
17 14 942510
17 13 1957480
17 19 552530
17 25 1950940
18 22 62100
18 25 3189760
18 19 120990
19 17 552530
19 18 120990
19 22 531220
20 16 1067380
20 25 2399830
20 23 1663820
21 24 866870
21 23 857780
21 7 1515590
22 18 62100
22 19 531220
23 21 857780
23 24 1027130
23 16 1618410
23 20 1663820
24 21 866870
24 23 1027130
25 20 2399830
25 18 3189760
25 17 1950940
