0 4 78500
0 2 48650
1 2 1074130
1 5 1355160
1 3 78850
2 1 1074130
2 0 48650
2 4 862480
3 4 124380
3 1 78850
3 5 35970
4 0 78500
4 3 124380
4 2 862480
4 11 1041170
5 1 1355160
5 3 35970
5 7 589040
5 6 945160
6 8 243470
6 7 300370
6 5 945160
6 11 59850
6 16 998040
7 6 300370
7 21 861850
7 5 589040
8 6 243470
8 10 46820
8 15 178410
9 12 35810
9 10 43740
10 15 988630
10 8 46820
10 11 945290
10 9 43740
11 4 1041170
11 6 59850
11 10 945290
12 9 35810
12 14 405860
12 13 143480
12 15 321210
13 12 143480
13 15 946690
13 17 926950
13 16 414640
14 17 438950
14 12 405860
15 10 988630
15 13 946690
15 12 321210
15 8 178410
16 23 697840
16 20 726370
16 6 998040
16 13 414640
17 14 438950
17 13 926950
17 19 188780
17 25 1028820
18 22 109520
18 25 1565680
18 19 81330
19 17 188780
19 18 81330
19 22 121390
20 16 726370
20 25 1423280
20 23 781520
21 24 527150
21 23 344590
21 7 861850
22 18 109520
22 19 121390
23 21 344590
23 24 510990
23 16 697840
23 20 781520
24 21 527150
24 23 510990
25 20 1423280
25 18 1565680
25 17 1028820
