0 4 98730
0 2 59050
1 2 828470
1 5 1177220
1 3 60480
2 1 828470
2 0 59050
2 4 997060
3 4 99430
3 1 60480
3 5 37550
4 0 98730
4 3 99430
4 2 997060
4 11 1210490
5 1 1177220
5 3 37550
5 7 588050
5 6 718380
6 8 310180
6 7 424450
6 5 718380
6 11 180170
6 16 755750
7 6 424450
7 21 825250
7 5 588050
8 6 310180
8 10 58040
8 15 272820
9 12 43990
9 10 81620
10 15 1012720
10 8 58040
10 11 1114630
10 9 81620
11 4 1210490
11 6 180170
11 10 1114630
12 9 43990
12 14 483530
12 13 464250
12 15 322100
13 12 464250
13 15 976320
13 17 964720
13 16 758030
14 17 463030
14 12 483530
15 10 1012720
15 13 976320
15 12 322100
15 8 272820
16 23 956610
16 20 662770
16 6 755750
16 13 758030
17 14 463030
17 13 964720
17 19 145810
17 25 1206680
18 22 100460
18 25 1954010
18 19 79000
19 17 145810
19 18 79000
19 22 109920
20 16 662770
20 25 1447770
20 23 903260
21 24 424490
21 23 305180
21 7 825250
22 18 100460
22 19 109920
23 21 305180
23 24 562110
23 16 956610
23 20 903260
24 21 424490
24 23 562110
25 20 1447770
25 18 1954010
25 17 1206680
