0 4 122440
0 2 6210
1 2 580880
1 5 978030
1 3 155960
2 1 580880
2 0 6210
2 4 1141720
3 4 154230
3 1 155960
3 5 29780
4 0 122440
4 3 154230
4 2 1141720
4 11 1464230
5 1 978030
5 3 29780
5 7 330450
5 6 760360
6 8 412970
6 7 571300
6 5 760360
6 11 55050
6 16 757540
7 6 571300
7 21 607540
7 5 330450
8 6 412970
8 10 42980
8 15 380120
9 12 206220
9 10 67380
10 15 1438280
10 8 42980
10 11 1500730
10 9 67380
11 4 1464230
11 6 55050
11 10 1500730
12 9 206220
12 14 244310
12 13 374400
12 15 650050
13 12 374400
13 15 1231410
13 17 1157110
13 16 495640
14 17 253710
14 12 244310
15 10 1438280
15 13 1231410
15 12 650050
15 8 380120
16 23 553220
16 20 687320
16 6 757540
16 13 495640
17 14 253710
17 13 1157110
17 19 256370
17 25 1179920
18 22 120880
18 25 1718950
18 19 61400
19 17 256370
19 18 61400
19 22 75040
20 16 687320
20 25 1255020
20 23 691130
21 24 400610
21 23 241230
21 7 607540
22 18 120880
22 19 75040
23 21 241230
23 24 490170
23 16 553220
23 20 691130
24 21 400610
24 23 490170
25 20 1255020
25 18 1718950
25 17 1179920
