0 4 47040
0 2 9060
1 2 809360
1 5 1331310
1 3 108720
2 1 809360
2 0 9060
2 4 895330
3 4 188950
3 1 108720
3 5 67350
4 0 47040
4 3 188950
4 2 895330
4 11 1100710
5 1 1331310
5 3 67350
5 7 783330
5 6 674940
6 8 98170
6 7 73580
6 5 674940
6 11 24940
6 16 677850
7 6 73580
7 21 828410
7 5 783330
8 6 98170
8 10 64670
8 15 70160
9 12 101790
9 10 32060
10 15 1014190
10 8 64670
10 11 1056500
10 9 32060
11 4 1100710
11 6 24940
11 10 1056500
12 9 101790
12 14 376960
12 13 86590
12 15 472910
13 12 86590
13 15 642060
13 17 616450
13 16 283730
14 17 458240
14 12 376960
15 10 1014190
15 13 642060
15 12 472910
15 8 70160
16 23 521720
16 20 520860
16 6 677850
16 13 283730
17 14 458240
17 13 616450
17 19 75330
17 25 774950
18 22 112630
18 25 1419230
18 19 15550
19 17 75330
19 18 15550
19 22 56780
20 16 520860
20 25 1338670
20 23 993360
21 24 325580
21 23 518460
21 7 828410
22 18 112630
22 19 56780
23 21 518460
23 24 424670
23 16 521720
23 20 993360
24 21 325580
24 23 424670
25 20 1338670
25 18 1419230
25 17 774950
