0 4 47340
0 2 38030
1 2 988510
1 5 1665130
1 3 67150
2 1 988510
2 0 38030
2 4 697140
3 4 162360
3 1 67150
3 5 60610
4 0 47340
4 3 162360
4 2 697140
4 11 1054490
5 1 1665130
5 3 60610
5 7 670030
5 6 1138760
6 8 227550
6 7 276470
6 5 1138760
6 11 169920
6 16 1062260
7 6 276470
7 21 1073360
7 5 670030
8 6 227550
8 10 74380
8 15 249250
9 12 142900
9 10 30060
10 15 972290
10 8 74380
10 11 1007950
10 9 30060
11 4 1054490
11 6 169920
11 10 1007950
12 9 142900
12 14 610850
12 13 198070
12 15 393530
13 12 198070
13 15 859230
13 17 910350
13 16 421070
14 17 660930
14 12 610850
15 10 972290
15 13 859230
15 12 393530
15 8 249250
16 23 974020
16 20 581250
16 6 1062260
16 13 421070
17 14 660930
17 13 910350
17 19 167130
17 25 1079980
18 22 87480
18 25 1385290
18 19 77690
19 17 167130
19 18 77690
19 22 97790
20 16 581250
20 25 1078050
20 23 592750
21 24 367930
21 23 725500
21 7 1073360
22 18 87480
22 19 97790
23 21 725500
23 24 462920
23 16 974020
23 20 592750
24 21 367930
24 23 462920
25 20 1078050
25 18 1385290
25 17 1079980
