0 4 138950
0 2 62200
1 2 686050
1 5 789890
1 3 375520
2 1 686050
2 0 62200
2 4 780890
3 4 329670
3 1 375520
3 5 85990
4 0 138950
4 3 329670
4 2 780890
4 11 1372380
5 1 789890
5 3 85990
5 7 437070
5 6 466020
6 8 146670
6 7 272930
6 5 466020
6 11 157940
6 16 451060
7 6 272930
7 21 1490570
7 5 437070
8 6 146670
8 10 47730
8 15 142760
9 12 46210
9 10 96970
10 15 1142280
10 8 47730
10 11 1216460
10 9 96970
11 4 1372380
11 6 157940
11 10 1216460
12 9 46210
12 14 282080
12 13 298470
12 15 575000
13 12 298470
13 15 712080
13 17 859810
13 16 648610
14 17 319920
14 12 282080
15 10 1142280
15 13 712080
15 12 575000
15 8 142760
16 23 737080
16 20 383910
16 6 451060
16 13 648610
17 14 319920
17 13 859810
17 19 103140
17 25 647350
18 22 80730
18 25 1386510
18 19 60340
19 17 103140
19 18 60340
19 22 30750
20 16 383910
20 25 1522080
20 23 1193170
21 24 618390
21 23 1027960
21 7 1490570
22 18 80730
22 19 30750
23 21 1027960
23 24 782700
23 16 737080
23 20 1193170
24 21 618390
24 23 782700
25 20 1522080
25 18 1386510
25 17 647350
