0 4 138990
0 2 27840
1 2 774940
1 5 1007950
1 3 224000
2 1 774940
2 0 27840
2 4 715930
3 4 264410
3 1 224000
3 5 77770
4 0 138990
4 3 264410
4 2 715930
4 11 1204470
5 1 1007950
5 3 77770
5 7 443300
5 6 771970
6 8 442060
6 7 428470
6 5 771970
6 11 79950
6 16 692210
7 6 428470
7 21 1035750
7 5 443300
8 6 442060
8 10 185670
8 15 334930
9 12 132980
9 10 123590
10 15 977690
10 8 185670
10 11 1168700
10 9 123590
11 4 1204470
11 6 79950
11 10 1168700
12 9 132980
12 14 334810
12 13 274920
12 15 513890
13 12 274920
13 15 854320
13 17 716430
13 16 508250
14 17 369170
14 12 334810
15 10 977690
15 13 854320
15 12 513890
15 8 334930
16 23 758780
16 20 364260
16 6 692210
16 13 508250
17 14 369170
17 13 716430
17 19 111960
17 25 944830
18 22 93020
18 25 1869560
18 19 89780
19 17 111960
19 18 89780
19 22 55640
20 16 364260
20 25 1164290
20 23 726510
21 24 426540
21 23 660670
21 7 1035750
22 18 93020
22 19 55640
23 21 660670
23 24 387220
23 16 758780
23 20 726510
24 21 426540
24 23 387220
25 20 1164290
25 18 1869560
25 17 944830
