0 4 366550
0 2 131190
1 2 1628130
1 5 2479290
1 3 904170
2 1 1628130
2 0 131190
2 4 2294140
3 4 1018730
3 1 904170
3 5 77050
4 0 366550
4 3 1018730
4 2 2294140
4 11 3736840
5 1 2479290
5 3 77050
5 7 1180950
5 6 1510760
6 8 538370
6 7 846350
6 5 1510760
6 11 373150
6 16 1529510
7 6 846350
7 21 2069380
7 5 1180950
8 6 538370
8 10 124640
8 15 481170
9 12 235060
9 10 260020
10 15 3306440
10 8 124640
10 11 3457090
10 9 260020
11 4 3736840
11 6 373150
11 10 3457090
12 9 235060
12 14 1102910
12 13 594270
12 15 1232810
13 12 594270
13 15 2418950
13 17 2308280
13 16 1118620
14 17 1239600
14 12 1102910
15 10 3306440
15 13 2418950
15 12 1232810
15 8 481170
16 23 1419540
16 20 1145740
16 6 1529510
16 13 1118620
17 14 1239600
17 13 2308280
17 19 673160
17 25 2475190
18 22 105290
18 25 3784460
18 19 123730
19 17 673160
19 18 123730
19 22 600280
20 16 1145740
20 25 2549330
20 23 1660790
21 24 975870
21 23 1224260
21 7 2069380
22 18 105290
22 19 600280
23 21 1224260
23 24 1103700
23 16 1419540
23 20 1660790
24 21 975870
24 23 1103700
25 20 2549330
25 18 3784460
25 17 2475190
