0 4 761870
0 2 82320
1 2 4099890
1 5 6579570
1 3 778490
2 1 4099890
2 0 82320
2 4 4953680
3 4 910430
3 1 778490
3 5 427210
4 0 761870
4 3 910430
4 2 4953680
4 11 7055720
5 1 6579570
5 3 427210
5 7 2086560
5 6 5269670
6 8 862500
6 7 1806110
6 5 5269670
6 11 1100400
6 16 5137630
7 6 1806110
7 21 5026200
7 5 2086560
8 6 862500
8 10 578960
8 15 880080
9 12 692700
9 10 407740
10 15 6274610
10 8 578960
10 11 6248360
10 9 407740
11 4 7055720
11 6 1100400
11 10 6248360
12 9 692700
12 14 1833350
12 13 1929700
12 15 2000820
13 12 1929700
13 15 5259520
13 17 4903610
13 16 3338840
14 17 1834760
14 12 1833350
15 10 6274610
15 13 5259520
15 12 2000820
15 8 880080
16 23 5311620
16 20 3550000
16 6 5137630
16 13 3338840
17 14 1834760
17 13 4903610
17 19 964750
17 25 4706840
18 22 600220
18 25 9263470
18 19 518830
19 17 964750
19 18 518830
19 22 410470
20 16 3550000
20 25 7642740
20 23 4386100
21 24 3058940
21 23 2646450
21 7 5026200
22 18 600220
22 19 410470
23 21 2646450
23 24 3163080
23 16 5311620
23 20 4386100
24 21 3058940
24 23 3163080
25 20 7642740
25 18 9263470
25 17 4706840
