0 4 1105460
0 2 114000
1 2 4119220
1 5 6395790
1 3 1233920
2 1 4119220
2 0 114000
2 4 4327380
3 4 1542780
3 1 1233920
3 5 391970
4 0 1105460
4 3 1542780
4 2 4327380
4 11 7287340
5 1 6395790
5 3 391970
5 7 2131190
5 6 4679890
6 8 1603950
6 7 2786760
6 5 4679890
6 11 1157720
6 16 4830880
7 6 2786760
7 21 5257080
7 5 2131190
8 6 1603950
8 10 596940
8 15 1826170
9 12 565760
9 10 448160
10 15 6236130
10 8 596940
10 11 6379800
10 9 448160
11 4 7287340
11 6 1157720
11 10 6379800
12 9 565760
12 14 1933990
12 13 1831530
12 15 2902560
13 12 1831530
13 15 5345930
13 17 5013880
13 16 3092540
14 17 2058950
14 12 1933990
15 10 6236130
15 13 5345930
15 12 2902560
15 8 1826170
16 23 4511760
16 20 3539820
16 6 4830880
16 13 3092540
17 14 2058950
17 13 5013880
17 19 1143120
17 25 5085800
18 22 704460
18 25 10089710
18 19 450100
19 17 1143120
19 18 450100
19 22 431050
20 16 3539820
20 25 7693020
20 23 4382470
21 24 3074600
21 23 2757780
21 7 5257080
22 18 704460
22 19 431050
23 21 2757780
23 24 3210440
23 16 4511760
23 20 4382470
24 21 3074600
24 23 3210440
25 20 7693020
25 18 10089710
25 17 5085800
