0 4 125270
0 2 11720
1 2 961400
1 5 997310
1 3 230770
2 1 961400
2 0 11720
2 4 647850
3 4 305120
3 1 230770
3 5 70410
4 0 125270
4 3 305120
4 2 647850
4 11 1175330
5 1 997310
5 3 70410
5 7 453370
5 6 741230
6 8 342890
6 7 412090
6 5 741230
6 11 146660
6 16 684050
7 6 412090
7 21 1374780
7 5 453370
8 6 342890
8 10 45660
8 15 346130
9 12 109450
9 10 109680
10 15 992360
10 8 45660
10 11 1172400
10 9 109680
11 4 1175330
11 6 146660
11 10 1172400
12 9 109450
12 14 353590
12 13 274620
12 15 584680
13 12 274620
13 15 784840
13 17 832330
13 16 415100
14 17 342180
14 12 353590
15 10 992360
15 13 784840
15 12 584680
15 8 346130
16 23 905780
16 20 215270
16 6 684050
16 13 415100
17 14 342180
17 13 832330
17 19 159370
17 25 829970
18 22 44020
18 25 1797320
18 19 60650
19 17 159370
19 18 60650
19 22 91830
20 16 215270
20 25 1228670
20 23 1071310
21 24 401310
21 23 1014650
21 7 1374780
22 18 44020
22 19 91830
23 21 1014650
23 24 418880
23 16 905780
23 20 1071310
24 21 401310
24 23 418880
25 20 1228670
25 18 1797320
25 17 829970
