0 4 645220
0 2 139570
1 2 3401280
1 5 4628880
1 3 466750
2 1 3401280
2 0 139570
2 4 3335940
3 4 726470
3 1 466750
3 5 266360
4 0 645220
4 3 726470
4 2 3335940
4 11 4934230
5 1 4628880
5 3 266360
5 7 2394010
5 6 2923970
6 8 735270
6 7 1093430
6 5 2923970
6 11 633320
6 16 2774350
7 6 1093430
7 21 2279400
7 5 2394010
8 6 735270
8 10 252360
8 15 695730
9 12 610820
9 10 165900
10 15 5057420
10 8 252360
10 11 4686100
10 9 165900
11 4 4934230
11 6 633320
11 10 4686100
12 9 610820
12 14 1386030
12 13 964440
12 15 1805000
13 12 964440
13 15 4037150
13 17 3643010
13 16 2322120
14 17 1557070
14 12 1386030
15 10 5057420
15 13 4037150
15 12 1805000
15 8 695730
16 23 3225990
16 20 1956630
16 6 2774350
16 13 2322120
17 14 1557070
17 13 3643010
17 19 623850
17 25 3920520
18 22 284460
18 25 5842440
18 19 272700
19 17 623850
19 18 272700
19 22 336620
20 16 1956630
20 25 4935970
20 23 3333160
21 24 1598380
21 23 794980
21 7 2279400
22 18 284460
22 19 336620
23 21 794980
23 24 2552320
23 16 3225990
23 20 3333160
24 21 1598380
24 23 2552320
25 20 4935970
25 18 5842440
25 17 3920520
