0 4 113500
0 2 22050
1 2 917350
1 5 864380
1 3 192260
2 1 917350
2 0 22050
2 4 578260
3 4 243160
3 1 192260
3 5 49880
4 0 113500
4 3 243160
4 2 578260
4 11 967340
5 1 864380
5 3 49880
5 7 520940
5 6 403050
6 8 281190
6 7 284960
6 5 403050
6 11 55450
6 16 340450
7 6 284960
7 21 618290
7 5 520940
8 6 281190
8 10 42080
8 15 272030
9 12 100720
9 10 31530
10 15 960780
10 8 42080
10 11 997980
10 9 31530
11 4 967340
11 6 55450
11 10 997980
12 9 100720
12 14 353140
12 13 40080
12 15 470620
13 12 40080
13 15 771070
13 17 721260
13 16 235540
14 17 365900
14 12 353140
15 10 960780
15 13 771070
15 12 470620
15 8 272030
16 23 419940
16 20 282570
16 6 340450
16 13 235540
17 14 365900
17 13 721260
17 19 182740
17 25 744040
18 22 108900
18 25 1325100
18 19 67610
19 17 182740
19 18 67610
19 22 76850
20 16 282570
20 25 813520
20 23 590920
21 24 293240
21 23 357360
21 7 618290
22 18 108900
22 19 76850
23 21 357360
23 24 323750
23 16 419940
23 20 590920
24 21 293240
24 23 323750
25 20 813520
25 18 1325100
25 17 744040
