0 4 305050
0 2 118390
1 2 1826310
1 5 2534160
1 3 858000
2 1 1826310
2 0 118390
2 4 1734180
3 4 844050
3 1 858000
3 5 92720
4 0 305050
4 3 844050
4 2 1734180
4 11 3014180
5 1 2534160
5 3 92720
5 7 1185490
5 6 1641110
6 8 438330
6 7 704660
6 5 1641110
6 11 358470
6 16 1646270
7 6 704660
7 21 2665220
7 5 1185490
8 6 438330
8 10 245060
8 15 309580
9 12 108080
9 10 144120
10 15 2754780
10 8 245060
10 11 2789820
10 9 144120
11 4 3014180
11 6 358470
11 10 2789820
12 9 108080
12 14 786670
12 13 266170
12 15 1153430
13 12 266170
13 15 1987710
13 17 1835890
13 16 880380
14 17 825060
14 12 786670
15 10 2754780
15 13 1987710
15 12 1153430
15 8 309580
16 23 1686020
16 20 840900
16 6 1646270
16 13 880380
17 14 825060
17 13 1835890
17 19 386240
17 25 1874190
18 22 192500
18 25 4028530
18 19 252520
19 17 386240
19 18 252520
19 22 263290
20 16 840900
20 25 3069120
20 23 2304760
21 24 1235250
21 23 1545050
21 7 2665220
22 18 192500
22 19 263290
23 21 1545050
23 24 1282680
23 16 1686020
23 20 2304760
24 21 1235250
24 23 1282680
25 20 3069120
25 18 4028530
25 17 1874190
