0 4 523150
0 2 14140
1 2 2522600
1 5 2917260
1 3 441020
2 1 2522600
2 0 14140
2 4 2987170
3 4 580330
3 1 441020
3 5 252040
4 0 523150
4 3 580330
4 2 2987170
4 11 4541050
5 1 2917260
5 3 252040
5 7 1154110
5 6 2267060
6 8 636410
6 7 1158590
6 5 2267060
6 11 811480
6 16 2264040
7 6 1158590
7 21 3329830
7 5 1154110
8 6 636410
8 10 252270
8 15 527150
9 12 290680
9 10 295060
10 15 3979550
10 8 252270
10 11 4031520
10 9 295060
11 4 4541050
11 6 811480
11 10 4031520
12 9 290680
12 14 1336560
12 13 382550
12 15 1628880
13 12 382550
13 15 3188100
13 17 3119790
13 16 971330
14 17 1568490
14 12 1336560
15 10 3979550
15 13 3188100
15 12 1628880
15 8 527150
16 23 2142860
16 20 1072440
16 6 2264040
16 13 971330
17 14 1568490
17 13 3119790
17 19 665160
17 25 3782510
18 22 178630
18 25 5355590
18 19 454610
19 17 665160
19 18 454610
19 22 279230
20 16 1072440
20 25 3869440
20 23 3011370
21 24 1545170
21 23 2092890
21 7 3329830
22 18 178630
22 19 279230
23 21 2092890
23 24 1325690
23 16 2142860
23 20 3011370
24 21 1545170
24 23 1325690
25 20 3869440
25 18 5355590
25 17 3782510
