0 4 336280
0 2 136230
1 2 2366590
1 5 3390230
1 3 907890
2 1 2366590
2 0 136230
2 4 1858370
3 4 953240
3 1 907890
3 5 193940
4 0 336280
4 3 953240
4 2 1858370
4 11 3363410
5 1 3390230
5 3 193940
5 7 1503950
5 6 2381210
6 8 605410
6 7 928850
6 5 2381210
6 11 459580
6 16 2306770
7 6 928850
7 21 2737800
7 5 1503950
8 6 605410
8 10 191040
8 15 518980
9 12 244240
9 10 178490
10 15 3128550
10 8 191040
10 11 3034190
10 9 178490
11 4 3363410
11 6 459580
11 10 3034190
12 9 244240
12 14 1205010
12 13 502140
12 15 1433520
13 12 502140
13 15 2302270
13 17 2243490
13 16 1296350
14 17 1253750
14 12 1205010
15 10 3128550
15 13 2302270
15 12 1433520
15 8 518980
16 23 2483350
16 20 1156320
16 6 2306770
16 13 1296350
17 14 1253750
17 13 2243490
17 19 394010
17 25 2532410
18 22 172890
18 25 4695060
18 19 206750
19 17 394010
19 18 206750
19 22 276000
20 16 1156320
20 25 3548990
20 23 2523480
21 24 1492990
21 23 1470990
21 7 2737800
22 18 172890
22 19 276000
23 21 1470990
23 24 1694730
23 16 2483350
23 20 2523480
24 21 1492990
24 23 1694730
25 20 3548990
25 18 4695060
25 17 2532410
