0 4 101780
0 2 83450
1 2 750530
1 5 1167470
1 3 159170
2 1 750530
2 0 83450
2 4 796430
3 4 169560
3 1 159170
3 5 44880
4 0 101780
4 3 169560
4 2 796430
4 11 1104270
5 1 1167470
5 3 44880
5 7 409820
5 6 870010
6 8 162630
6 7 263680
6 5 870010
6 11 113240
6 16 846430
7 6 263680
7 21 566040
7 5 409820
8 6 162630
8 10 33860
8 15 185230
9 12 119910
9 10 49920
10 15 1058970
10 8 33860
10 11 1100600
10 9 49920
11 4 1104270
11 6 113240
11 10 1100600
12 9 119910
12 14 612970
12 13 89600
12 15 483390
13 12 89600
13 15 778900
13 17 887400
13 16 324220
14 17 563070
14 12 612970
15 10 1058970
15 13 778900
15 12 483390
15 8 185230
16 23 803620
16 20 386350
16 6 846430
16 13 324220
17 14 563070
17 13 887400
17 19 144660
17 25 1059820
18 22 62650
18 25 1908050
18 19 141020
19 17 144660
19 18 141020
19 22 104850
20 16 386350
20 25 1212590
20 23 809680
21 24 219110
21 23 414210
21 7 566040
22 18 62650
22 19 104850
23 21 414210
23 24 473970
23 16 803620
23 20 809680
24 21 219110
24 23 473970
25 20 1212590
25 18 1908050
25 17 1059820
