0 4 307570
0 2 236070
1 2 2547000
1 5 3436110
1 3 608500
2 1 2547000
2 0 236070
2 4 3493320
3 4 791980
3 1 608500
3 5 253640
4 0 307570
4 3 791980
4 2 3493320
4 11 4622090
5 1 3436110
5 3 253640
5 7 1347370
5 6 2907540
6 8 1203370
6 7 1459480
6 5 2907540
6 11 474510
6 16 2693890
7 6 1459480
7 21 3889740
7 5 1347370
8 6 1203370
8 10 494020
8 15 983780
9 12 387120
9 10 320960
10 15 4234540
10 8 494020
10 11 4534220
10 9 320960
11 4 4622090
11 6 474510
11 10 4534220
12 9 387120
12 14 1143530
12 13 545980
12 15 1705580
13 12 545980
13 15 3757360
13 17 3902460
13 16 1383050
14 17 1236150
14 12 1143530
15 10 4234540
15 13 3757360
15 12 1705580
15 8 983780
16 23 1928120
16 20 2128220
16 6 2693890
16 13 1383050
17 14 1236150
17 13 3902460
17 19 615780
17 25 3636040
18 22 449040
18 25 7478440
18 19 417950
19 17 615780
19 18 417950
19 22 395010
20 16 2128220
20 25 5726040
20 23 3882380
21 24 1528700
21 23 2525080
21 7 3889740
22 18 449040
22 19 395010
23 21 2525080
23 24 1959910
23 16 1928120
23 20 3882380
24 21 1528700
24 23 1959910
25 20 5726040
25 18 7478440
25 17 3636040
