0 4 261330
0 2 25960
1 2 1347980
1 5 2112640
1 3 166570
2 1 1347980
2 0 25960
2 4 1156660
3 4 229700
3 1 166570
3 5 58940
4 0 261330
4 3 229700
4 2 1156660
4 11 1796120
5 1 2112640
5 3 58940
5 7 787720
5 6 1501260
6 8 437410
6 7 645060
6 5 1501260
6 11 276500
6 16 1302760
7 6 645060
7 21 1179030
7 5 787720
8 6 437410
8 10 120930
8 15 392730
9 12 160010
9 10 26870
10 15 1720460
10 8 120930
10 11 1668290
10 9 26870
11 4 1796120
11 6 276500
11 10 1668290
12 9 160010
12 14 724830
12 13 593560
12 15 635780
13 12 593560
13 15 1449140
13 17 1474480
13 16 943960
14 17 853900
14 12 724830
15 10 1720460
15 13 1449140
15 12 635780
15 8 392730
16 23 1572050
16 20 587680
16 6 1302760
16 13 943960
17 14 853900
17 13 1474480
17 19 259370
17 25 1813820
18 22 152470
18 25 2374050
18 19 22950
19 17 259370
19 18 22950
19 22 141810
20 16 587680
20 25 1538690
20 23 1013380
21 24 594070
21 23 614280
21 7 1179030
22 18 152470
22 19 141810
23 21 614280
23 24 619660
23 16 1572050
23 20 1013380
24 21 594070
24 23 619660
25 20 1538690
25 18 2374050
25 17 1813820
