0 4 190960
0 2 5600
1 2 712580
1 5 868750
1 3 119470
2 1 712580
2 0 5600
2 4 889260
3 4 208240
3 1 119470
3 5 61340
4 0 190960
4 3 208240
4 2 889260
4 11 1430430
5 1 868750
5 3 61340
5 7 531800
5 6 473940
6 8 326710
6 7 458400
6 5 473940
6 11 154890
6 16 426670
7 6 458400
7 21 961780
7 5 531800
8 6 326710
8 10 111220
8 15 322080
9 12 86580
9 10 40950
10 15 1326320
10 8 111220
10 11 1380450
10 9 40950
11 4 1430430
11 6 154890
11 10 1380450
12 9 86580
12 14 459270
12 13 168710
12 15 606230
13 12 168710
13 15 1085530
13 17 1078730
13 16 487160
14 17 623940
14 12 459270
15 10 1326320
15 13 1085530
15 12 606230
15 8 322080
16 23 592610
16 20 316840
16 6 426670
16 13 487160
17 14 623940
17 13 1078730
17 19 125840
17 25 1245850
18 22 52620
18 25 2114090
18 19 172680
19 17 125840
19 18 172680
19 22 82110
20 16 316840
20 25 1401470
20 23 1109800
21 24 358330
21 23 702110
21 7 961780
22 18 52620
22 19 82110
23 21 702110
23 24 540360
23 16 592610
23 20 1109800
24 21 358330
24 23 540360
25 20 1401470
25 18 2114090
25 17 1245850
