0 4 118980
0 2 42060
1 2 734020
1 5 1014270
1 3 120310
2 1 734020
2 0 42060
2 4 1150750
3 4 176080
3 1 120310
3 5 51460
4 0 118980
4 3 176080
4 2 1150750
4 11 1582910
5 1 1014270
5 3 51460
5 7 549160
5 6 633320
6 8 270260
6 7 362380
6 5 633320
6 11 204100
6 16 519420
7 6 362380
7 21 1064250
7 5 549160
8 6 270260
8 10 84890
8 15 275070
9 12 146630
9 10 83380
10 15 1495770
10 8 84890
10 11 1476510
10 9 83380
11 4 1582910
11 6 204100
11 10 1476510
12 9 146630
12 14 329000
12 13 159750
12 15 730270
13 12 159750
13 15 1064260
13 17 973540
13 16 546840
14 17 327530
14 12 329000
15 10 1495770
15 13 1064260
15 12 730270
15 8 275070
16 23 649180
16 20 385710
16 6 519420
16 13 546840
17 14 327530
17 13 973540
17 19 170510
17 25 842060
18 22 167370
18 25 1568500
18 19 66460
19 17 170510
19 18 66460
19 22 135800
20 16 385710
20 25 1187600
20 23 913560
21 24 470130
21 23 635920
21 7 1064250
22 18 167370
22 19 135800
23 21 635920
23 24 645780
23 16 649180
23 20 913560
24 21 470130
24 23 645780
25 20 1187600
25 18 1568500
25 17 842060
