0 4 1492900
0 2 1794710
1 2 3316650
1 5 3106610
1 3 2904000
2 1 3316650
2 0 1794710
2 4 2965690
3 4 2553040
3 1 2904000
3 5 2644810
4 0 1492900
4 3 2553040
4 2 2965690
4 11 2704700
5 1 3106610
5 3 2644810
5 7 3543120
5 6 2923230
6 8 2216060
6 7 3618930
6 5 2923230
6 11 2872280
6 16 3169960
7 6 3618930
7 21 3578890
7 5 3543120
8 6 2216060
8 10 2080880
8 15 2095660
9 12 2025450
9 10 1775600
10 15 2743460
10 8 2080880
10 11 2737100
10 9 1775600
11 4 2704700
11 6 2872280
11 10 2737100
12 9 2025450
12 14 2402500
12 13 3308660
12 15 2993310
13 12 3308660
13 15 3073590
13 17 3271100
13 16 3364910
14 17 2364940
14 12 2402500
15 10 2743460
15 13 3073590
15 12 2993310
15 8 2095660
16 23 4336540
16 20 3192440
16 6 3169960
16 13 3364910
17 14 2364940
17 13 3271100
17 19 2710820
17 25 3442660
18 22 1809260
18 25 3328640
18 19 2596800
19 17 2710820
19 18 2596800
19 22 1480840
20 16 3192440
20 25 3388030
20 23 4188100
21 24 2518090
21 23 4125580
21 7 3578890
22 18 1809260
22 19 1480840
23 21 4125580
23 24 3724710
23 16 4336540
23 20 4188100
24 21 2518090
24 23 3724710
25 20 3388030
25 18 3328640
25 17 3442660
