0 4 2692210
0 2 3642800
1 2 7077620
1 5 5991910
1 3 5802780
2 1 7077620
2 0 3642800
2 4 5920370
3 4 4645530
3 1 5802780
3 5 4510410
4 0 2692210
4 3 4645530
4 2 5920370
4 11 5145530
5 1 5991910
5 3 4510410
5 7 5039840
5 6 4693420
6 8 3574590
6 7 5033720
6 5 4693420
6 11 5004290
6 16 4031610
7 6 5033720
7 21 4522930
7 5 5039840
8 6 3574590
8 10 4136790
8 15 3967330
9 12 3157600
9 10 3849580
10 15 5642240
10 8 4136790
10 11 5566490
10 9 3849580
11 4 5145530
11 6 5004290
11 10 5566490
12 9 3157600
12 14 3326590
12 13 4286660
12 15 4950260
13 12 4286660
13 15 4809180
13 17 4778240
13 16 3760750
14 17 3818170
14 12 3326590
15 10 5642240
15 13 4809180
15 12 4950260
15 8 3967330
16 23 3966750
16 20 3592930
16 6 4031610
16 13 3760750
17 14 3818170
17 13 4778240
17 19 4640800
17 25 6298490
18 22 4491580
18 25 7614750
18 19 5957060
19 17 4640800
19 18 5957060
19 22 2405220
20 16 3592930
20 25 5498010
20 23 4183760
21 24 3318720
21 23 4111650
21 7 4522930
22 18 4491580
22 19 2405220
23 21 4111650
23 24 3764650
23 16 3966750
23 20 4183760
24 21 3318720
24 23 3764650
25 20 5498010
25 18 7614750
25 17 6298490
