0 4 2325790
0 2 2229050
1 2 4075280
1 5 4063190
1 3 3723690
2 1 4075280
2 0 2229050
2 4 3948200
3 4 3596610
3 1 3723690
3 5 3487780
4 0 2325790
4 3 3596610
4 2 3948200
4 11 4118320
5 1 4063190
5 3 3487780
5 7 4832520
5 6 3753040
6 8 2448370
6 7 4758280
6 5 3753040
6 11 3935250
6 16 3277540
7 6 4758280
7 21 4525640
7 5 4832520
8 6 2448370
8 10 2259740
8 15 2288060
9 12 2401520
9 10 2188140
10 15 3329860
10 8 2259740
10 11 3746620
10 9 2188140
11 4 4118320
11 6 3935250
11 10 3746620
12 9 2401520
12 14 3324290
12 13 3977430
12 15 3543240
13 12 3977430
13 15 3792370
13 17 4695530
13 16 3551420
14 17 4042390
14 12 3324290
15 10 3329860
15 13 3792370
15 12 3543240
15 8 2288060
16 23 3976860
16 20 2895330
16 6 3277540
16 13 3551420
17 14 4042390
17 13 4695530
17 19 4138270
17 25 4820260
18 22 2710040
18 25 4617960
18 19 3935970
19 17 4138270
19 18 3935970
19 22 1886110
20 16 2895330
20 25 3695200
20 23 3995910
21 24 3237400
21 23 4145480
21 7 4525640
22 18 2710040
22 19 1886110
23 21 4145480
23 24 4169360
23 16 3976860
23 20 3995910
24 21 3237400
24 23 4169360
25 20 3695200
25 18 4617960
25 17 4820260
