0 4 1754660
0 2 2576950
1 2 4424870
1 5 3284940
1 3 3166820
2 1 4424870
2 0 2576950
2 4 4262910
3 4 3004860
3 1 3166820
3 5 2687220
4 0 1754660
4 3 3004860
4 2 4262910
4 11 3315700
5 1 3284940
5 3 2687220
5 7 3130430
5 6 2864130
6 8 2298260
6 7 3189220
6 5 2864130
6 11 3056850
6 16 2876560
7 6 3189220
7 21 2838950
7 5 3130430
8 6 2298260
8 10 2196630
8 15 2541150
9 12 2362590
9 10 1911020
10 15 3064180
10 8 2196630
10 11 2955220
10 9 1911020
11 4 3315700
11 6 3056850
11 10 2955220
12 9 2362590
12 14 2910740
12 13 3591840
12 15 3515750
13 12 3591840
13 15 3484790
13 17 3607190
13 16 3195540
14 17 2926090
14 12 2910740
15 10 3064180
15 13 3484790
15 12 3515750
15 8 2541150
16 23 3552360
16 20 2689780
16 6 2876560
16 13 3195540
17 14 2926090
17 13 3607190
17 19 3110740
17 25 3313380
18 22 2292450
18 25 3618590
18 19 3415950
19 17 3110740
19 18 3415950
19 22 1444480
20 16 2689780
20 25 2761310
20 23 3411940
21 24 2151490
21 23 3248450
21 7 2838950
22 18 2292450
22 19 1444480
23 21 3248450
23 24 3177560
23 16 3552360
23 20 3411940
24 21 2151490
24 23 3177560
25 20 2761310
25 18 3618590
25 17 3313380
