0 4 953390
0 2 1809620
1 2 3040300
1 5 1938010
1 3 2110020
2 1 3040300
2 0 1809620
2 4 2687710
3 4 1757430
3 1 2110020
3 5 1511370
4 0 953390
4 3 1757430
4 2 2687710
4 11 2011740
5 1 1938010
5 3 1511370
5 7 2601060
5 6 2013490
6 8 2164650
6 7 3275190
6 5 2013490
6 11 2439810
6 16 2637120
7 6 3275190
7 21 2973130
7 5 2601060
8 6 2164650
8 10 1939290
8 15 2310140
9 12 1453900
9 10 1514780
10 15 2607750
10 8 1939290
10 11 2214450
10 9 1514780
11 4 2011740
11 6 2439810
11 10 2214450
12 9 1453900
12 14 1842350
12 13 2372460
12 15 2546870
13 12 2372460
13 15 2804190
13 17 2555760
13 16 2608200
14 17 2025650
14 12 1842350
15 10 2607750
15 13 2804190
15 12 2546870
15 8 2310140
16 23 3272460
16 20 2831130
16 6 2637120
16 13 2608200
17 14 2025650
17 13 2555760
17 19 2276770
17 25 2724920
18 22 1771970
18 25 2987060
18 19 2538910
19 17 2276770
19 18 2538910
19 22 1304860
20 16 2831130
20 25 3021870
20 23 3516970
21 24 2030400
21 23 3020900
21 7 2973130
22 18 1771970
22 19 1304860
23 21 3020900
23 24 2967800
23 16 3272460
23 20 3516970
24 21 2030400
24 23 2967800
25 20 3021870
25 18 2987060
25 17 2724920
