0 4 1775520
0 2 2881090
1 2 4898200
1 5 3906890
1 3 3593190
2 1 4898200
2 0 2881090
2 4 4497830
3 4 3192820
3 1 3593190
3 5 3307080
4 0 1775520
4 3 3192820
4 2 4497830
4 11 3586670
5 1 3906890
5 3 3307080
5 7 3411090
5 6 3034270
6 8 1837420
6 7 2824580
6 5 3034270
6 11 3114420
6 16 2209190
7 6 2824580
7 21 2616810
7 5 3411090
8 6 1837420
8 10 2379970
8 15 2208620
9 12 1674830
9 10 2216400
10 15 3361510
10 8 2379970
10 11 3656970
10 9 2216400
11 4 3586670
11 6 3114420
11 10 3656970
12 9 1674830
12 14 2100740
12 13 2465890
12 15 2819940
13 12 2465890
13 15 2836110
13 17 3038470
13 16 2226340
14 17 2673320
14 12 2100740
15 10 3361510
15 13 2836110
15 12 2819940
15 8 2208620
16 23 2123080
16 20 2236670
16 6 2209190
16 13 2226340
17 14 2673320
17 13 3038470
17 19 2751990
17 25 3758950
18 22 1923760
18 25 3673460
18 19 2666500
19 17 2751990
19 18 2666500
19 22 1166360
20 16 2236670
20 25 3212870
20 23 2389130
21 24 2064540
21 23 2153880
21 7 2616810
22 18 1923760
22 19 1166360
23 21 2153880
23 24 2186200
23 16 2123080
23 20 2389130
24 21 2064540
24 23 2186200
25 20 3212870
25 18 3673460
25 17 3758950
