0 4 2476710
0 2 3569060
1 2 5561340
1 5 4111100
1 3 3959810
2 1 5561340
2 0 3569060
2 4 5437470
3 4 3835940
3 1 3959810
3 5 3478050
4 0 2476710
4 3 3835940
4 2 5437470
4 11 4438670
5 1 4111100
5 3 3478050
5 7 3955930
5 6 3629670
6 8 2542070
6 7 3956260
6 5 3629670
6 11 4081110
6 16 3940120
7 6 3956260
7 21 3624720
7 5 3955930
8 6 2542070
8 10 3053210
8 15 3000960
9 12 2749270
9 10 3080110
10 15 4600030
10 8 3053210
10 11 4592250
10 9 3080110
11 4 4438670
11 6 4081110
11 10 4592250
12 9 2749270
12 14 3324070
12 13 4182770
12 15 4269190
13 12 4182770
13 15 4461360
13 17 4681570
13 16 4312590
14 17 3822870
14 12 3324070
15 10 4600030
15 13 4461360
15 12 4269190
15 8 3000960
16 23 4829150
16 20 3889310
16 6 3940120
16 13 4312590
17 14 3822870
17 13 4681570
17 19 4177490
17 25 5537270
18 22 2751760
18 25 5366610
18 19 4006830
19 17 4177490
19 18 4006830
19 22 2111710
20 16 3889310
20 25 4807360
20 23 4468220
21 24 2521230
21 23 4187490
21 7 3624720
22 18 2751760
22 19 2111710
23 21 4187490
23 24 3741800
23 16 4829150
23 20 4468220
24 21 2521230
24 23 3741800
25 20 4807360
25 18 5366610
25 17 5537270
