0 4 2738580
0 2 3212970
1 2 5875790
1 5 5566390
1 3 5127220
2 1 5875790
2 0 3212970
2 4 5238750
3 4 4490180
3 1 5127220
3 5 4655170
4 0 2738580
4 3 4490180
4 2 5238750
4 11 4895990
5 1 5566390
5 3 4655170
5 7 5968450
5 6 5091390
6 8 3537010
6 7 5965500
6 5 5091390
6 11 5058030
6 16 4883950
7 6 5965500
7 21 5460230
7 5 5968450
8 6 3537010
8 10 3678520
8 15 3519060
9 12 2729720
9 10 3434260
10 15 5212000
10 8 3678520
10 11 5199540
10 9 3434260
11 4 4895990
11 6 5058030
11 10 5199540
12 9 2729720
12 14 2881550
12 13 4093250
12 15 4507460
13 12 4093250
13 15 4638330
13 17 4244050
13 16 4451790
14 17 3032350
14 12 2881550
15 10 5212000
15 13 4638330
15 12 4507460
15 8 3519060
16 23 5488140
16 20 4500210
16 6 4883950
16 13 4451790
17 14 3032350
17 13 4244050
17 19 3767870
17 25 4808090
18 22 2721030
18 25 5082400
18 19 4042180
19 17 3767870
19 18 4042180
19 22 1950610
20 16 4500210
20 25 4836580
20 23 5308890
21 24 3404510
21 23 5187360
21 7 5460230
22 18 2721030
22 19 1950610
23 21 5187360
23 24 4513970
23 16 5488140
23 20 5308890
24 21 3404510
24 23 4513970
25 20 4836580
25 18 5082400
25 17 4808090
