0 4 1758910
0 2 1710980
1 2 3210750
1 5 3076100
1 3 2976230
2 1 3210750
2 0 1710980
2 4 3113090
3 4 2878570
3 1 2976230
3 5 2695990
4 0 1758910
4 3 2878570
4 2 3113090
4 11 3116170
5 1 3076100
5 3 2695990
5 7 2431160
5 6 2503120
6 8 1523250
6 7 2138420
6 5 2503120
6 11 2640850
6 16 2187590
7 6 2138420
7 21 1950970
7 5 2431160
8 6 1523250
8 10 2010200
8 15 2017030
9 12 1986020
9 10 2169730
10 15 3191110
10 8 2010200
10 11 3127800
10 9 2169730
11 4 3116170
11 6 2640850
11 10 3127800
12 9 1986020
12 14 2175580
12 13 2745410
12 15 3007400
13 12 2745410
13 15 2935950
13 17 2831640
13 16 2419380
14 17 2261810
14 12 2175580
15 10 3191110
15 13 2935950
15 12 3007400
15 8 2017030
16 23 2508050
16 20 2459570
16 6 2187590
16 13 2419380
17 14 2261810
17 13 2831640
17 19 2488000
17 25 3268410
18 22 1981340
18 25 3583860
18 19 2803450
19 17 2488000
19 18 2803450
19 22 1164570
20 16 2459570
20 25 3150920
20 23 2802820
21 24 1862710
21 23 2343390
21 7 1950970
22 18 1981340
22 19 1164570
23 21 2343390
23 24 2370620
23 16 2508050
23 20 2802820
24 21 1862710
24 23 2370620
25 20 3150920
25 18 3583860
25 17 3268410
