0 4 2082970
0 2 2342250
1 2 4379850
1 5 3771800
1 3 3583930
2 1 4379850
2 0 2342250
2 4 4222680
3 4 3426760
3 1 3583930
3 5 3077990
4 0 2082970
4 3 3426760
4 2 4222680
4 11 4083300
5 1 3771800
5 3 3077990
5 7 3265340
5 6 3381740
6 8 2641120
6 7 3381220
6 5 3381740
6 11 3850410
6 16 3325330
7 6 3381220
7 21 3043990
7 5 3265340
8 6 2641120
8 10 3045000
8 15 2981810
9 12 2472910
9 10 2907580
10 15 4242190
10 8 3045000
10 11 4254290
10 9 2907580
11 4 4083300
11 6 3850410
11 10 4254290
12 9 2472910
12 14 2674690
12 13 3521990
12 15 3807520
13 12 3521990
13 15 3893470
13 17 3846670
13 16 3380490
14 17 2999370
14 12 2674690
15 10 4242190
15 13 3893470
15 12 3807520
15 8 2981810
16 23 4442960
16 20 3736570
16 6 3325330
16 13 3380490
17 14 2999370
17 13 3846670
17 19 3841960
17 25 4341600
18 22 3439880
18 25 5520370
18 19 5020730
19 17 3841960
19 18 5020730
19 22 2017670
20 16 3736570
20 25 4458950
20 23 5026490
21 24 2607810
21 23 4278020
21 7 3043990
22 18 3439880
22 19 2017670
23 21 4278020
23 24 4062670
23 16 4442960
23 20 5026490
24 21 2607810
24 23 4062670
25 20 4458950
25 18 5520370
25 17 4341600
