0 4 2619410
0 2 2532110
1 2 3986790
1 5 3869660
1 3 3125720
2 1 3986790
2 0 2532110
2 4 4281980
3 4 3420910
3 1 3125720
3 5 3216480
4 0 2619410
4 3 3420910
4 2 4281980
4 11 4386380
5 1 3869660
5 3 3216480
5 7 3827500
5 6 4091690
6 8 3435230
6 7 3958770
6 5 4091690
6 11 4313220
6 16 3888450
7 6 3958770
7 21 3686100
7 5 3827500
8 6 3435230
8 10 3269200
8 15 3728300
9 12 2774100
9 10 2819300
10 15 4350000
10 8 3269200
10 11 4147190
10 9 2819300
11 4 4386380
11 6 4313220
11 10 4147190
12 9 2774100
12 14 3105230
12 13 3869710
12 15 4304800
13 12 3869710
13 15 4374010
13 17 4092510
13 16 3746430
14 17 3328030
14 12 3105230
15 10 4350000
15 13 4374010
15 12 4304800
15 8 3728300
16 23 4449630
16 20 3180900
16 6 3888450
16 13 3746430
17 14 3328030
17 13 4092510
17 19 3642150
17 25 4216960
18 22 2752670
18 25 4445260
18 19 3870450
19 17 3642150
19 18 3870450
19 22 1920420
20 16 3180900
20 25 3497840
20 23 4076590
21 24 3583970
21 23 4511470
21 7 3686100
22 18 2752670
22 19 1920420
23 21 4511470
23 24 4417820
23 16 4449630
23 20 4076590
24 21 3583970
24 23 4417820
25 20 3497840
25 18 4445260
25 17 4216960
