0 4 1756320
0 2 2040720
1 2 3351290
1 5 3167160
1 3 2540810
2 1 3351290
2 0 2040720
2 4 3321580
3 4 2511100
3 1 2540810
3 5 2611370
4 0 1756320
4 3 2511100
4 2 3321580
4 11 3073170
5 1 3167160
5 3 2611370
5 7 3035660
5 6 2840750
6 8 2009860
6 7 2638690
6 5 2840750
6 11 2776470
6 16 2931150
7 6 2638690
7 21 2493430
7 5 3035660
8 6 2009860
8 10 2311480
8 15 2160210
9 12 2443960
9 10 2165020
10 15 2895750
10 8 2311480
10 11 3078090
10 9 2165020
11 4 3073170
11 6 2776470
11 10 3078090
12 9 2443960
12 14 2622700
12 13 3617310
12 15 3174690
13 12 3617310
13 15 3187100
13 17 3559440
13 16 3524120
14 17 2564830
14 12 2622700
15 10 2895750
15 13 3187100
15 12 3174690
15 8 2160210
16 23 3529150
16 20 3009160
16 6 2931150
16 13 3524120
17 14 2564830
17 13 3559440
17 19 2871960
17 25 3903030
18 22 2315540
18 25 4286190
18 19 3255120
19 17 2871960
19 18 3255120
19 22 1315180
20 16 3009160
20 25 3458350
20 23 3119790
21 24 2326070
21 23 2896520
21 7 2493430
22 18 2315540
22 19 1315180
23 21 2896520
23 24 3069330
23 16 3529150
23 20 3119790
24 21 2326070
24 23 3069330
25 20 3458350
25 18 4286190
25 17 3903030
