0 4 3300160
0 2 4552380
1 2 7619590
1 5 6357950
1 3 5717580
2 1 7619590
2 0 4552380
2 4 7065440
3 4 5163430
3 1 5717580
3 5 5154010
4 0 3300160
4 3 5163430
4 2 7065440
4 11 5706970
5 1 6357950
5 3 5154010
5 7 6182960
5 6 5704670
6 8 4170730
6 7 6093250
6 5 5704670
6 11 5607840
6 16 5683980
7 6 6093250
7 21 5529490
7 5 6182960
8 6 4170730
8 10 3930920
8 15 3920850
9 12 3869280
9 10 3624220
10 15 5125270
10 8 3930920
10 11 5368030
10 9 3624220
11 4 5706970
11 6 5607840
11 10 5368030
12 9 3869280
12 14 4331250
12 13 5394800
12 15 5370330
13 12 5394800
13 15 5139670
13 17 5237210
13 16 5458570
14 17 4173660
14 12 4331250
15 10 5125270
15 13 5139670
15 12 5370330
15 8 3920850
16 23 6826980
16 20 5247060
16 6 5683980
16 13 5458570
17 14 4173660
17 13 5237210
17 19 4465020
17 25 5721070
18 22 2971360
18 25 5837630
18 19 4581580
19 17 4465020
19 18 4581580
19 22 2009540
20 16 5247060
20 25 5436490
20 23 6321040
21 24 5185700
21 23 6194200
21 7 5529490
22 18 2971360
22 19 2009540
23 21 6194200
23 24 6892460
23 16 6826980
23 20 6321040
24 21 5185700
24 23 6892460
25 20 5436490
25 18 5837630
25 17 5721070
