0 4 2103920
0 2 1754140
1 2 3342320
1 5 3788940
1 3 3261640
2 1 3342320
2 0 1754140
2 4 3268120
3 4 3187440
3 1 3261640
3 5 3284280
4 0 2103920
4 3 3187440
4 2 3268120
4 11 3624280
5 1 3788940
5 3 3284280
5 7 4010430
5 6 3822590
6 8 2657040
6 7 4021440
6 5 3822590
6 11 3732130
6 16 3806380
7 6 4021440
7 21 3538270
7 5 4010430
8 6 2657040
8 10 2646850
8 15 2421920
9 12 2615640
9 10 2533320
10 15 3588290
10 8 2646850
10 11 3721940
10 9 2533320
11 4 3624280
11 6 3732130
11 10 3721940
12 9 2615640
12 14 2982080
12 13 3824230
12 15 3670610
13 12 3824230
13 15 3516980
13 17 3759540
13 16 3724880
14 17 2917390
14 12 2982080
15 10 3588290
15 13 3516980
15 12 3670610
15 8 2421920
16 23 4574290
16 20 3208560
16 6 3806380
16 13 3724880
17 14 2917390
17 13 3759540
17 19 3170160
17 25 3923980
18 22 2371750
18 25 4192480
18 19 3438660
19 17 3170160
19 18 3438660
19 22 1424930
20 16 3208560
20 25 3318720
20 23 4003690
21 24 2378270
21 23 4118340
21 7 3538270
22 18 2371750
22 19 1424930
23 21 4118340
23 24 3629350
23 16 4574290
23 20 4003690
24 21 2378270
24 23 3629350
25 20 3318720
25 18 4192480
25 17 3923980
