0 4 1319260
0 2 1373220
1 2 2679740
1 5 2354150
1 3 2247110
2 1 2679740
2 0 1373220
2 4 2594440
3 4 2161810
3 1 2247110
3 5 1890180
4 0 1319260
4 3 2161810
4 2 2594440
4 11 2637240
5 1 2354150
5 3 1890180
5 7 2732420
5 6 2423780
6 8 2022830
6 7 3158980
6 5 2423780
6 11 2792170
6 16 2604970
7 6 3158980
7 21 2803160
7 5 2732420
8 6 2022830
8 10 1683840
8 15 1731270
9 12 1446250
9 10 1495400
10 15 2219790
10 8 1683840
10 11 2453180
10 9 1495400
11 4 2637240
11 6 2792170
11 10 2453180
12 9 1446250
12 14 1796330
12 13 2212610
12 15 2170640
13 12 2212610
13 15 2309190
13 17 2480820
13 16 2355380
14 17 2064540
14 12 1796330
15 10 2219790
15 13 2309190
15 12 2170640
15 8 1731270
16 23 2948880
16 20 2453700
16 6 2604970
16 13 2355380
17 14 2064540
17 13 2480820
17 19 2273180
17 25 3104570
18 22 1584770
18 25 3131920
18 19 2300530
19 17 2273180
19 18 2300530
19 22 1220120
20 16 2453700
20 25 3073230
20 23 3042980
21 24 2102120
21 23 2838430
21 7 2803160
22 18 1584770
22 19 1220120
23 21 2838430
23 24 2801850
23 16 2948880
23 20 3042980
24 21 2102120
24 23 2801850
25 20 3073230
25 18 3131920
25 17 3104570
