0 4 1584910
0 2 1826030
1 2 2932080
1 5 2688480
1 3 2303390
2 1 2932080
2 0 1826030
2 4 2939240
3 4 2310550
3 1 2303390
3 5 2308070
4 0 1584910
4 3 2310550
4 2 2939240
4 11 2762400
5 1 2688480
5 3 2308070
5 7 2480560
5 6 2712300
6 8 2046790
6 7 2499700
6 5 2712300
6 11 2779060
6 16 2441430
7 6 2499700
7 21 2409300
7 5 2480560
8 6 2046790
8 10 2080570
8 15 2100800
9 12 1544910
9 10 1885730
10 15 2819230
10 8 2080570
10 11 2812840
10 9 1885730
11 4 2762400
11 6 2779060
11 10 2812840
12 9 1544910
12 14 1858950
12 13 2134150
12 15 2478410
13 12 2134150
13 15 2495200
13 17 2605530
13 16 2151180
14 17 2330330
14 12 1858950
15 10 2819230
15 13 2495200
15 12 2478410
15 8 2100800
16 23 2292840
16 20 2423270
16 6 2441430
16 13 2151180
17 14 2330330
17 13 2605530
17 19 2567810
17 25 3256310
18 22 2267560
18 25 3767800
18 19 3079300
19 17 2567810
19 18 3079300
19 22 1263760
20 16 2423270
20 25 3073810
20 23 2564690
21 24 2177760
21 23 2492450
21 7 2409300
22 18 2267560
22 19 1263760
23 21 2492450
23 24 2119570
23 16 2292840
23 20 2564690
24 21 2177760
24 23 2119570
25 20 3073810
25 18 3767800
25 17 3256310
