0 4 2695240
0 2 3660560
1 2 5845920
1 5 5005050
1 3 4077650
2 1 5845920
2 0 3660560
2 4 6017840
3 4 4249570
3 1 4077650
3 5 4374020
4 0 2695240
4 3 4249570
4 2 6017840
4 11 4996370
5 1 5005050
5 3 4374020
5 7 4619800
5 6 4737010
6 8 3003060
6 7 4055390
6 5 4737010
6 11 4556410
6 16 4002900
7 6 4055390
7 21 3780360
7 5 4619800
8 6 3003060
8 10 2893490
8 15 3086590
9 12 2744540
9 10 2702290
10 15 4146560
10 8 2893490
10 11 4446840
10 9 2702290
11 4 4996370
11 6 4556410
11 10 4446840
12 9 2744540
12 14 3255680
12 13 4271970
12 15 4188810
13 12 4271970
13 15 4422820
13 17 4465640
13 16 4169590
14 17 3449350
14 12 3255680
15 10 4146560
15 13 4422820
15 12 4188810
15 8 3086590
16 23 4127980
16 20 3643760
16 6 4002900
16 13 4169590
17 14 3449350
17 13 4465640
17 19 3664740
17 25 4961370
18 22 3163440
18 25 5643760
18 19 4347130
19 17 3664740
19 18 4347130
19 22 1720490
20 16 3643760
20 25 4475880
20 23 3938540
21 24 3428960
21 23 4022650
21 7 3780360
22 18 3163440
22 19 1720490
23 21 4022650
23 24 3829070
23 16 4127980
23 20 3938540
24 21 3428960
24 23 3829070
25 20 4475880
25 18 5643760
25 17 4961370
