0 4 2373140
0 2 2740780
1 2 5000620
1 5 4297660
1 3 4003640
2 1 5000620
2 0 2740780
2 4 4978320
3 4 3981340
3 1 4003640
3 5 3646020
4 0 2373140
4 3 3981340
4 2 4978320
4 11 4712860
5 1 4297660
5 3 3646020
5 7 4282220
5 6 3574460
6 8 2353130
6 7 3916640
6 5 3574460
6 11 4011960
6 16 3469570
7 6 3916640
7 21 4170510
7 5 4282220
8 6 2353130
8 10 2769150
8 15 2689290
9 12 2653230
9 10 2748040
10 15 3961060
10 8 2769150
10 11 4427980
10 9 2748040
11 4 4712860
11 6 4011960
11 10 4427980
12 9 2653230
12 14 2711500
12 13 3807640
12 15 3866250
13 12 3807640
13 15 3822590
13 17 3850400
13 16 3747120
14 17 2754260
14 12 2711500
15 10 3961060
15 13 3822590
15 12 3866250
15 8 2689290
16 23 4504270
16 20 3059520
16 6 3469570
16 13 3747120
17 14 2754260
17 13 3850400
17 19 3169000
17 25 3530220
18 22 2206360
18 25 3537010
18 19 3175790
19 17 3169000
19 18 3175790
19 22 1431750
20 16 3059520
20 25 2756200
20 23 3833530
21 24 3826290
21 23 4497450
21 7 4170510
22 18 2206360
22 19 1431750
23 21 4497450
23 24 4607120
23 16 4504270
23 20 3833530
24 21 3826290
24 23 4607120
25 20 2756200
25 18 3537010
25 17 3530220
