0 4 1721740
0 2 2709580
1 2 4375530
1 5 3382190
1 3 3150100
2 1 4375530
2 0 2709580
2 4 4021920
3 4 2796490
3 1 3150100
3 5 2790990
4 0 1721740
4 3 2796490
4 2 4021920
4 11 3351810
5 1 3382190
5 3 2790990
5 7 2832890
5 6 2802160
6 8 1876000
6 7 2611970
6 5 2802160
6 11 3125390
6 16 3043120
7 6 2611970
7 21 2641840
7 5 2832890
8 6 1876000
8 10 2320560
8 15 2245500
9 12 2864300
9 10 2521920
10 15 3395300
10 8 2320560
10 11 3569950
10 9 2521920
11 4 3351810
11 6 3125390
11 10 3569950
12 9 2864300
12 14 3019670
12 13 4127360
12 15 3737680
13 12 4127360
13 15 3709920
13 17 3638280
13 16 3802300
14 17 2530590
14 12 3019670
15 10 3395300
15 13 3709920
15 12 3737680
15 8 2245500
16 23 4096320
16 20 3148450
16 6 3043120
16 13 3802300
17 14 2530590
17 13 3638280
17 19 2648360
17 25 3284230
18 22 1929150
18 25 3221410
18 19 2585540
19 17 2648360
19 18 2585540
19 22 1463370
20 16 3148450
20 25 3091700
20 23 3739770
21 24 2328260
21 23 3664310
21 7 2641840
22 18 1929150
22 19 1463370
23 21 3664310
23 24 3351590
23 16 4096320
23 20 3739770
24 21 2328260
24 23 3351590
25 20 3091700
25 18 3221410
25 17 3284230
