0 4 2764440
0 2 2892690
1 2 5318180
1 5 4925340
1 3 4748390
2 1 5318180
2 0 2892690
2 4 4645010
3 4 4075220
3 1 4748390
3 5 3810630
4 0 2764440
4 3 4075220
4 2 4645010
4 11 4437970
5 1 4925340
5 3 3810630
5 7 5337250
5 6 4774500
6 8 4360150
6 7 6124170
6 5 4774500
6 11 4960300
6 16 4404470
7 6 6124170
7 21 4817930
7 5 5337250
8 6 4360150
8 10 3751550
8 15 4238850
9 12 3281970
9 10 2899780
10 15 4831520
10 8 3751550
10 11 4351700
10 9 2899780
11 4 4437970
11 6 4960300
11 10 4351700
12 9 3281970
12 14 3988960
12 13 4754480
12 15 5213710
13 12 4754480
13 15 4859590
13 17 5202220
13 16 3823940
14 17 4436700
14 12 3988960
15 10 4831520
15 13 4859590
15 12 5213710
15 8 4238850
16 23 4613920
16 20 3750900
16 6 4404470
16 13 3823940
17 14 4436700
17 13 5202220
17 19 4622440
17 25 6748250
18 22 3157520
18 25 6686080
18 19 4560270
19 17 4622440
19 18 4560270
19 22 1838050
20 16 3750900
20 25 5873350
20 23 5117300
21 24 3242070
21 23 4464630
21 7 4817930
22 18 3157520
22 19 1838050
23 21 4464630
23 24 4757760
23 16 4613920
23 20 5117300
24 21 3242070
24 23 4757760
25 20 5873350
25 18 6686080
25 17 6748250
