0 4 2552350
0 2 2909790
1 2 5113060
1 5 4762860
1 3 4197560
2 1 5113060
2 0 2909790
2 4 4732560
3 4 3817060
3 1 4197560
3 5 3824300
4 0 2552350
4 3 3817060
4 2 4732560
4 11 4391970
5 1 4762860
5 3 3824300
5 7 4189120
5 6 4324630
6 8 2827180
6 7 4124150
6 5 4324630
6 11 4334240
6 16 4442000
7 6 4124150
7 21 3800830
7 5 4189120
8 6 2827180
8 10 2818060
8 15 2743720
9 12 3088790
9 10 2725570
10 15 4167080
10 8 2818060
10 11 4325120
10 9 2725570
11 4 4391970
11 6 4334240
11 10 4325120
12 9 3088790
12 14 3704820
12 13 4488930
12 15 4530300
13 12 4488930
13 15 4051370
13 17 4637620
13 16 4317170
14 17 3853510
14 12 3704820
15 10 4167080
15 13 4051370
15 12 4530300
15 8 2743720
16 23 5507650
16 20 4064180
16 6 4442000
16 13 4317170
17 14 3853510
17 13 4637620
17 19 4380530
17 25 4971840
18 22 3276640
18 25 5298960
18 19 4707650
19 17 4380530
19 18 4707650
19 22 2064810
20 16 4064180
20 25 4091230
20 23 4947490
21 24 3782960
21 23 5001990
21 7 3800830
22 18 3276640
22 19 2064810
23 21 5001990
23 24 5171930
23 16 5507650
23 20 4947490
24 21 3782960
24 23 5171930
25 20 4091230
25 18 5298960
25 17 4971840
