0 4 2374120
0 2 3058030
1 2 4922870
1 5 4552470
1 3 3704990
2 1 4922870
2 0 3058030
2 4 4626330
3 4 3408450
3 1 3704990
3 5 3721960
4 0 2374120
4 3 3408450
4 2 4626330
4 11 4062630
5 1 4552470
5 3 3721960
5 7 4556290
5 6 4136970
6 8 2693890
6 7 4123820
6 5 4136970
6 11 3943670
6 16 3866970
7 6 4123820
7 21 4052150
7 5 4556290
8 6 2693890
8 10 2737090
8 15 2466780
9 12 2161050
9 10 2428510
10 15 3520590
10 8 2737090
10 11 3986870
10 9 2428510
11 4 4062630
11 6 3943670
11 10 3986870
12 9 2161050
12 14 3021390
12 13 3537480
12 15 3253130
13 12 3537480
13 15 3534630
13 17 4249660
13 16 3924210
14 17 3733570
14 12 3021390
15 10 3520590
15 13 3534630
15 12 3253130
15 8 2466780
16 23 4374990
16 20 3514160
16 6 3866970
16 13 3924210
17 14 3733570
17 13 4249660
17 19 3691710
17 25 4972100
18 22 2747320
18 25 5097850
18 19 3817460
19 17 3691710
19 18 3817460
19 22 1632940
20 16 3514160
20 25 4131370
20 23 3859710
21 24 3238400
21 23 4140850
21 7 4052150
22 18 2747320
22 19 1632940
23 21 4140850
23 24 3818090
23 16 4374990
23 20 3859710
24 21 3238400
24 23 3818090
25 20 4131370
25 18 5097850
25 17 4972100
