0 4 3058800
0 2 3809800
1 2 6272960
1 5 5210730
1 3 4746580
2 1 6272960
2 0 3809800
2 4 6274320
3 4 4747940
3 1 4746580
3 5 4436710
4 0 3058800
4 3 4747940
4 2 6274320
4 11 5595120
5 1 5210730
5 3 4436710
5 7 4717610
5 6 5124280
6 8 3855010
6 7 4941030
6 5 5124280
6 11 5507310
6 16 4605630
7 6 4941030
7 21 4164850
7 5 4717610
8 6 3855010
8 10 3686440
8 15 3667570
9 12 2707240
9 10 3408130
10 15 4991690
10 8 3686440
10 11 5338740
10 9 3408130
11 4 5595120
11 6 5507310
11 10 5338740
12 9 2707240
12 14 3055740
12 13 3859010
12 15 4290800
13 12 3859010
13 15 4541030
13 17 4328020
13 16 3986400
14 17 3524750
14 12 3055740
15 10 4991690
15 13 4541030
15 12 4290800
15 8 3667570
16 23 4890100
16 20 4335730
16 6 4605630
16 13 3986400
17 14 3524750
17 13 4328020
17 19 4063600
17 25 4910420
18 22 2906680
18 25 5060730
18 19 4213910
19 17 4063600
19 18 4213910
19 22 2273170
20 16 4335730
20 25 5040970
20 23 5362270
21 24 3480270
21 23 4855990
21 7 4164850
22 18 2906680
22 19 2273170
23 21 4855990
23 24 4540920
23 16 4890100
23 20 5362270
24 21 3480270
24 23 4540920
25 20 5040970
25 18 5060730
25 17 4910420
