0 4 2326430
0 2 3145430
1 2 4979110
1 5 4468570
1 3 3744510
2 1 4979110
2 0 3145430
2 4 4567240
3 4 3332640
3 1 3744510
3 5 3641100
4 0 2326430
4 3 3332640
4 2 4567240
4 11 3829180
5 1 4468570
5 3 3641100
5 7 4363620
5 6 3991440
6 8 2599620
6 7 3989900
6 5 3991440
6 11 3763920
6 16 3227910
7 6 3989900
7 21 3592580
7 5 4363620
8 6 2599620
8 10 2267670
8 15 2346940
9 12 2008990
9 10 1998000
10 15 3033090
10 8 2267670
10 11 3431970
10 9 1998000
11 4 3829180
11 6 3763920
11 10 3431970
12 9 2008990
12 14 2490320
12 13 2743180
12 15 3044080
13 12 2743180
13 15 2811460
13 17 2890120
13 16 2674330
14 17 2637260
14 12 2490320
15 10 3033090
15 13 2811460
15 12 3044080
15 8 2346940
16 23 3532550
16 20 2415830
16 6 3227910
16 13 2674330
17 14 2637260
17 13 2890120
17 19 2560430
17 25 3439560
18 22 1978250
18 25 3641280
18 19 2762150
19 17 2560430
19 18 2762150
19 22 1067280
20 16 2415830
20 25 2801500
20 23 3110280
21 24 2504680
21 23 3525040
21 7 3592580
22 18 1978250
22 19 1067280
23 21 3525040
23 24 3206640
23 16 3532550
23 20 3110280
24 21 2504680
24 23 3206640
25 20 2801500
25 18 3641280
25 17 3439560
