0 4 2029310
0 2 2742210
1 2 4844850
1 5 4202800
1 3 3708810
2 1 4844850
2 0 2742210
2 4 4168860
3 4 3032820
3 1 3708810
3 5 3103670
4 0 2029310
4 3 3032820
4 2 4168860
4 11 3483390
5 1 4202800
5 3 3103670
5 7 4267210
5 6 3610450
6 8 2610280
6 7 4280000
6 5 3610450
6 11 3567030
6 16 3149330
7 6 4280000
7 21 4230600
7 5 4267210
8 6 2610280
8 10 2350230
8 15 2781950
9 12 2566330
9 10 2262100
10 15 3534860
10 8 2350230
10 11 3306980
10 9 2262100
11 4 3483390
11 6 3567030
11 10 3306980
12 9 2566330
12 14 3488370
12 13 3548240
12 15 3839090
13 12 3548240
13 15 3675730
13 17 4638650
13 16 3030150
14 17 4578780
14 12 3488370
15 10 3534860
15 13 3675730
15 12 3839090
15 8 2781950
16 23 3865830
16 20 3650640
16 6 3149330
16 13 3030150
17 14 4578780
17 13 4638650
17 19 5010090
17 25 6188250
18 22 4191870
18 25 7073980
18 19 5895820
19 17 5010090
19 18 5895820
19 22 2423810
20 16 3650640
20 25 5554970
20 23 4841050
21 24 3370140
21 23 4290340
21 7 4230600
22 18 4191870
22 19 2423810
23 21 4290340
23 24 4136040
23 16 3865830
23 20 4841050
24 21 3370140
24 23 4136040
25 20 5554970
25 18 7073980
25 17 6188250
