0 4 2386610
0 2 2454410
1 2 3665940
1 5 3308450
1 3 2929990
2 1 3665940
2 0 2454410
2 4 3721600
3 4 2985650
3 1 2929990
3 5 2695960
4 0 2386610
4 3 2985650
4 2 3721600
4 11 3726190
5 1 3308450
5 3 2695960
5 7 3609220
5 6 3833410
6 8 3483510
6 7 4368210
6 5 3833410
6 11 4195490
6 16 3994420
7 6 4368210
7 21 3714710
7 5 3609220
8 6 3483510
8 10 2926470
8 15 3482150
9 12 2988740
9 10 2527660
10 15 4034000
10 8 2926470
10 11 3638450
10 9 2527660
11 4 3726190
11 6 4195490
11 10 3638450
12 9 2988740
12 14 3116920
12 13 4109070
12 15 4495080
13 12 4109070
13 15 4203670
13 17 4133380
13 16 3607050
14 17 3141230
14 12 3116920
15 10 4034000
15 13 4203670
15 12 4495080
15 8 3482150
16 23 3889100
16 20 3745800
16 6 3994420
16 13 3607050
17 14 3141230
17 13 4133380
17 19 3868140
17 25 4892860
18 22 2747520
18 25 5215780
18 19 4191060
19 17 3868140
19 18 4191060
19 22 1843640
20 16 3745800
20 25 4715890
20 23 4238460
21 24 3752080
21 23 3833580
21 7 3714710
22 18 2747520
22 19 1843640
23 21 3833580
23 24 4300260
23 16 3889100
23 20 4238460
24 21 3752080
24 23 4300260
25 20 4715890
25 18 5215780
25 17 4892860
