0 4 2259360
0 2 3583190
1 2 6308490
1 5 4695930
1 3 4849160
2 1 6308490
2 0 3583190
2 4 5208950
3 4 3749620
3 1 4849160
3 5 3460890
4 0 2259360
4 3 3749620
4 2 5208950
4 11 4024240
5 1 4695930
5 3 3460890
5 7 3930430
5 6 3794990
6 8 3330470
6 7 4417760
6 5 3794990
6 11 4222840
6 16 4212840
7 6 4417760
7 21 3645730
7 5 3930430
8 6 3330470
8 10 2977800
8 15 3448560
9 12 2958390
9 10 2326920
10 15 4047740
10 8 2977800
10 11 3870170
10 9 2326920
11 4 4024240
11 6 4222840
11 10 3870170
12 9 2958390
12 14 3530370
12 13 4729890
12 15 4679210
13 12 4729890
13 15 4569180
13 17 4508300
13 16 4381610
14 17 3308780
14 12 3530370
15 10 4047740
15 13 4569180
15 12 4679210
15 8 3448560
16 23 4811090
16 20 3081850
16 6 4212840
16 13 4381610
17 14 3308780
17 13 4508300
17 19 3399300
17 25 3787710
18 22 2277840
18 25 3625810
18 19 3237400
19 17 3399300
19 18 3237400
19 22 1442300
20 16 3081850
20 25 2599510
20 23 3749580
21 24 2841380
21 23 4108540
21 7 3645730
22 18 2277840
22 19 1442300
23 21 4108540
23 24 4211660
23 16 4811090
23 20 3749580
24 21 2841380
24 23 4211660
25 20 2599510
25 18 3625810
25 17 3787710
