0 4 2122380
0 2 2787960
1 2 4660880
1 5 3884380
1 3 3485670
2 1 4660880
2 0 2787960
2 4 4534660
3 4 3359450
3 1 3485670
3 5 3248530
4 0 2122380
4 3 3359450
4 2 4534660
4 11 3831330
5 1 3884380
5 3 3248530
5 7 3590990
5 6 3777660
6 8 3128760
6 7 3721410
6 5 3777660
6 11 3850830
6 16 3510930
7 6 3721410
7 21 3290070
7 5 3590990
8 6 3128760
8 10 3070440
8 15 3183030
9 12 2505950
9 10 2532030
10 15 3904030
10 8 3070440
10 11 3792510
10 9 2532030
11 4 3831330
11 6 3850830
11 10 3792510
12 9 2505950
12 14 3078520
12 13 4052910
12 15 3877950
13 12 4052910
13 15 4191580
13 17 4628790
13 16 3740160
14 17 3654400
14 12 3078520
15 10 3904030
15 13 4191580
15 12 3877950
15 8 3183030
16 23 3603590
16 20 3694380
16 6 3510930
16 13 3740160
17 14 3654400
17 13 4628790
17 19 4154150
17 25 5235990
18 22 3089270
18 25 5729740
18 19 4647900
19 17 4154150
19 18 4647900
19 22 1858630
20 16 3694380
20 25 4927960
20 23 4184190
21 24 2747980
21 23 3569400
21 7 3290070
22 18 3089270
22 19 1858630
23 21 3569400
23 24 3271980
23 16 3603590
23 20 4184190
24 21 2747980
24 23 3271980
25 20 4927960
25 18 5729740
25 17 5235990
