0 4 1783770
0 2 2140140
1 2 3805570
1 5 3640230
1 3 3060270
2 1 3805570
2 0 2140140
2 4 3613230
3 4 2867930
3 1 3060270
3 5 3058960
4 0 1783770
4 3 2867930
4 2 3613230
4 11 3523770
5 1 3640230
5 3 3058960
5 7 4064500
5 6 3800100
6 8 2820310
6 7 4225680
6 5 3800100
6 11 3875980
6 16 3567020
7 6 4225680
7 21 3704130
7 5 4064500
8 6 2820310
8 10 2658930
8 15 2760480
9 12 2592130
9 10 2396270
10 15 3740070
10 8 2658930
10 11 3714600
10 9 2396270
11 4 3523770
11 6 3875980
11 10 3714600
12 9 2592130
12 14 3478920
12 13 3969160
12 15 3935930
13 12 3969160
13 15 3874850
13 17 4542930
13 16 3540420
14 17 4052690
14 12 3478920
15 10 3740070
15 13 3874850
15 12 3935930
15 8 2760480
16 23 3851590
16 20 3036270
16 6 3567020
16 13 3540420
17 14 4052690
17 13 4542930
17 19 4267640
17 25 4711540
18 22 2817240
18 25 4539820
18 19 4095920
19 17 4267640
19 18 4095920
19 22 2078820
20 16 3036270
20 25 3572540
20 23 3715100
21 24 2538030
21 23 3724300
21 7 3704130
22 18 2817240
22 19 2078820
23 21 3724300
23 24 3344150
23 16 3851590
23 20 3715100
24 21 2538030
24 23 3344150
25 20 3572540
25 18 4539820
25 17 4711540
