0 4 1741740
0 2 2321260
1 2 4181190
1 5 3499410
1 3 3490870
2 1 4181190
2 0 2321260
2 4 3703680
3 4 3013360
3 1 3490870
3 5 2911100
4 0 1741740
4 3 3013360
4 2 3703680
4 11 3201500
5 1 3499410
5 3 2911100
5 7 3738180
5 6 3090650
6 8 2493700
6 7 3909190
6 5 3090650
6 11 3270250
6 16 2838630
7 6 3909190
7 21 3839360
7 5 3738180
8 6 2493700
8 10 2223820
8 15 2303950
9 12 1793070
9 10 1904120
10 15 2802030
10 8 2223820
10 11 3000370
10 9 1904120
11 4 3201500
11 6 3270250
11 10 3000370
12 9 1793070
12 14 2295360
12 13 2547330
12 15 2690980
13 12 2547330
13 15 2738510
13 17 2966700
13 16 2505230
14 17 2714730
14 12 2295360
15 10 2802030
15 13 2738510
15 12 2690980
15 8 2303950
16 23 2811170
16 20 2437490
16 6 2838630
16 13 2505230
17 14 2714730
17 13 2966700
17 19 2523920
17 25 3124420
18 22 1800580
18 25 3023260
18 19 2422760
19 17 2523920
19 18 2422760
19 22 1087120
20 16 2437490
20 25 2684840
20 23 2833060
21 24 2567660
21 23 3164370
21 7 3839360
22 18 1800580
22 19 1087120
23 21 3164370
23 24 2610030
23 16 2811170
23 20 2833060
24 21 2567660
24 23 2610030
25 20 2684840
25 18 3023260
25 17 3124420
