0 4 2802430
0 2 2760850
1 2 5133560
1 5 4916960
1 3 4405410
2 1 5133560
2 0 2760850
2 4 5129680
3 4 4401530
3 1 4405410
3 5 4143350
4 0 2802430
4 3 4401530
4 2 5129680
4 11 5335000
5 1 4916960
5 3 4143350
5 7 5559110
5 6 4612380
6 8 3329000
6 7 5516590
6 5 4612380
6 11 5034300
6 16 4147640
7 6 5516590
7 21 5265920
7 5 5559110
8 6 3329000
8 10 3500370
8 15 3423720
9 12 2917390
9 10 3220140
10 15 4835950
10 8 3500370
10 11 5205670
10 9 3220140
11 4 5335000
11 6 5034300
11 10 5205670
12 9 2917390
12 14 2900730
12 13 4452300
12 15 4533200
13 12 4452300
13 15 4678400
13 17 4205450
13 16 4161460
14 17 2653880
14 12 2900730
15 10 4835950
15 13 4678400
15 12 4533200
15 8 3423720
16 23 4800020
16 20 3204500
16 6 4147640
16 13 4161460
17 14 2653880
17 13 4205450
17 19 3271680
17 25 4319070
18 22 2430730
18 25 4628480
18 19 3581090
19 17 3271680
19 18 3581090
19 22 1579600
20 16 3204500
20 25 3754160
20 23 4279100
21 24 3473810
21 23 4971570
21 7 5265920
22 18 2430730
22 19 1579600
23 21 4971570
23 24 4376860
23 16 4800020
23 20 4279100
24 21 3473810
24 23 4376860
25 20 3754160
25 18 4628480
25 17 4319070
