0 4 1535970
0 2 1723680
1 2 3264410
1 5 3185890
1 3 2725110
2 1 3264410
2 0 1723680
2 4 3142610
3 4 2603310
3 1 2725110
3 5 2712500
4 0 1535970
4 3 2603310
4 2 3142610
4 11 3073600
5 1 3185890
5 3 2712500
5 7 2918190
5 6 2969540
6 8 2128510
6 7 2714450
6 5 2969540
6 11 2979050
6 16 2406220
7 6 2714450
7 21 2532560
7 5 2918190
8 6 2128510
8 10 2181610
8 15 2261420
9 12 2314530
9 10 1884350
10 15 2951810
10 8 2181610
10 11 3032150
10 9 1884350
11 4 3073600
11 6 2979050
11 10 3032150
12 9 2314530
12 14 2567550
12 13 3188650
12 15 3381990
13 12 3188650
13 15 2838280
13 17 2691710
13 16 2345790
14 17 2070610
14 12 2567550
15 10 2951810
15 13 2838280
15 12 3381990
15 8 2261420
16 23 3198730
16 20 2604570
16 6 2406220
16 13 2345790
17 14 2070610
17 13 2691710
17 19 2418880
17 25 3566600
18 22 1860300
18 25 3840350
18 19 2692630
19 17 2418880
19 18 2692630
19 22 1266950
20 16 2604570
20 25 3778610
20 23 3756660
21 24 1899460
21 23 3376420
21 7 2532560
22 18 1860300
22 19 1266950
23 21 3376420
23 24 2873860
23 16 3198730
23 20 3756660
24 21 1899460
24 23 2873860
25 20 3778610
25 18 3840350
25 17 3566600
