0 4 1756230
0 2 2215190
1 2 3457060
1 5 2900060
1 3 2456900
2 1 3457060
2 0 2215190
2 4 3501180
3 4 2501020
3 1 2456900
3 5 2402980
4 0 1756230
4 3 2501020
4 2 3501180
4 11 2985770
5 1 2900060
5 3 2402980
5 7 3224540
5 6 2818370
6 8 2237960
6 7 3196770
6 5 2818370
6 11 2859960
6 16 2778300
7 6 3196770
7 21 2914700
7 5 3224540
8 6 2237960
8 10 2260080
8 15 2586740
9 12 2593970
9 10 2039390
10 15 3161500
10 8 2260080
10 11 2882080
10 9 2039390
11 4 2985770
11 6 2859960
11 10 2882080
12 9 2593970
12 14 2742960
12 13 3784550
12 15 3716080
13 12 3784550
13 15 3556630
13 17 3431430
13 16 3195550
14 17 2389840
14 12 2742960
15 10 3161500
15 13 3556630
15 12 3716080
15 8 2586740
16 23 3379020
16 20 2910000
16 6 2778300
16 13 3195550
17 14 2389840
17 13 3431430
17 19 2834020
17 25 3182200
18 22 2195610
18 25 3557030
18 19 3208850
19 17 2834020
19 18 3208850
19 22 1417040
20 16 2910000
20 25 3090320
20 23 3523020
21 24 2683800
21 23 3109250
21 7 2914700
22 18 2195610
22 19 1417040
23 21 3109250
23 24 3566590
23 16 3379020
23 20 3523020
24 21 2683800
24 23 3566590
25 20 3090320
25 18 3557030
25 17 3182200
