0 4 1476160
0 2 1472060
1 2 2849560
1 5 2674790
1 3 2341700
2 1 2849560
2 0 1472060
2 4 2783240
3 4 2275380
3 1 2341700
3 5 2096510
4 0 1476160
4 3 2275380
4 2 2783240
4 11 2755640
5 1 2674790
5 3 2096510
5 7 2874620
5 6 2859180
6 8 2509540
6 7 3304200
6 5 2859180
6 11 3006350
6 16 2927820
7 6 3304200
7 21 3135180
7 5 2874620
8 6 2509540
8 10 2265260
8 15 2414320
9 12 1744490
9 10 1971880
10 15 2949260
10 8 2265260
10 11 2762070
10 9 1971880
11 4 2755640
11 6 3006350
11 10 2762070
12 9 1744490
12 14 1852620
12 13 2519270
12 15 2721870
13 12 2519270
13 15 2895720
13 17 2708460
13 16 2630000
14 17 2041810
14 12 1852620
15 10 2949260
15 13 2895720
15 12 2721870
15 8 2414320
16 23 3069330
16 20 2776160
16 6 2927820
16 13 2630000
17 14 2041810
17 13 2708460
17 19 2539520
17 25 3413010
18 22 2414200
18 25 4368790
18 19 3495300
19 17 2539520
19 18 3495300
19 22 1274140
20 16 2776160
20 25 3543830
20 23 3278610
21 24 2818340
21 23 3261250
21 7 3135180
22 18 2414200
22 19 1274140
23 21 3261250
23 24 3128870
23 16 3069330
23 20 3278610
24 21 2818340
24 23 3128870
25 20 3543830
25 18 4368790
25 17 3413010
