0 4 2303610
0 2 2926270
1 2 4869840
1 5 4372170
1 3 3675880
2 1 4869840
2 0 2926270
2 4 4648500
3 4 3454540
3 1 3675880
3 5 3579530
4 0 2303610
4 3 3454540
4 2 4648500
4 11 4004280
5 1 4372170
5 3 3579530
5 7 4146320
5 6 3997020
6 8 2780870
6 7 3867520
6 5 3997020
6 11 3850470
6 16 3261990
7 6 3867520
7 21 3317120
7 5 4146320
8 6 2780870
8 10 2435920
8 15 2534260
9 12 1978560
9 10 2144640
10 15 3126660
10 8 2435920
10 11 3505520
10 9 2144640
11 4 4004280
11 6 3850470
11 10 3505520
12 9 1978560
12 14 2260340
12 13 2925580
12 15 2960580
13 12 2925580
13 15 3190000
13 17 3274870
13 16 2980380
14 17 2609630
14 12 2260340
15 10 3126660
15 13 3190000
15 12 2960580
15 8 2534260
16 23 3076620
16 20 2823770
16 6 3261990
16 13 2980380
17 14 2609630
17 13 3274870
17 19 2603730
17 25 3722810
18 22 2099130
18 25 3740150
18 19 2621070
19 17 2603730
19 18 2621070
19 22 1290780
20 16 2823770
20 25 3446330
20 23 3094630
21 24 2661780
21 23 2982450
21 7 3317120
22 18 2099130
22 19 1290780
23 21 2982450
23 24 3026810
23 16 3076620
23 20 3094630
24 21 2661780
24 23 3026810
25 20 3446330
25 18 3740150
25 17 3722810
