0 4 1617140
0 2 1999060
1 2 3341050
1 5 2490980
1 3 2316980
2 1 3341050
2 0 1999060
2 4 3542520
3 4 2518450
3 1 2316980
3 5 2050300
4 0 1617140
4 3 2518450
4 2 3542520
4 11 3129920
5 1 2490980
5 3 2050300
5 7 2312560
5 6 2334860
6 8 1759940
6 7 2423120
6 5 2334860
6 11 2772330
6 16 2078770
7 6 2423120
7 21 2193910
7 5 2312560
8 6 1759940
8 10 2075520
8 15 1910850
9 12 1800060
9 10 2147590
10 15 2911910
10 8 2075520
10 11 3087910
10 9 2147590
11 4 3129920
11 6 2772330
11 10 3087910
12 9 1800060
12 14 1928730
12 13 2167650
12 15 2564380
13 12 2167650
13 15 2350510
13 17 2306030
13 16 1832950
14 17 2067110
14 12 1928730
15 10 2911910
15 13 2350510
15 12 2564380
15 8 1910850
16 23 2567130
16 20 1841420
16 6 2078770
16 13 1832950
17 14 2067110
17 13 2306030
17 19 2141170
17 25 2602070
18 22 1354280
18 25 2437530
18 19 1976630
19 17 2141170
19 18 1976630
19 22 1001710
20 16 1841420
20 25 2258290
20 23 2696430
21 24 2279450
21 23 2704570
21 7 2193910
22 18 1354280
22 19 1001710
23 21 2704570
23 24 2997020
23 16 2567130
23 20 2696430
24 21 2279450
24 23 2997020
25 20 2258290
25 18 2437530
25 17 2602070
