0 4 2296050
0 2 3633980
1 2 6110220
1 5 5400060
1 3 4791330
2 1 6110220
2 0 3633980
2 4 5333130
3 4 4014240
3 1 4791330
3 5 4642010
4 0 2296050
4 3 4014240
4 2 5333130
4 11 3928390
5 1 5400060
5 3 4642010
5 7 5369210
5 6 4609420
6 8 3061070
6 7 4727890
6 5 4609420
6 11 3914840
6 16 4093980
7 6 4727890
7 21 4604410
7 5 5369210
8 6 3061070
8 10 2935380
8 15 3222150
9 12 2871570
9 10 2672910
10 15 4003490
10 8 2935380
10 11 3789150
10 9 2672910
11 4 3928390
11 6 3914840
11 10 3789150
12 9 2871570
12 14 3615990
12 13 4265960
12 15 4202150
13 12 4265960
13 15 4354070
13 17 4959720
13 16 4318870
14 17 4309750
14 12 3615990
15 10 4003490
15 13 4354070
15 12 4202150
15 8 3222150
16 23 5186030
16 20 3561020
16 6 4093980
16 13 4318870
17 14 4309750
17 13 4959720
17 19 4471330
17 25 4642750
18 22 2635070
18 25 4101470
18 19 3930050
19 17 4471330
19 18 3930050
19 22 2146120
20 16 3561020
20 25 3343060
20 23 4527190
21 24 3595500
21 23 4936670
21 7 4604410
22 18 2635070
22 19 2146120
23 21 4936670
23 24 4811030
23 16 5186030
23 20 4527190
24 21 3595500
24 23 4811030
25 20 3343060
25 18 4101470
25 17 4642750
