0 4 2320000
0 2 3410360
1 2 4931700
1 5 3784930
1 3 3137010
2 1 4931700
2 0 3410360
2 4 5107360
3 4 3312670
3 1 3137010
3 5 3256260
4 0 2320000
4 3 3312670
4 2 5107360
4 11 3843990
5 1 3784930
5 3 3256260
5 7 4332560
5 6 4212660
6 8 3590320
6 7 4641040
6 5 4212660
6 11 4096060
6 16 4221360
7 6 4641040
7 21 4189060
7 5 4332560
8 6 3590320
8 10 3276510
8 15 3712570
9 12 3383820
9 10 2897300
10 15 4329580
10 8 3276510
10 11 3782250
10 9 2897300
11 4 3843990
11 6 4096060
11 10 3782250
12 9 3383820
12 14 3612860
12 13 4887930
12 15 4816100
13 12 4887930
13 15 4837470
13 17 5044590
13 16 4415440
14 17 3769520
14 12 3612860
15 10 4329580
15 13 4837470
15 12 4816100
15 8 3712570
16 23 5124910
16 20 4896600
16 6 4221360
16 13 4415440
17 14 3769520
17 13 5044590
17 19 4757700
17 25 6041140
18 22 3957450
18 25 7335570
18 19 6052130
19 17 4757700
19 18 6052130
19 22 2240840
20 16 4896600
20 25 6387010
20 23 6099930
21 24 2998360
21 23 4972710
21 7 4189060
22 18 3957450
22 19 2240840
23 21 4972710
23 24 4353890
23 16 5124910
23 20 6099930
24 21 2998360
24 23 4353890
25 20 6387010
25 18 7335570
25 17 6041140
