0 4 1904720
0 2 2179460
1 2 4256980
1 5 4112230
1 3 3699410
2 1 4256980
2 0 2179460
2 4 3767480
3 4 3209910
3 1 3699410
3 5 3339900
4 0 1904720
4 3 3209910
4 2 3767480
4 11 3650600
5 1 4112230
5 3 3339900
5 7 3915510
5 6 3515590
6 8 2289540
6 7 3678380
6 5 3515590
6 11 3543460
6 16 3137930
7 6 3678380
7 21 3334140
7 5 3915510
8 6 2289540
8 10 2320050
8 15 2181270
9 12 1854450
9 10 2135670
10 15 3200700
10 8 2320050
10 11 3573970
10 9 2135670
11 4 3650600
11 6 3543460
11 10 3573970
12 9 1854450
12 14 2434420
12 13 2844690
12 15 2919480
13 12 2844690
13 15 2987130
13 17 2893440
13 16 2954870
14 17 2483170
14 12 2434420
15 10 3200700
15 13 2987130
15 12 2919480
15 8 2181270
16 23 3289020
16 20 2595020
16 6 3137930
16 13 2954870
17 14 2483170
17 13 2893440
17 19 1867090
17 25 3577400
18 22 1490230
18 25 3410690
18 19 1700380
19 17 1867090
19 18 1700380
19 22 649490
20 16 2595020
20 25 3236450
20 23 2886640
21 24 2934540
21 23 3085310
21 7 3334140
22 18 1490230
22 19 649490
23 21 3085310
23 24 3429870
23 16 3289020
23 20 2886640
24 21 2934540
24 23 3429870
25 20 3236450
25 18 3410690
25 17 3577400
