0 4 1005320
0 2 1614520
1 2 2604730
1 5 1975400
1 3 1766090
2 1 2604730
2 0 1614520
2 4 2509140
3 4 1670500
3 1 1766090
3 5 1650370
4 0 1005320
4 3 1670500
4 2 2509140
4 11 1902490
5 1 1975400
5 3 1650370
5 7 2215360
5 6 2139490
6 8 1889090
6 7 2495170
6 5 2139490
6 11 2162170
6 16 2261400
7 6 2495170
7 21 2106360
7 5 2215360
8 6 1889090
8 10 2034270
8 15 1918430
9 12 1820110
9 10 1827930
10 15 2593820
10 8 2034270
10 11 2307350
10 9 1827930
11 4 1902490
11 6 2162170
11 10 2307350
12 9 1820110
12 14 2111200
12 13 2654150
12 15 2586000
13 12 2654150
13 15 2546130
13 17 2678560
13 16 2358890
14 17 2135610
14 12 2111200
15 10 2593820
15 13 2546130
15 12 2586000
15 8 1918430
16 23 2334550
16 20 2311220
16 6 2261400
16 13 2358890
17 14 2135610
17 13 2678560
17 19 2233500
17 25 2809500
18 22 1444310
18 25 2793670
18 19 2217670
19 17 2233500
19 18 2217670
19 22 950800
20 16 2311220
20 25 2697550
20 23 2542270
21 24 1739430
21 23 2103640
21 7 2106360
22 18 1444310
22 19 950800
23 21 2103640
23 24 2201390
23 16 2334550
23 20 2542270
24 21 1739430
24 23 2201390
25 20 2697550
25 18 2793670
25 17 2809500
