0 4 2676910
0 2 3015290
1 2 5401090
1 5 5205250
1 3 4506050
2 1 5401090
2 0 3015290
2 4 5115480
3 4 4220440
3 1 4506050
3 5 4362980
4 0 2676910
4 3 4220440
4 2 5115480
4 11 4850750
5 1 5205250
5 3 4362980
5 7 4773490
5 6 5427690
6 8 4374190
6 7 5139000
6 5 5427690
6 11 5358800
6 16 5286770
7 6 5139000
7 21 3753960
7 5 4773490
8 6 4374190
8 10 3659810
8 15 4308850
9 12 3432120
9 10 2771110
10 15 5013480
10 8 3659810
10 11 4644420
10 9 2771110
11 4 4850750
11 6 5358800
11 10 4644420
12 9 3432120
12 14 4725690
12 13 5517030
12 15 5674490
13 12 5517030
13 15 5505060
13 17 5739160
13 16 5063970
14 17 4947820
14 12 4725690
15 10 5013480
15 13 5505060
15 12 5674490
15 8 4308850
16 23 5622700
16 20 5445120
16 6 5286770
16 13 5063970
17 14 4947820
17 13 5739160
17 19 5264080
17 25 7198950
18 22 3759890
18 25 7552970
18 19 5618100
19 17 5264080
19 18 5618100
19 22 2539230
20 16 5445120
20 25 7188540
20 23 6287480
21 24 2952790
21 23 4744090
21 7 3753960
22 18 3759890
22 19 2539230
23 21 4744090
23 24 4673760
23 16 5622700
23 20 6287480
24 21 2952790
24 23 4673760
25 20 7188540
25 18 7552970
25 17 7198950
