0 4 1554830
0 2 2395050
1 2 4031510
1 5 3099330
1 3 2795280
2 1 4031510
2 0 2395050
2 4 3846420
3 4 2610190
3 1 2795280
3 5 2518230
4 0 1554830
4 3 2610190
4 2 3846420
4 11 3145510
5 1 3099330
5 3 2518230
5 7 2943700
5 6 3060300
6 8 2353700
6 7 3181720
6 5 3060300
6 11 3291570
6 16 3034790
7 6 3181720
7 21 2543500
7 5 2943700
8 6 2353700
8 10 2524270
8 15 2518020
9 12 2259420
9 10 2464480
10 15 3633210
10 8 2524270
10 11 3462140
10 9 2464480
11 4 3145510
11 6 3291570
11 10 3462140
12 9 2259420
12 14 2194540
12 13 3260520
12 15 3428150
13 12 3260520
13 15 3459330
13 17 3339760
13 16 3031480
14 17 2273780
14 12 2194540
15 10 3633210
15 13 3459330
15 12 3428150
15 8 2518020
16 23 2745430
16 20 2737680
16 6 3034790
16 13 3031480
17 14 2273780
17 13 3339760
17 19 2675590
17 25 3456140
18 22 2048820
18 25 3506350
18 19 2725800
19 17 2675590
19 18 2725800
19 22 1286380
20 16 2737680
20 25 3114280
20 23 2711850
21 24 2021830
21 23 2370740
21 7 2543500
22 18 2048820
22 19 1286380
23 21 2370740
23 24 2370690
23 16 2745430
23 20 2711850
24 21 2021830
24 23 2370690
25 20 3114280
25 18 3506350
25 17 3456140
