0 4 2080860
0 2 3616840
1 2 5987240
1 5 4355710
1 3 4088640
2 1 5987240
2 0 3616840
2 4 5440360
3 4 3541760
3 1 4088640
3 5 3446210
4 0 2080860
4 3 3541760
4 2 5440360
4 11 4025080
5 1 4355710
5 3 3446210
5 7 3958630
5 6 3949490
6 8 2859190
6 7 4194840
6 5 3949490
6 11 4165740
6 16 4195820
7 6 4194840
7 21 3954450
7 5 3958630
8 6 2859190
8 10 2873200
8 15 3171700
9 12 3273630
9 10 2964550
10 15 4512220
10 8 2873200
10 11 4179750
10 9 2964550
11 4 4025080
11 6 4165740
11 10 4179750
12 9 3273630
12 14 3985130
12 13 4751980
12 15 4821300
13 12 4751980
13 15 4741400
13 17 5126800
13 16 4439010
14 17 4359950
14 12 3985130
15 10 4512220
15 13 4741400
15 12 4821300
15 8 3171700
16 23 5158530
16 20 4232360
16 6 4195820
16 13 4439010
17 14 4359950
17 13 5126800
17 19 4784860
17 25 5738380
18 22 3376040
18 25 6080990
18 19 5127470
19 17 4784860
19 18 5127470
19 22 2236770
20 16 4232360
20 25 5077010
20 23 5184950
21 24 3349230
21 23 4908020
21 7 3954450
22 18 3376040
22 19 2236770
23 21 4908020
23 24 4552330
23 16 5158530
23 20 5184950
24 21 3349230
24 23 4552330
25 20 5077010
25 18 6080990
25 17 5738380
