0 4 2917300
0 2 3533390
1 2 6107210
1 5 5203220
1 3 4553830
2 1 6107210
2 0 3533390
2 4 6171930
3 4 4618550
3 1 4553830
3 5 4330650
4 0 2917300
4 3 4618550
4 2 6171930
4 11 5787990
5 1 5203220
5 3 4330650
5 7 5138350
5 6 5243640
6 8 4323790
6 7 5401950
6 5 5243640
6 11 5763690
6 16 4532350
7 6 5401950
7 21 4569490
7 5 5138350
8 6 4323790
8 10 4548680
8 15 4718910
9 12 4527670
9 10 4311580
10 15 6127250
10 8 4548680
10 11 5988580
10 9 4311580
11 4 5787990
11 6 5763690
11 10 5988580
12 9 4527670
12 14 4385780
12 13 5757370
12 15 6343340
13 12 5757370
13 15 5711510
13 17 5187670
13 16 4341500
14 17 3816080
14 12 4385780
15 10 6127250
15 13 5711510
15 12 6343340
15 8 4718910
16 23 4070590
16 20 3292350
16 6 4532350
16 13 4341500
17 14 3816080
17 13 5187670
17 19 4405040
17 25 4907560
18 22 3798610
18 25 5813520
18 19 5311000
19 17 4405040
19 18 5311000
19 22 2047890
20 16 3292350
20 25 3796280
20 23 3805480
21 24 4077010
21 23 4213020
21 7 4569490
22 18 3798610
22 19 2047890
23 21 4213020
23 24 4447710
23 16 4070590
23 20 3805480
24 21 4077010
24 23 4447710
25 20 3796280
25 18 5813520
25 17 4907560
