0 4 3897300
0 2 4637970
1 2 7772450
1 5 7060420
1 3 6082680
2 1 7772450
2 0 4637970
2 4 7813330
3 4 6123560
3 1 6082680
3 5 6152200
4 0 3897300
4 3 6123560
4 2 7813330
4 11 7132340
5 1 7060420
5 3 6152200
5 7 6940030
5 6 6557930
6 8 4020510
6 7 6368020
6 5 6557930
6 11 6588970
6 16 5176500
7 6 6368020
7 21 5382720
7 5 6940030
8 6 4020510
8 10 4222030
8 15 4450260
9 12 4348170
9 10 4211820
10 15 6617190
10 8 4222030
10 11 6790490
10 9 4211820
11 4 7132340
11 6 6588970
11 10 6790490
12 9 4348170
12 14 5069970
12 13 5587970
12 15 6753540
13 12 5587970
13 15 5679850
13 17 4955560
13 16 4440680
14 17 4437560
14 12 5069970
15 10 6617190
15 13 5679850
15 12 6753540
15 8 4450260
16 23 6319070
16 20 4722610
16 6 5176500
16 13 4440680
17 14 4437560
17 13 4955560
17 19 4379310
17 25 5645470
18 22 3230720
18 25 5824170
18 19 4558010
19 17 4379310
19 18 4558010
19 22 2034490
20 16 4722610
20 25 5486120
20 23 6674600
21 24 3421390
21 23 6143190
21 7 5382720
22 18 3230720
22 19 2034490
23 21 6143190
23 24 5549260
23 16 6319070
23 20 6674600
24 21 3421390
24 23 5549260
25 20 5486120
25 18 5824170
25 17 5645470
