0 4 2522520
0 2 2838620
1 2 5222260
1 5 5230850
1 3 4575940
2 1 5222260
2 0 2838620
2 4 4854260
3 4 4207940
3 1 4575940
3 5 4532630
4 0 2522520
4 3 4207940
4 2 4854260
4 11 4772220
5 1 5230850
5 3 4532630
5 7 4469610
5 6 4660620
6 8 2705280
6 7 3942690
6 5 4660620
6 11 4569990
6 16 3829350
7 6 3942690
7 21 3165460
7 5 4469610
8 6 2705280
8 10 2884750
8 15 2474360
9 12 2509840
9 10 3096600
10 15 4082250
10 8 2884750
10 11 4749460
10 9 3096600
11 4 4772220
11 6 4569990
11 10 4749460
12 9 2509840
12 14 3238320
12 13 3222440
12 15 3495490
13 12 3222440
13 15 3398810
13 17 3993470
13 16 3325380
14 17 4009350
14 12 3238320
15 10 4082250
15 13 3398810
15 12 3495490
15 8 2474360
16 23 4082680
16 20 3198170
16 6 3829350
16 13 3325380
17 14 4009350
17 13 3993470
17 19 3969600
17 25 4525010
18 22 2692170
18 25 4683340
18 19 4127930
19 17 3969600
19 18 4127930
19 22 1642260
20 16 3198170
20 25 3530090
20 23 3755850
21 24 2299570
21 23 3609800
21 7 3165460
22 18 2692170
22 19 1642260
23 21 3609800
23 24 3330130
23 16 4082680
23 20 3755850
24 21 2299570
24 23 3330130
25 20 3530090
25 18 4683340
25 17 4525010
