0 4 2311810
0 2 2487550
1 2 3946850
1 5 3332320
1 3 2912800
2 1 3946850
2 0 2487550
2 4 4276680
3 4 3242630
3 1 2912800
3 5 2803840
4 0 2311810
4 3 3242630
4 2 4276680
4 11 4063700
5 1 3332320
5 3 2803840
5 7 3184580
5 6 3447240
6 8 2790600
6 7 3408460
6 5 3447240
6 11 3848790
6 16 3278030
7 6 3408460
7 21 3101370
7 5 3184580
8 6 2790600
8 10 2964730
8 15 2989260
9 12 2537730
9 10 2581100
10 15 4043910
10 8 2964730
10 11 4022920
10 9 2581100
11 4 4063700
11 6 3848790
11 10 4022920
12 9 2537730
12 14 3236270
12 13 3668010
12 15 4000540
13 12 3668010
13 15 3735910
13 17 3980130
13 16 3144160
14 17 3548390
14 12 3236270
15 10 4043910
15 13 3735910
15 12 4000540
15 8 2989260
16 23 3346810
16 20 3013610
16 6 3278030
16 13 3144160
17 14 3548390
17 13 3980130
17 19 3881080
17 25 4255340
18 22 2776430
18 25 4597920
18 19 4223660
19 17 3881080
19 18 4223660
19 22 1758050
20 16 3013610
20 25 3548040
20 23 3475480
21 24 2764400
21 23 3432810
21 7 3101370
22 18 2776430
22 19 1758050
23 21 3432810
23 24 3140270
23 16 3346810
23 20 3475480
24 21 2764400
24 23 3140270
25 20 3548040
25 18 4597920
25 17 4255340
