0 4 2696290
0 2 3190720
1 2 5879190
1 5 5159350
1 3 4864500
2 1 5879190
2 0 3190720
2 4 5475630
3 4 4460940
3 1 4864500
3 5 4235530
4 0 2696290
4 3 4460940
4 2 5475630
4 11 5088950
5 1 5159350
5 3 4235530
5 7 5140350
5 6 4427140
6 8 3513290
6 7 5037110
6 5 4427140
6 11 4760300
6 16 3998080
7 6 5037110
7 21 4394430
7 5 5140350
8 6 3513290
8 10 3645500
8 15 3719180
9 12 3440550
9 10 3003390
10 15 4662000
10 8 3645500
10 11 4892510
10 9 3003390
11 4 5088950
11 6 4760300
11 10 4892510
12 9 3440550
12 14 4882060
12 13 4948210
12 15 5099160
13 12 4948210
13 15 4584730
13 17 5221490
13 16 4053020
14 17 5155340
14 12 4882060
15 10 4662000
15 13 4584730
15 12 5099160
15 8 3719180
16 23 5188170
16 20 4408450
16 6 3998080
16 13 4053020
17 14 5155340
17 13 5221490
17 19 5158120
17 25 6130530
18 22 3685650
18 25 6394580
18 19 5422170
19 17 5158120
19 18 5422170
19 22 2570520
20 16 4408450
20 25 5698250
20 23 5924360
21 24 2628370
21 23 4871310
21 7 4394430
22 18 3685650
22 19 2570520
23 21 4871310
23 24 4461140
23 16 5188170
23 20 5924360
24 21 2628370
24 23 4461140
25 20 5698250
25 18 6394580
25 17 6130530
