0 4 3186770
0 2 3056970
1 2 5039560
1 5 4744650
1 3 4460420
2 1 5039560
2 0 3056970
2 4 4736200
3 4 4157060
3 1 4460420
3 5 3732350
4 0 3186770
4 3 4157060
4 2 4736200
4 11 4875590
5 1 4744650
5 3 3732350
5 7 4382220
5 6 4570880
6 8 3640740
6 7 4936520
6 5 4570880
6 11 5005180
6 16 4843860
7 6 4936520
7 21 4158410
7 5 4382220
8 6 3640740
8 10 3246050
8 15 3397700
9 12 3033850
9 10 3169410
10 15 4487450
10 8 3246050
10 11 4610490
10 9 3169410
11 4 4875590
11 6 5005180
11 10 4610490
12 9 3033850
12 14 3291660
12 13 4227410
12 15 4351890
13 12 4227410
13 15 4514620
13 17 4506270
13 16 4476340
14 17 3570520
14 12 3291660
15 10 4487450
15 13 4514620
15 12 4351890
15 8 3397700
16 23 5265590
16 20 5182520
16 6 4843860
16 13 4476340
17 14 3570520
17 13 4506270
17 19 3713890
17 25 4835150
18 22 2187530
18 25 4474470
18 19 3353210
19 17 3713890
19 18 3353210
19 22 1639700
20 16 5182520
20 25 5425200
20 23 5885570
21 24 3488720
21 23 4768800
21 7 4158410
22 18 2187530
22 19 1639700
23 21 4768800
23 24 4688560
23 16 5265590
23 20 5885570
24 21 3488720
24 23 4688560
25 20 5425200
25 18 4474470
25 17 4835150
