0 4 2347870
0 2 2348760
1 2 4000820
1 5 3969100
1 3 3490880
2 1 4000820
2 0 2348760
2 4 3852590
3 4 3342650
3 1 3490880
3 5 3311820
4 0 2347870
4 3 3342650
4 2 3852590
4 11 3822890
5 1 3969100
5 3 3311820
5 7 4025480
5 6 4445620
6 8 4049700
6 7 4681060
6 5 4445620
6 11 4447640
6 16 4823790
7 6 4681060
7 21 4027760
7 5 4025480
8 6 4049700
8 10 3124120
8 15 3557920
9 12 3053940
9 10 2345170
10 15 3683840
10 8 3124120
10 11 3522060
10 9 2345170
11 4 3822890
11 6 4447640
11 10 3522060
12 9 3053940
12 14 3871200
12 13 4631140
12 15 4392610
13 12 4631140
13 15 4356170
13 17 4844430
13 16 4570540
14 17 4084490
14 12 3871200
15 10 3683840
15 13 4356170
15 12 4392610
15 8 3557920
16 23 5595060
16 20 4380530
16 6 4823790
16 13 4570540
17 14 4084490
17 13 4844430
17 19 4493570
17 25 5134620
18 22 3618540
18 25 5602380
18 19 4961330
19 17 4493570
19 18 4961330
19 22 2550190
20 16 4380530
20 25 4694880
20 23 5429210
21 24 3278590
21 23 5219170
21 7 4027760
22 18 3618540
22 19 2550190
23 21 5219170
23 24 4703160
23 16 5595060
23 20 5429210
24 21 3278590
24 23 4703160
25 20 4694880
25 18 5602380
25 17 5134620
