0 4 3664490
0 2 4369160
1 2 7048780
1 5 6061900
1 3 5437100
2 1 7048780
2 0 4369160
2 4 6968050
3 4 5356370
3 1 5437100
3 5 5074160
4 0 3664490
4 3 5356370
4 2 6968050
4 11 6511660
5 1 6061900
5 3 5074160
5 7 5271470
5 6 5669360
6 8 4064310
6 7 5241870
6 5 5669360
6 11 6199850
6 16 4978280
7 6 5241870
7 21 4530920
7 5 5271470
8 6 4064310
8 10 3999270
8 15 4079380
9 12 4218500
9 10 3796310
10 15 5589790
10 8 3999270
10 11 6134810
10 9 3796310
11 4 6511660
11 6 6199850
11 10 6134810
12 9 4218500
12 14 4557380
12 13 6291680
12 15 6011980
13 12 6291680
13 15 5949600
13 17 6176210
13 16 5273050
14 17 4441910
14 12 4557380
15 10 5589790
15 13 5949600
15 12 6011980
15 8 4079380
16 23 5166070
16 20 4558970
16 6 4978280
16 13 5273050
17 14 4441910
17 13 6176210
17 19 5310860
17 25 6173240
18 22 3716450
18 25 6479320
18 19 5616940
19 17 5310860
19 18 5616940
19 22 2598110
20 16 4558970
20 25 5512250
20 23 5408240
21 24 3516950
21 23 5116600
21 7 4530920
22 18 3716450
22 19 2598110
23 21 5116600
23 24 4415690
23 16 5166070
23 20 5408240
24 21 3516950
24 23 4415690
25 20 5512250
25 18 6479320
25 17 6173240
