0 4 2467760
0 2 2114940
1 2 3920730
1 5 4029330
1 3 3584080
2 1 3920730
2 0 2114940
2 4 3969220
3 4 3632570
3 1 3584080
3 5 3388350
4 0 2467760
4 3 3632570
4 2 3969220
4 11 4162190
5 1 4029330
5 3 3388350
5 7 4489090
5 6 3875020
6 8 3156190
6 7 4530510
6 5 3875020
6 11 3959390
6 16 3800740
7 6 4530510
7 21 4998140
7 5 4489090
8 6 3156190
8 10 2922500
8 15 3605090
9 12 3488090
9 10 2547140
10 15 4131650
10 8 2922500
10 11 3725700
10 9 2547140
11 4 4162190
11 6 3959390
11 10 3725700
12 9 3488090
12 14 4289060
12 13 4610390
12 15 5072600
13 12 4610390
13 15 4352030
13 17 4114050
13 16 3787430
14 17 3792720
14 12 4289060
15 10 4131650
15 13 4352030
15 12 5072600
15 8 3605090
16 23 3980870
16 20 3485210
16 6 3800740
16 13 3787430
17 14 3792720
17 13 4114050
17 19 3548530
17 25 4947340
18 22 3863680
18 25 6378330
18 19 4979520
19 17 3548530
19 18 4979520
19 22 1642940
20 16 3485210
20 25 4420890
20 23 3781040
21 24 4756770
21 23 4564200
21 7 4998140
22 18 3863680
22 19 1642940
23 21 4564200
23 24 4469270
23 16 3980870
23 20 3781040
24 21 4756770
24 23 4469270
25 20 4420890
25 18 6378330
25 17 4947340
