0 4 2381360
0 2 2911280
1 2 4526660
1 5 4219550
1 3 3505050
2 1 4526660
2 0 2911280
2 4 4477640
3 4 3456030
3 1 3505050
3 5 3678840
4 0 2381360
4 3 3456030
4 2 4477640
4 11 4230280
5 1 4219550
5 3 3678840
5 7 4183870
5 6 4293630
6 8 3438740
6 7 4084160
6 5 4293630
6 11 4353380
6 16 3949110
7 6 4084160
7 21 3294410
7 5 4183870
8 6 3438740
8 10 3442670
8 15 3744300
9 12 3105120
9 10 2776820
10 15 4503410
10 8 3442670
10 11 4357310
10 9 2776820
11 4 4230280
11 6 4353380
11 10 4357310
12 9 3105120
12 14 3568190
12 13 4601670
12 15 4831710
13 12 4601670
13 15 4575000
13 17 4437630
13 16 4024630
14 17 3404150
14 12 3568190
15 10 4503410
15 13 4575000
15 12 4831710
15 8 3744300
16 23 4144090
16 20 3854810
16 6 3949110
16 13 4024630
17 14 3404150
17 13 4437630
17 19 3757250
17 25 5111820
18 22 3126800
18 25 5738860
18 19 4384290
19 17 3757250
19 18 4384290
19 22 1726710
20 16 3854810
20 25 4849330
20 23 4294600
21 24 2427790
21 23 3599150
21 7 3294410
22 18 3126800
22 19 1726710
23 21 3599150
23 24 3412520
23 16 4144090
23 20 4294600
24 21 2427790
24 23 3412520
25 20 4849330
25 18 5738860
25 17 5111820
