0 4 2266870
0 2 2557270
1 2 4151940
1 5 3737830
1 3 3176380
2 1 4151940
2 0 2557270
2 4 4446920
3 4 3471360
3 1 3176380
3 5 3347650
4 0 2266870
4 3 3471360
4 2 4446920
4 11 4474220
5 1 3737830
5 3 3347650
5 7 3803380
5 6 3936290
6 8 2952930
6 7 3830570
6 5 3936290
6 11 4377700
6 16 3781140
7 6 3830570
7 21 2980760
7 5 3803380
8 6 2952930
8 10 3312770
8 15 3389580
9 12 3143250
9 10 3143050
10 15 4759970
10 8 3312770
10 11 4737540
10 9 3143050
11 4 4474220
11 6 4377700
11 10 4737540
12 9 3143250
12 14 3639780
12 13 4401770
12 15 4760170
13 12 4401770
13 15 4478380
13 17 4569250
13 16 3859390
14 17 3807260
14 12 3639780
15 10 4759970
15 13 4478380
15 12 4760170
15 8 3389580
16 23 4507460
16 20 3390570
16 6 3781140
16 13 3859390
17 14 3807260
17 13 4569250
17 19 4258650
17 25 5227960
18 22 3083610
18 25 5595130
18 19 4625820
19 17 4258650
19 18 4625820
19 22 1956570
20 16 3390570
20 25 4309870
20 23 4299230
21 24 2623990
21 23 3839990
21 7 2980760
22 18 3083610
22 19 1956570
23 21 3839990
23 24 4200120
23 16 4507460
23 20 4299230
24 21 2623990
24 23 4200120
25 20 4309870
25 18 5595130
25 17 5227960
