0 4 2231030
0 2 2687050
1 2 4550180
1 5 4173660
1 3 3347770
2 1 4550180
2 0 2687050
2 4 4779160
3 4 3576750
3 1 3347770
3 5 3656250
4 0 2231030
4 3 3576750
4 2 4779160
4 11 4418490
5 1 4173660
5 3 3656250
5 7 4105780
5 6 4328910
6 8 2939410
6 7 3952550
6 5 4328910
6 11 4344760
6 16 3524400
7 6 3952550
7 21 3500120
7 5 4105780
8 6 2939410
8 10 2684610
8 15 2858100
9 12 2226690
9 10 2537350
10 15 3839570
10 8 2684610
10 11 4089960
10 9 2537350
11 4 4418490
11 6 4344760
11 10 4089960
12 9 2226690
12 14 2577540
12 13 3078530
12 15 3528910
13 12 3078530
13 15 3562680
13 17 3443430
13 16 2992710
14 17 2942440
14 12 2577540
15 10 3839570
15 13 3562680
15 12 3528910
15 8 2858100
16 23 3569080
16 20 2271830
16 6 3524400
16 13 2992710
17 14 2942440
17 13 3443430
17 19 3150850
17 25 3340110
18 22 2118650
18 25 3448010
18 19 3258750
19 17 3150850
19 18 3258750
19 22 1387040
20 16 2271830
20 25 2288100
20 23 2967790
21 24 3220960
21 23 3767930
21 7 3500120
22 18 2118650
22 19 1387040
23 21 3767930
23 24 3718070
23 16 3569080
23 20 2967790
24 21 3220960
24 23 3718070
25 20 2288100
25 18 3448010
25 17 3340110
