0 4 2101750
0 2 2213020
1 2 4066770
1 5 3723580
1 3 3461150
2 1 4066770
2 0 2213020
2 4 3925270
3 4 3319650
3 1 3461150
3 5 3087730
4 0 2101750
4 3 3319650
4 2 3925270
4 11 3786540
5 1 3723580
5 3 3087730
5 7 3286470
5 6 3371190
6 8 2590110
6 7 3307500
6 5 3371190
6 11 3575650
6 16 3027090
7 6 3307500
7 21 2833310
7 5 3286470
8 6 2590110
8 10 2445650
8 15 2609750
9 12 2202290
9 10 2021200
10 15 3267400
10 8 2445650
10 11 3431190
10 9 2021200
11 4 3786540
11 6 3575650
11 10 3431190
12 9 2202290
12 14 2833150
12 13 3466710
12 15 3448490
13 12 3466710
13 15 3449720
13 17 3872060
13 16 3064950
14 17 3238500
14 12 2833150
15 10 3267400
15 13 3449720
15 12 3448490
15 8 2609750
16 23 3168190
16 20 2708090
16 6 3027090
16 13 3064950
17 14 3238500
17 13 3872060
17 19 3735330
17 25 4119260
18 22 2804440
18 25 4716890
18 19 4332960
19 17 3735330
19 18 4332960
19 22 1665960
20 16 2708090
20 25 3358280
20 23 3214320
21 24 2646910
21 23 3059130
21 7 2833310
22 18 2804440
22 19 1665960
23 21 3059130
23 24 3262200
23 16 3168190
23 20 3214320
24 21 2646910
24 23 3262200
25 20 3358280
25 18 4716890
25 17 4119260
