0 4 2055110
0 2 2820190
1 2 4945990
1 5 4161290
1 3 3889620
2 1 4945990
2 0 2820190
2 4 4506960
3 4 3450590
3 1 3889620
3 5 3430970
4 0 2055110
4 3 3450590
4 2 4506960
4 11 4046140
5 1 4161290
5 3 3430970
5 7 3679780
5 6 3499720
6 8 2589620
6 7 3476860
6 5 3499720
6 11 3823600
6 16 2973970
7 6 3476860
7 21 3231290
7 5 3679780
8 6 2589620
8 10 3005650
8 15 2482620
9 12 2528900
9 10 2831730
10 15 3605830
10 8 3005650
10 11 4239630
10 9 2831730
11 4 4046140
11 6 3823600
11 10 4239630
12 9 2528900
12 14 3044140
12 13 3292110
12 15 3303000
13 12 3292110
13 15 3071910
13 17 3753620
13 16 2856080
14 17 3505650
14 12 3044140
15 10 3605830
15 13 3071910
15 12 3303000
15 8 2482620
16 23 3916650
16 20 3804320
16 6 2973970
16 13 2856080
17 14 3505650
17 13 3753620
17 19 3578830
17 25 5422940
18 22 3091120
18 25 6141420
18 19 4297310
19 17 3578830
19 18 4297310
19 22 1505250
20 16 3804320
20 25 5678580
20 23 5069830
21 24 3005340
21 23 3993910
21 7 3231290
22 18 3091120
22 19 1505250
23 21 3993910
23 24 4193590
23 16 3916650
23 20 5069830
24 21 3005340
24 23 4193590
25 20 5678580
25 18 6141420
25 17 5422940
