0 4 1743750
0 2 2054220
1 2 4239140
1 5 3882940
1 3 3735040
2 1 4239140
2 0 2054220
2 4 3688290
3 4 3184190
3 1 3735040
3 5 3138460
4 0 1743750
4 3 3184190
4 2 3688290
4 11 3573800
5 1 3882940
5 3 3138460
5 7 3436200
5 6 3547230
6 8 3002520
6 7 3697070
6 5 3547230
6 11 3788940
6 16 3447510
7 6 3697070
7 21 3027510
7 5 3436200
8 6 3002520
8 10 3170060
8 15 3084140
9 12 2938530
9 10 2877800
10 15 4057260
10 8 3170060
10 11 3956480
10 9 2877800
11 4 3573800
11 6 3788940
11 10 3956480
12 9 2938530
12 14 3222170
12 13 3997350
12 15 4117990
13 12 3997350
13 15 3850700
13 17 4107170
13 16 3408490
14 17 3331990
14 12 3222170
15 10 4057260
15 13 3850700
15 12 4117990
15 8 3084140
16 23 3438100
16 20 3026120
16 6 3447510
16 13 3408490
17 14 3331990
17 13 4107170
17 19 3445200
17 25 4399210
18 22 1661290
18 25 3550150
18 19 2596140
19 17 3445200
19 18 2596140
19 22 1471270
20 16 3026120
20 25 3639730
20 23 3377300
21 24 2503740
21 23 3129130
21 7 3027510
22 18 1661290
22 19 1471270
23 21 3129130
23 24 3163890
23 16 3438100
23 20 3377300
24 21 2503740
24 23 3163890
25 20 3639730
25 18 3550150
25 17 4399210
