0 4 2602720
0 2 2410920
1 2 4170030
1 5 3624170
1 3 3332890
2 1 4170030
2 0 2410920
2 4 4588900
3 4 3751760
3 1 3332890
3 5 3014100
4 0 2602720
4 3 3751760
4 2 4588900
4 11 4431090
5 1 3624170
5 3 3014100
5 7 4900660
5 6 3699560
6 8 3402470
6 7 5294840
6 5 3699560
6 11 4087610
6 16 3817210
7 6 5294840
7 21 5483150
7 5 4900660
8 6 3402470
8 10 3274380
8 15 3454310
9 12 3185480
9 10 2719240
10 15 4017490
10 8 3274380
10 11 3959520
10 9 2719240
11 4 4431090
11 6 4087610
11 10 3959520
12 9 3185480
12 14 3579430
12 13 4540260
12 15 4483730
13 12 4540260
13 15 4253950
13 17 4543020
13 16 3925580
14 17 3582190
14 12 3579430
15 10 4017490
15 13 4253950
15 12 4483730
15 8 3454310
16 23 5523680
16 20 4254350
16 6 3817210
16 13 3925580
17 14 3582190
17 13 4543020
17 19 3866550
17 25 5059190
18 22 2317810
18 25 4787770
18 19 3595130
19 17 3866550
19 18 3595130
19 22 1680220
20 16 4254350
20 25 5155420
20 23 6237350
21 24 4057670
21 23 5988520
21 7 5483150
22 18 2317810
22 19 1680220
23 21 5988520
23 24 5575830
23 16 5523680
23 20 6237350
24 21 4057670
24 23 5575830
25 20 5155420
25 18 4787770
25 17 5059190
