0 4 2265400
0 2 2225820
1 2 4585670
1 5 4730880
1 3 4258140
2 1 4585670
2 0 2225820
2 4 4087080
3 4 3759550
3 1 4258140
3 5 3865180
4 0 2265400
4 3 3759550
4 2 4087080
4 11 4248970
5 1 4730880
5 3 3865180
5 7 4413550
5 6 4665330
6 8 3671930
6 7 4740960
6 5 4665330
6 11 4682010
6 16 4794960
7 6 4740960
7 21 4027760
7 5 4413550
8 6 3671930
8 10 3113860
8 15 3470490
9 12 2685740
9 10 2723350
10 15 4233230
10 8 3113860
10 11 4123940
10 9 2723350
11 4 4248970
11 6 4682010
11 10 4123940
12 9 2685740
12 14 3631010
12 13 4347520
12 15 4195620
13 12 4347520
13 15 4741760
13 17 5240780
13 16 4745420
14 17 4524270
14 12 3631010
15 10 4233230
15 13 4741760
15 12 4195620
15 8 3470490
16 23 5191600
16 20 4991940
16 6 4794960
16 13 4745420
17 14 4524270
17 13 5240780
17 19 5194440
17 25 5925980
18 22 4269880
18 25 6848130
18 19 6116590
19 17 5194440
19 18 6116590
19 22 2954270
20 16 4991940
20 25 5825380
20 23 5586360
21 24 3140670
21 23 4676180
21 7 4027760
22 18 4269880
22 19 2954270
23 21 4676180
23 24 4250510
23 16 5191600
23 20 5586360
24 21 3140670
24 23 4250510
25 20 5825380
25 18 6848130
25 17 5925980
