0 4 1982280
0 2 1897360
1 2 3607480
1 5 3785230
1 3 3560480
2 1 3607480
2 0 1897360
2 4 3181940
3 4 3134940
3 1 3560480
3 5 3227770
4 0 1982280
4 3 3134940
4 2 3181940
4 11 3517810
5 1 3785230
5 3 3227770
5 7 3474720
5 6 3373230
6 8 2330260
6 7 3395430
6 5 3373230
6 11 3531350
6 16 2972140
7 6 3395430
7 21 2860640
7 5 3474720
8 6 2330260
8 10 2190890
8 15 2289510
9 12 1848730
9 10 1893940
10 15 3113820
10 8 2190890
10 11 3391980
10 9 1893940
11 4 3517810
11 6 3531350
11 10 3391980
12 9 1848730
12 14 2298520
12 13 3011060
12 15 3068610
13 12 3011060
13 15 3154890
13 17 3316590
13 16 2873840
14 17 2604050
14 12 2298520
15 10 3113820
15 13 3154890
15 12 3068610
15 8 2289510
16 23 2908220
16 20 2664700
16 6 2972140
16 13 2873840
17 14 2604050
17 13 3316590
17 19 2511850
17 25 4027110
18 22 1444360
18 25 3504300
18 19 1989040
19 17 2511850
19 18 1989040
19 22 943180
20 16 2664700
20 25 3598720
20 23 2922580
21 24 2351050
21 23 2695230
21 7 2860640
22 18 1444360
22 19 943180
23 21 2695230
23 24 2821920
23 16 2908220
23 20 2922580
24 21 2351050
24 23 2821920
25 20 3598720
25 18 3504300
25 17 4027110
