0 4 2174530
0 2 3057740
1 2 5362450
1 5 4645350
1 3 4204460
2 1 5362450
2 0 3057740
2 4 4882630
3 4 3724640
3 1 4204460
3 5 3890750
4 0 2174530
4 3 3724640
4 2 4882630
4 11 4331750
5 1 4645350
5 3 3890750
5 7 4110870
5 6 3727620
6 8 2227770
6 7 3506850
6 5 3727620
6 11 3893840
6 16 3107700
7 6 3506850
7 21 3312960
7 5 4110870
8 6 2227770
8 10 2610420
8 15 2464930
9 12 2783570
9 10 2491440
10 15 3743410
10 8 2610420
10 11 4276490
10 9 2491440
11 4 4331750
11 6 3893840
11 10 4276490
12 9 2783570
12 14 3928520
12 13 3750390
12 15 4035540
13 12 3750390
13 15 3312770
13 17 3801700
13 16 3059710
14 17 3979830
14 12 3928520
15 10 3743410
15 13 3312770
15 12 4035540
15 8 2464930
16 23 3138510
16 20 2960090
16 6 3107700
16 13 3059710
17 14 3979830
17 13 3801700
17 19 3514030
17 25 4384080
18 22 2682960
18 25 4315960
18 19 3445910
19 17 3514030
19 18 3445910
19 22 1689330
20 16 2960090
20 25 3510380
20 23 3006800
21 24 2478550
21 23 2960520
21 7 3312960
22 18 2682960
22 19 1689330
23 21 2960520
23 24 2703250
23 16 3138510
23 20 3006800
24 21 2478550
24 23 2703250
25 20 3510380
25 18 4315960
25 17 4384080
