0 4 922710
0 2 395050
1 2 3287240
1 5 6548990
1 3 736730
2 1 3287240
2 0 395050
2 4 5449680
3 4 1090240
3 1 736730
3 5 217790
4 0 922710
4 3 1090240
4 2 5449680
4 11 7770680
5 1 6548990
5 3 217790
5 7 2944030
5 6 4256390
6 8 1203720
6 7 2074610
6 5 4256390
6 11 1197370
6 16 4177970
7 6 2074610
7 21 5400800
7 5 2944030
8 6 1203720
8 10 372470
8 15 1104900
9 12 779690
9 10 398570
10 15 7759120
10 8 372470
10 11 7871570
10 9 398570
11 4 7770680
11 6 1197370
11 10 7871570
12 9 779690
12 14 2276610
12 13 1602110
12 15 2179300
13 12 1602110
13 15 6786990
13 17 6361160
13 16 2992720
14 17 2454890
14 12 2276610
15 10 7759120
15 13 6786990
15 12 2179300
15 8 1104900
16 23 4350080
16 20 2774220
16 6 4177970
16 13 2992720
17 14 2454890
17 13 6361160
17 19 965710
17 25 7081720
18 22 386600
18 25 10465670
18 19 401080
19 17 965710
19 18 401080
19 22 406770
20 16 2774220
20 25 7131010
20 23 4843160
21 24 2281700
21 23 3022620
21 7 5400800
22 18 386600
22 19 406770
23 21 3022620
23 24 3179280
23 16 4350080
23 20 4843160
24 21 2281700
24 23 3179280
25 20 7131010
25 18 10465670
25 17 7081720
