0 4 205710
0 2 38730
1 2 571870
1 5 860210
1 3 167320
2 1 571870
2 0 38730
2 4 530800
3 4 248140
3 1 167320
3 5 88040
4 0 205710
4 3 248140
4 2 530800
4 11 1020370
5 1 860210
5 3 88040
5 7 470030
5 6 522750
6 8 422490
6 7 574910
6 5 522750
6 11 196560
6 16 426140
7 6 574910
7 21 834240
7 5 470030
8 6 422490
8 10 121920
8 15 402920
9 12 93460
9 10 57530
10 15 731430
10 8 121920
10 11 849860
10 9 57530
11 4 1020370
11 6 196560
11 10 849860
12 9 93460
12 14 206090
12 13 243600
12 15 627190
13 12 243600
13 15 518540
13 17 598590
13 16 408650
14 17 199190
14 12 206090
15 10 731430
15 13 518540
15 12 627190
15 8 402920
16 23 584720
16 20 282450
16 6 426140
16 13 408650
17 14 199190
17 13 598590
17 19 121010
17 25 570780
18 22 41720
18 25 1661340
18 19 125020
19 17 121010
19 18 125020
19 22 63380
20 16 282450
20 25 1049230
20 23 849270
21 24 536970
21 23 355070
21 7 834240
22 18 41720
22 19 63380
23 21 355070
23 24 540680
23 16 584720
23 20 849270
24 21 536970
24 23 540680
25 20 1049230
25 18 1661340
25 17 570780
