0 4 236120
0 2 49720
1 2 756230
1 5 1321470
1 3 165520
2 1 756230
2 0 49720
2 4 686890
3 4 283770
3 1 165520
3 5 89030
4 0 236120
4 3 283770
4 2 686890
4 11 1359240
5 1 1321470
5 3 89030
5 7 536670
5 6 965590
6 8 420550
6 7 481700
6 5 965590
6 11 200190
6 16 895840
7 6 481700
7 21 860620
7 5 536670
8 6 420550
8 10 58210
8 15 405800
9 12 161040
9 10 113800
10 15 1240110
10 8 58210
10 11 1257970
10 9 113800
11 4 1359240
11 6 200190
11 10 1257970
12 9 161040
12 14 502370
12 13 194220
12 15 554620
13 12 194220
13 15 1179600
13 17 826060
13 16 639180
14 17 468380
14 12 502370
15 10 1240110
15 13 1179600
15 12 554620
15 8 405800
16 23 992420
16 20 548360
16 6 895840
16 13 639180
17 14 468380
17 13 826060
17 19 197400
17 25 892600
18 22 35760
18 25 2035700
18 19 109100
19 17 197400
19 18 109100
19 22 81870
20 16 548360
20 25 1366470
20 23 871750
21 24 500480
21 23 516410
21 7 860620
22 18 35760
22 19 81870
23 21 516410
23 24 565920
23 16 992420
23 20 871750
24 21 500480
24 23 565920
25 20 1366470
25 18 2035700
25 17 892600
