0 4 179790
0 2 32010
1 2 840040
1 5 1310990
1 3 12880
2 1 840040
2 0 32010
2 4 1004450
3 4 62720
3 1 12880
3 5 48370
4 0 179790
4 3 62720
4 2 1004450
4 11 1301610
5 1 1310990
5 3 48370
5 7 776480
5 6 701410
6 8 444510
6 7 528910
6 5 701410
6 11 181690
6 16 693580
7 6 528910
7 21 732790
7 5 776480
8 6 444510
8 10 52560
8 15 433620
9 12 122130
9 10 49240
10 15 1238810
10 8 52560
10 11 1312270
10 9 49240
11 4 1301610
11 6 181690
11 10 1312270
12 9 122130
12 14 363160
12 13 120280
12 15 573270
13 12 120280
13 15 1174180
13 17 1063290
13 16 372540
14 17 435890
14 12 363160
15 10 1238810
15 13 1174180
15 12 573270
15 8 433620
16 23 473490
16 20 531770
16 6 693580
16 13 372540
17 14 435890
17 13 1063290
17 19 96170
17 25 1212320
18 22 57340
18 25 1563990
18 19 79380
19 17 96170
19 18 79380
19 22 69410
20 16 531770
20 25 1113110
20 23 587600
21 24 531430
21 23 147830
21 7 732790
22 18 57340
22 19 69410
23 21 147830
23 24 563210
23 16 473490
23 20 587600
24 21 531430
24 23 563210
25 20 1113110
25 18 1563990
25 17 1212320
