0 4 162850
0 2 270340
1 2 1903300
1 5 3064950
1 3 335540
2 1 1903300
2 0 270340
2 4 1493450
3 4 461430
3 1 335540
3 5 86970
4 0 162850
4 3 461430
4 2 1493450
4 11 2435360
5 1 3064950
5 3 86970
5 7 1479200
5 6 1862150
6 8 480110
6 7 464580
6 5 1862150
6 11 111350
6 16 1676380
7 6 464580
7 21 1448860
7 5 1479200
8 6 480110
8 10 138800
8 15 425180
9 12 106230
9 10 160060
10 15 2295150
10 8 138800
10 11 2371630
10 9 160060
11 4 2435360
11 6 111350
11 10 2371630
12 9 106230
12 14 1208960
12 13 356290
12 15 919260
13 12 356290
13 15 1786450
13 17 1736720
13 16 724420
14 17 1287530
14 12 1208960
15 10 2295150
15 13 1786450
15 12 919260
15 8 425180
16 23 1452670
16 20 954740
16 6 1676380
16 13 724420
17 14 1287530
17 13 1736720
17 19 390140
17 25 2424780
18 22 124090
18 25 3569540
18 19 63780
19 17 390140
19 18 63780
19 22 167410
20 16 954740
20 25 2206340
20 23 1480120
21 24 691970
21 23 890160
21 7 1448860
22 18 124090
22 19 167410
23 21 890160
23 24 663760
23 16 1452670
23 20 1480120
24 21 691970
24 23 663760
25 20 2206340
25 18 3569540
25 17 2424780
