0 4 189080
0 2 68510
1 2 944740
1 5 1525680
1 3 316950
2 1 944740
2 0 68510
2 4 880860
3 4 400660
3 1 316950
3 5 195840
4 0 189080
4 3 400660
4 2 880860
4 11 1526970
5 1 1525680
5 3 195840
5 7 496450
5 6 1271930
6 8 153480
6 7 250790
6 5 1271930
6 11 213600
6 16 1227310
7 6 250790
7 21 1145010
7 5 496450
8 6 153480
8 10 50070
8 15 214420
9 12 141000
9 10 105800
10 15 1414910
10 8 50070
10 11 1398760
10 9 105800
11 4 1526970
11 6 213600
11 10 1398760
12 9 141000
12 14 842350
12 13 144300
12 15 561930
13 12 144300
13 15 1133540
13 17 966290
13 16 638750
14 17 887950
14 12 842350
15 10 1414910
15 13 1133540
15 12 561930
15 8 214420
16 23 1152170
16 20 608110
16 6 1227310
16 13 638750
17 14 887950
17 13 966290
17 19 253160
17 25 1203930
18 22 20820
18 25 2832500
18 19 97690
19 17 253160
19 18 97690
19 22 95470
20 16 608110
20 25 1881360
20 23 1334650
21 24 457250
21 23 788330
21 7 1145010
22 18 20820
22 19 95470
23 21 788330
23 24 592260
23 16 1152170
23 20 1334650
24 21 457250
24 23 592260
25 20 1881360
25 18 2832500
25 17 1203930
