0 4 93770
0 2 91140
1 2 883060
1 5 1341860
1 3 78060
2 1 883060
2 0 91140
2 4 1346930
3 4 134600
3 1 78060
3 5 113960
4 0 93770
4 3 134600
4 2 1346930
4 11 1757180
5 1 1341860
5 3 113960
5 7 668660
5 6 794960
6 8 409280
6 7 575080
6 5 794960
6 11 217220
6 16 762390
7 6 575080
7 21 1116820
7 5 668660
8 6 409280
8 10 85420
8 15 433170
9 12 71990
9 10 67420
10 15 1621690
10 8 85420
10 11 1682640
10 9 67420
11 4 1757180
11 6 217220
11 10 1682640
12 9 71990
12 14 253820
12 13 216800
12 15 685630
13 12 216800
13 15 1528320
13 17 1463070
13 16 546850
14 17 363000
14 12 253820
15 10 1621690
15 13 1528320
15 12 685630
15 8 433170
16 23 755390
16 20 554270
16 6 762390
16 13 546850
17 14 363000
17 13 1463070
17 19 181950
17 25 1395840
18 22 35150
18 25 2111330
18 19 80290
19 17 181950
19 18 80290
19 22 114500
20 16 554270
20 25 1589050
20 23 1099890
21 24 549680
21 23 506780
21 7 1116820
22 18 35150
22 19 114500
23 21 506780
23 24 679020
23 16 755390
23 20 1099890
24 21 549680
24 23 679020
25 20 1589050
25 18 2111330
25 17 1395840
