0 4 796570
0 2 185740
1 2 4274390
1 5 6599970
1 3 1555950
2 1 4274390
2 0 185740
2 4 5541900
3 4 2000450
3 1 1555950
3 5 274650
4 0 796570
4 3 2000450
4 2 5541900
4 11 8634310
5 1 6599970
5 3 274650
5 7 1932380
5 6 4887050
6 8 1064150
6 7 1794380
6 5 4887050
6 11 736120
6 16 4572960
7 6 1794380
7 21 4292780
7 5 1932380
8 6 1064150
8 10 396820
8 15 1060810
9 12 544700
9 10 352460
10 15 8343260
10 8 396820
10 11 8491270
10 9 352460
11 4 8634310
11 6 736120
11 10 8491270
12 9 544700
12 14 2657080
12 13 968950
12 15 3346590
13 12 968950
13 15 6279980
13 17 6043510
13 16 2123970
14 17 2789770
14 12 2657080
15 10 8343260
15 13 6279980
15 12 3346590
15 8 1060810
16 23 3731890
16 20 3100490
16 6 4572960
16 13 2123970
17 14 2789770
17 13 6043510
17 19 971100
17 25 7111570
18 22 642600
18 25 9464360
18 19 408560
19 17 971100
19 18 408560
19 22 490240
20 16 3100490
20 25 7665120
20 23 4682090
21 24 1855690
21 23 2484480
21 7 4292780
22 18 642600
22 19 490240
23 21 2484480
23 24 2870790
23 16 3731890
23 20 4682090
24 21 1855690
24 23 2870790
25 20 7665120
25 18 9464360
25 17 7111570
