0 4 158300
0 2 250330
1 2 1897950
1 5 2877640
1 3 289840
2 1 1897950
2 0 250330
2 4 1265550
3 4 441410
3 1 289840
3 5 80430
4 0 158300
4 3 441410
4 2 1265550
4 11 2138070
5 1 2877640
5 3 80430
5 7 1425720
5 6 1744730
6 8 444590
6 7 387740
6 5 1744730
6 11 95110
6 16 1594810
7 6 387740
7 21 1443870
7 5 1425720
8 6 444590
8 10 131240
8 15 421300
9 12 74350
9 10 170200
10 15 2065570
10 8 131240
10 11 2103410
10 9 170200
11 4 2138070
11 6 95110
11 10 2103410
12 9 74350
12 14 1210430
12 13 420410
12 15 899470
13 12 420410
13 15 1645450
13 17 1610240
13 16 866140
14 17 1281680
14 12 1210430
15 10 2065570
15 13 1645450
15 12 899470
15 8 421300
16 23 1573670
16 20 895380
16 6 1594810
16 13 866140
17 14 1281680
17 13 1610240
17 19 327340
17 25 2332630
18 22 128790
18 25 3692590
18 19 83330
19 17 327340
19 18 83330
19 22 138810
20 16 895380
20 25 2242170
20 23 1501520
21 24 712260
21 23 876370
21 7 1443870
22 18 128790
22 19 138810
23 21 876370
23 24 657640
23 16 1573670
23 20 1501520
24 21 712260
24 23 657640
25 20 2242170
25 18 3692590
25 17 2332630
