0 4 228680
0 2 49910
1 2 959490
1 5 1332070
1 3 252890
2 1 959490
2 0 49910
2 4 791070
3 4 397680
3 1 252890
3 5 146640
4 0 228680
4 3 397680
4 2 791070
4 11 1560880
5 1 1332070
5 3 146640
5 7 449370
5 6 1120070
6 8 301040
6 7 447550
6 5 1120070
6 11 246540
6 16 1092170
7 6 447550
7 21 1057100
7 5 449370
8 6 301040
8 10 103810
8 15 331260
9 12 151560
9 10 102350
10 15 1431360
10 8 103810
10 11 1476050
10 9 102350
11 4 1560880
11 6 246540
11 10 1476050
12 9 151560
12 14 701050
12 13 116700
12 15 609950
13 12 116700
13 15 1237720
13 17 996410
13 16 635930
14 17 736650
14 12 701050
15 10 1431360
15 13 1237720
15 12 609950
15 8 331260
16 23 1137560
16 20 532200
16 6 1092170
16 13 635930
17 14 736650
17 13 996410
17 19 230660
17 25 1135750
18 22 25440
18 25 2646890
18 19 122980
19 17 230660
19 18 122980
19 22 72070
20 16 532200
20 25 1802370
20 23 1387220
21 24 535110
21 23 704480
21 7 1057100
22 18 25440
22 19 72070
23 21 704480
23 24 724810
23 16 1137560
23 20 1387220
24 21 535110
24 23 724810
25 20 1802370
25 18 2646890
25 17 1135750
