0 4 87890
0 2 44020
1 2 605980
1 5 814380
1 3 107930
2 1 605980
2 0 44020
2 4 793960
3 4 142460
3 1 107930
3 5 130300
4 0 87890
4 3 142460
4 2 793960
4 11 1063700
5 1 814380
5 3 130300
5 7 477170
5 6 542110
6 8 116700
6 7 189210
6 5 542110
6 11 86010
6 16 554200
7 6 189210
7 21 853700
7 5 477170
8 6 116700
8 10 63400
8 15 55410
9 12 22930
9 10 61880
10 15 917260
10 8 63400
10 11 1047590
10 9 61880
11 4 1063700
11 6 86010
11 10 1047590
12 9 22930
12 14 134830
12 13 36950
12 15 188260
13 12 36950
13 15 759790
13 17 700620
13 16 412070
14 17 191880
14 12 134830
15 10 917260
15 13 759790
15 12 188260
15 8 55410
16 23 413020
16 20 552740
16 6 554200
16 13 412070
17 14 191880
17 13 700620
17 19 82990
17 25 615860
18 22 49460
18 25 1065460
18 19 20040
19 17 82990
19 18 20040
19 22 43280
20 16 552740
20 25 999850
20 23 510990
21 24 436310
21 23 361650
21 7 853700
22 18 49460
22 19 43280
23 21 361650
23 24 422540
23 16 413020
23 20 510990
24 21 436310
24 23 422540
25 20 999850
25 18 1065460
25 17 615860
