0 4 141020
0 2 49770
1 2 882040
1 5 936530
1 3 216680
2 1 882040
2 0 49770
2 4 848710
3 4 255970
3 1 216680
3 5 95470
4 0 141020
4 3 255970
4 2 848710
4 11 1115980
5 1 936530
5 3 95470
5 7 519890
5 6 543940
6 8 378010
6 7 371290
6 5 543940
6 11 72970
6 16 575100
7 6 371290
7 21 800820
7 5 519890
8 6 378010
8 10 100900
8 15 348610
9 12 68230
9 10 87560
10 15 1116190
10 8 100900
10 11 1134300
10 9 87560
11 4 1115980
11 6 72970
11 10 1134300
12 9 68230
12 14 154600
12 13 20890
12 15 520870
13 12 20890
13 15 1021400
13 17 960620
13 16 205210
14 17 169070
14 12 154600
15 10 1116190
15 13 1021400
15 12 520870
15 8 348610
16 23 493500
16 20 295450
16 6 575100
16 13 205210
17 14 169070
17 13 960620
17 19 205810
17 25 861810
18 22 33790
18 25 1422030
18 19 56260
19 17 205810
19 18 56260
19 22 154900
20 16 295450
20 25 1087650
20 23 759140
21 24 342470
21 23 562880
21 7 800820
22 18 33790
22 19 154900
23 21 562880
23 24 299520
23 16 493500
23 20 759140
24 21 342470
24 23 299520
25 20 1087650
25 18 1422030
25 17 861810
