0 4 351860
0 2 201400
1 2 2119350
1 5 3036120
1 3 473510
2 1 2119350
2 0 201400
2 4 1968040
3 4 576750
3 1 473510
3 5 247190
4 0 351860
4 3 576750
4 2 1968040
4 11 3234940
5 1 3036120
5 3 247190
5 7 1504530
5 6 2038000
6 8 841600
6 7 1291090
6 5 2038000
6 11 588590
6 16 1943400
7 6 1291090
7 21 3125390
7 5 1504530
8 6 841600
8 10 118040
8 15 771360
9 12 333470
9 10 153740
10 15 3200500
10 8 118040
10 11 3208720
10 9 153740
11 4 3234940
11 6 588590
11 10 3208720
12 9 333470
12 14 1174100
12 13 648360
12 15 1210560
13 12 648360
13 15 2887490
13 17 2909730
13 16 1406220
14 17 1086200
14 12 1174100
15 10 3200500
15 13 2887490
15 12 1210560
15 8 771360
16 23 2101350
16 20 1195320
16 6 1943400
16 13 1406220
17 14 1086200
17 13 2909730
17 19 450350
17 25 2985390
18 22 223320
18 25 5339790
18 19 432960
19 17 450350
19 18 432960
19 22 174840
20 16 1195320
20 25 3822860
20 23 2943090
21 24 1481960
21 23 1705950
21 7 3125390
22 18 223320
22 19 174840
23 21 1705950
23 24 1823130
23 16 2101350
23 20 2943090
24 21 1481960
24 23 1823130
25 20 3822860
25 18 5339790
25 17 2985390
