0 4 103680
0 2 34570
1 2 698020
1 5 1354720
1 3 272580
2 1 698020
2 0 34570
2 4 714970
3 4 283440
3 1 272580
3 5 49320
4 0 103680
4 3 283440
4 2 714970
4 11 1182430
5 1 1354720
5 3 49320
5 7 658750
5 6 848160
6 8 139710
6 7 332390
6 5 848160
6 11 121160
6 16 797090
7 6 332390
7 21 845540
7 5 658750
8 6 139710
8 10 86840
8 15 172640
9 12 85990
9 10 73160
10 15 1084300
10 8 86840
10 11 1096150
10 9 73160
11 4 1182430
11 6 121160
11 10 1096150
12 9 85990
12 14 172900
12 13 251480
12 15 519660
13 12 251480
13 15 717690
13 17 662930
13 16 491870
14 17 171250
14 12 172900
15 10 1084300
15 13 717690
15 12 519660
15 8 172640
16 23 883690
16 20 388490
16 6 797090
16 13 491870
17 14 171250
17 13 662930
17 19 57820
17 25 651600
18 22 115670
18 25 1245970
18 19 88950
19 17 57820
19 18 88950
19 22 7800
20 16 388490
20 25 880760
20 23 652240
21 24 479430
21 23 457020
21 7 845540
22 18 115670
22 19 7800
23 21 457020
23 24 545310
23 16 883690
23 20 652240
24 21 479430
24 23 545310
25 20 880760
25 18 1245970
25 17 651600
