0 4 781770
0 2 205540
1 2 4135120
1 5 5887110
1 3 1670930
2 1 4135120
2 0 205540
2 4 6022820
3 4 1900100
3 1 1670930
3 5 237760
4 0 781770
4 3 1900100
4 2 6022820
4 11 8937530
5 1 5887110
5 3 237760
5 7 1631210
5 6 4478220
6 8 1115650
6 7 1846210
6 5 4478220
6 11 741850
6 16 4209980
7 6 1846210
7 21 4107120
7 5 1631210
8 6 1115650
8 10 410680
8 15 1051810
9 12 469260
9 10 402460
10 15 8497750
10 8 410680
10 11 8623220
10 9 402460
11 4 8937530
11 6 741850
11 10 8623220
12 9 469260
12 14 2649850
12 13 915150
12 15 3520850
13 12 915150
13 15 6209040
13 17 5958250
13 16 2217330
14 17 2751180
14 12 2649850
15 10 8497750
15 13 6209040
15 12 3520850
15 8 1051810
16 23 4035180
16 20 2374070
16 6 4209980
16 13 2217330
17 14 2751180
17 13 5958250
17 19 970540
17 25 6919480
18 22 648840
18 25 8326570
18 19 423720
19 17 970540
19 18 423720
19 22 550240
20 16 2374070
20 25 6803890
20 23 4507820
21 24 1842900
21 23 2232490
21 7 4107120
22 18 648840
22 19 550240
23 21 2232490
23 24 2809190
23 16 4035180
23 20 4507820
24 21 1842900
24 23 2809190
25 20 6803890
25 18 8326570
25 17 6919480
