0 4 194150
0 2 116220
1 2 861900
1 5 1600600
1 3 355240
2 1 861900
2 0 116220
2 4 1239750
3 4 427120
3 1 355240
3 5 175720
4 0 194150
4 3 427120
4 2 1239750
4 11 1981820
5 1 1600600
5 3 175720
5 7 502310
5 6 1532810
6 8 348690
6 7 445400
6 5 1532810
6 11 205240
6 16 1395580
7 6 445400
7 21 1637500
7 5 502310
8 6 348690
8 10 142460
8 15 298080
9 12 148130
9 10 101500
10 15 1581140
10 8 142460
10 11 1723850
10 9 101500
11 4 1981820
11 6 205240
11 10 1723850
12 9 148130
12 14 799710
12 13 169780
12 15 399570
13 12 169780
13 15 1568790
13 17 1405710
13 16 642720
14 17 869750
14 12 799710
15 10 1581140
15 13 1568790
15 12 399570
15 8 298080
16 23 781620
16 20 1145370
16 6 1395580
16 13 642720
17 14 869750
17 13 1405710
17 19 272700
17 25 1761590
18 22 162450
18 25 2863180
18 19 122210
19 17 272700
19 18 122210
19 22 174700
20 16 1145370
20 25 2652940
20 23 1602280
21 24 775770
21 23 1023570
21 7 1637500
22 18 162450
22 19 174700
23 21 1023570
23 24 730220
23 16 781620
23 20 1602280
24 21 775770
24 23 730220
25 20 2652940
25 18 2863180
25 17 1761590
