0 4 793190
0 2 215130
1 2 3854750
1 5 6354680
1 3 1302110
2 1 3854750
2 0 215130
2 4 5843750
3 4 1747890
3 1 1302110
3 5 289080
4 0 793190
4 3 1747890
4 2 5843750
4 11 8815170
5 1 6354680
5 3 289080
5 7 2119360
5 6 4771160
6 8 1202080
6 7 2144610
6 5 4771160
6 11 1335920
6 16 4465500
7 6 2144610
7 21 5800060
7 5 2119360
8 6 1202080
8 10 603820
8 15 866010
9 12 810580
9 10 322100
10 15 8800510
10 8 603820
10 11 8701520
10 9 322100
11 4 8815170
11 6 1335920
11 10 8701520
12 9 810580
12 14 2628480
12 13 1077660
12 15 2776780
13 12 1077660
13 15 7361820
13 17 6519290
13 16 2643510
14 17 2840510
14 12 2628480
15 10 8800510
15 13 7361820
15 12 2776780
15 8 866010
16 23 4063260
16 20 3129930
16 6 4465500
16 13 2643510
17 14 2840510
17 13 6519290
17 19 1310850
17 25 7053320
18 22 360730
18 25 9673570
18 19 448500
19 17 1310850
19 18 448500
19 22 677920
20 16 3129930
20 25 8231900
20 23 5688580
21 24 2702690
21 23 3336970
21 7 5800060
22 18 360730
22 19 677920
23 21 3336970
23 24 3550250
23 16 4063260
23 20 5688580
24 21 2702690
24 23 3550250
25 20 8231900
25 18 9673570
25 17 7053320
