0 4 472450
0 2 151310
1 2 4531180
1 5 4672490
1 3 542390
2 1 4531180
2 0 151310
2 4 4053190
3 4 727830
3 1 542390
3 5 169590
4 0 472450
4 3 727830
4 2 4053190
4 11 5288480
5 1 4672490
5 3 169590
5 7 2173280
5 6 3088980
6 8 1183900
6 7 1463890
6 5 3088980
6 11 455290
6 16 2675080
7 6 1463890
7 21 2680590
7 5 2173280
8 6 1183900
8 10 221470
8 15 1024400
9 12 318230
9 10 184180
10 15 5182920
10 8 221470
10 11 5206990
10 9 184180
11 4 5288480
11 6 455290
11 10 5206990
12 9 318230
12 14 1705870
12 13 576050
12 15 2038570
13 12 576050
13 15 4423820
13 17 4072310
13 16 1548900
14 17 1343550
14 12 1705870
15 10 5182920
15 13 4423820
15 12 2038570
15 8 1024400
16 23 2914740
16 20 1495360
16 6 2675080
16 13 1548900
17 14 1343550
17 13 4072310
17 19 459510
17 25 4480700
18 22 406010
18 25 5356050
18 19 265430
19 17 459510
19 18 265430
19 22 184580
20 16 1495360
20 25 4299700
20 23 2961480
21 24 1605220
21 23 1194300
21 7 2680590
22 18 406010
22 19 184580
23 21 1194300
23 24 1714170
23 16 2914740
23 20 2961480
24 21 1605220
24 23 1714170
25 20 4299700
25 18 5356050
25 17 4480700
