0 4 26390
0 2 1
1 2 76120
1 5 227110
1 3 1
2 1 76120
2 0 1
2 4 170360
3 4 3450
3 1 1
3 5 36200
4 0 26390
4 3 3450
4 2 170360
4 11 259080
5 1 227110
5 3 36200
5 7 50290
5 6 270180
6 8 216320
6 7 364400
6 5 270180
6 11 127870
6 16 254440
7 6 364400
7 21 297680
7 5 50290
8 6 216320
8 10 1
8 15 256000
9 12 11100
9 10 1
10 15 189630
10 8 1
10 11 211290
10 9 1
11 4 259080
11 6 127870
11 10 211290
12 9 11100
12 14 77460
12 13 38120
12 15 159140
13 12 38120
13 15 278850
13 17 282410
13 16 101800
14 17 66100
14 12 77460
15 10 189630
15 13 278850
15 12 159140
15 8 256000
16 23 116370
16 20 273240
16 6 254440
16 13 101800
17 14 66100
17 13 282410
17 19 7010
17 25 251610
18 22 33960
18 25 557850
18 19 24480
19 17 7010
19 18 24480
19 22 3450
20 16 273240
20 25 531000
20 23 248800
21 24 191370
21 23 106310
21 7 297680
22 18 33960
22 19 3450
23 21 106310
23 24 194190
23 16 116370
23 20 248800
24 21 191370
24 23 194190
25 20 531000
25 18 557850
25 17 251610
