0 4 324670
0 2 97840
1 2 2970030
1 5 5059340
1 3 703690
2 1 2970030
2 0 97840
2 4 3435290
3 4 899550
3 1 703690
3 5 233160
4 0 324670
4 3 899550
4 2 3435290
4 11 5101000
5 1 5059340
5 3 233160
5 7 1630460
5 6 3995350
6 8 477660
6 7 944680
6 5 3995350
6 11 564600
6 16 3860620
7 6 944680
7 21 3664260
7 5 1630460
8 6 477660
8 10 60880
8 15 540540
9 12 291950
9 10 234060
10 15 4947850
10 8 60880
10 11 4684170
10 9 234060
11 4 5101000
11 6 564600
11 10 4684170
12 9 291950
12 14 1930190
12 13 938160
12 15 1510060
13 12 938160
13 15 4052960
13 17 3663950
13 16 2219270
14 17 2090060
14 12 1930190
15 10 4947850
15 13 4052960
15 12 1510060
15 8 540540
16 23 3863480
16 20 2007850
16 6 3860620
16 13 2219270
17 14 2090060
17 13 3663950
17 19 570570
17 25 4197440
18 22 217600
18 25 6066380
18 19 339250
19 17 570570
19 18 339250
19 22 292590
20 16 2007850
20 25 5045090
20 23 3272090
21 24 1737640
21 23 2266760
21 7 3664260
22 18 217600
22 19 292590
23 21 2266760
23 24 1844550
23 16 3863480
23 20 3272090
24 21 1737640
24 23 1844550
25 20 5045090
25 18 6066380
25 17 4197440
