0 4 134430
0 2 131220
1 2 739010
1 5 1260400
1 3 354410
2 1 739010
2 0 131220
2 4 1115500
3 4 399890
3 1 354410
3 5 198200
4 0 134430
4 3 399890
4 2 1115500
4 11 1841160
5 1 1260400
5 3 198200
5 7 463300
5 6 1243930
6 8 255570
6 7 326000
6 5 1243930
6 11 201090
6 16 1113510
7 6 326000
7 21 1434020
7 5 463300
8 6 255570
8 10 122060
8 15 196380
9 12 182130
9 10 65720
10 15 1574450
10 8 122060
10 11 1646760
10 9 65720
11 4 1841160
11 6 201090
11 10 1646760
12 9 182130
12 14 940290
12 13 214580
12 15 287930
13 12 214580
13 15 1543750
13 17 1374170
13 16 703890
14 17 1018810
14 12 940290
15 10 1574450
15 13 1543750
15 12 287930
15 8 196380
16 23 886870
16 20 793060
16 6 1113510
16 13 703890
17 14 1018810
17 13 1374170
17 19 283910
17 25 1845460
18 22 203130
18 25 2493840
18 19 124200
19 17 283910
19 18 124200
19 22 186980
20 16 793060
20 25 2165840
20 23 1510020
21 24 717580
21 23 909580
21 7 1434020
22 18 203130
22 19 186980
23 21 909580
23 24 691930
23 16 886870
23 20 1510020
24 21 717580
24 23 691930
25 20 2165840
25 18 2493840
25 17 1845460
