0 4 93030
0 2 104640
1 2 792670
1 5 1204250
1 3 373010
2 1 792670
2 0 104640
2 4 552210
3 4 427680
3 1 373010
3 5 80420
4 0 93030
4 3 427680
4 2 552210
4 11 1158960
5 1 1204250
5 3 80420
5 7 731440
5 6 687450
6 8 174650
6 7 214280
6 5 687450
6 11 109480
6 16 594270
7 6 214280
7 21 801760
7 5 731440
8 6 174650
8 10 31500
8 15 124990
9 12 73610
9 10 50600
10 15 1007360
10 8 31500
10 11 1012580
10 9 50600
11 4 1158960
11 6 109480
11 10 1012580
12 9 73610
12 14 227270
12 13 319420
12 15 524480
13 12 319420
13 15 654100
13 17 629700
13 16 520810
14 17 275110
14 12 227270
15 10 1007360
15 13 654100
15 12 524480
15 8 124990
16 23 640370
16 20 474250
16 6 594270
16 13 520810
17 14 275110
17 13 629700
17 19 126760
17 25 659920
18 22 19260
18 25 1072540
18 19 6140
19 17 126760
19 18 6140
19 22 58770
20 16 474250
20 25 1111660
20 23 698550
21 24 323390
21 23 444930
21 7 801760
22 18 19260
22 19 58770
23 21 444930
23 24 385170
23 16 640370
23 20 698550
24 21 323390
24 23 385170
25 20 1111660
25 18 1072540
25 17 659920
