0 4 139440
0 2 70140
1 2 958200
1 5 1472420
1 3 47620
2 1 958200
2 0 70140
2 4 1328230
3 4 87720
3 1 47620
3 5 86360
4 0 139440
4 3 87720
4 2 1328230
4 11 1736820
5 1 1472420
5 3 86360
5 7 777270
5 6 901540
6 8 574090
6 7 743380
6 5 901540
6 11 247910
6 16 899800
7 6 743380
7 21 1179870
7 5 777270
8 6 574090
8 10 79780
8 15 551890
9 12 113100
9 10 44470
10 15 1644730
10 8 79780
10 11 1702540
10 9 44470
11 4 1736820
11 6 247910
11 10 1702540
12 9 113100
12 14 401450
12 13 200450
12 15 869040
13 12 200450
13 15 1511070
13 17 1392920
13 16 565850
14 17 488510
14 12 401450
15 10 1644730
15 13 1511070
15 12 869040
15 8 551890
16 23 622100
16 20 715530
16 6 899800
16 13 565850
17 14 488510
17 13 1392920
17 19 147460
17 25 1545580
18 22 72150
18 25 2166120
18 19 50890
19 17 147460
19 18 50890
19 22 83990
20 16 715530
20 25 1558410
20 23 877940
21 24 737800
21 23 375060
21 7 1179870
22 18 72150
22 19 83990
23 21 375060
23 24 644770
23 16 622100
23 20 877940
24 21 737800
24 23 644770
25 20 1558410
25 18 2166120
25 17 1545580
