0 4 125960
0 2 37320
1 2 782920
1 5 1022710
1 3 274600
2 1 782920
2 0 37320
2 4 806300
3 4 301370
3 1 274600
3 5 76220
4 0 125960
4 3 301370
4 2 806300
4 11 1241880
5 1 1022710
5 3 76220
5 7 672310
5 6 599830
6 8 325940
6 7 280200
6 5 599830
6 11 106490
6 16 549400
7 6 280200
7 21 674850
7 5 672310
8 6 325940
8 10 123880
8 15 298190
9 12 94400
9 10 115230
10 15 1110780
10 8 123880
10 11 1186730
10 9 115230
11 4 1241880
11 6 106490
11 10 1186730
12 9 94400
12 14 259040
12 13 319990
12 15 458310
13 12 319990
13 15 961400
13 17 929670
13 16 457530
14 17 296780
14 12 259040
15 10 1110780
15 13 961400
15 12 458310
15 8 298190
16 23 501510
16 20 441600
16 6 549400
16 13 457530
17 14 296780
17 13 929670
17 19 177470
17 25 999430
18 22 55890
18 25 1353850
18 19 94210
19 17 177470
19 18 94210
19 22 99430
20 16 441600
20 25 772220
20 23 503560
21 24 343180
21 23 309690
21 7 674850
22 18 55890
22 19 99430
23 21 309690
23 24 445530
23 16 501510
23 20 503560
24 21 343180
24 23 445530
25 20 772220
25 18 1353850
25 17 999430
