0 4 83000
0 2 76240
1 2 729860
1 5 1002700
1 3 122490
2 1 729860
2 0 76240
2 4 1161000
3 4 162230
3 1 122490
3 5 54150
4 0 83000
4 3 162230
4 2 1161000
4 11 1455140
5 1 1002700
5 3 54150
5 7 554740
5 6 629230
6 8 207050
6 7 166670
6 5 629230
6 11 40350
6 16 622900
7 6 166670
7 21 528000
7 5 554740
8 6 207050
8 10 44590
8 15 162680
9 12 127040
9 10 34090
10 15 1462020
10 8 44590
10 11 1506900
10 9 34090
11 4 1455140
11 6 40350
11 10 1506900
12 9 127040
12 14 712950
12 13 39090
12 15 413080
13 12 39090
13 15 1253870
13 17 1218930
13 16 337640
14 17 717010
14 12 712950
15 10 1462020
15 13 1253870
15 12 413080
15 8 162680
16 23 652660
16 20 316990
16 6 622900
16 13 337640
17 14 717010
17 13 1218930
17 19 158570
17 25 1497050
18 22 36460
18 25 1888440
18 19 44210
19 17 158570
19 18 44210
19 22 51400
20 16 316990
20 25 1077440
20 23 831680
21 24 285170
21 23 274990
21 7 528000
22 18 36460
22 19 51400
23 21 274990
23 24 486030
23 16 652660
23 20 831680
24 21 285170
24 23 486030
25 20 1077440
25 18 1888440
25 17 1497050
