0 4 745050
0 2 117170
1 2 3871100
1 5 5756370
1 3 1230240
2 1 3871100
2 0 117170
2 4 4709930
3 4 1423830
3 1 1230240
3 5 206710
4 0 745050
4 3 1423830
4 2 4709930
4 11 7109110
5 1 5756370
5 3 206710
5 7 1822420
5 6 4254200
6 8 1211660
6 7 1895580
6 5 4254200
6 11 706010
6 16 4098580
7 6 1895580
7 21 4058080
7 5 1822420
8 6 1211660
8 10 329810
8 15 1288390
9 12 502560
9 10 411340
10 15 6538600
10 8 329810
10 11 6592390
10 9 411340
11 4 7109110
11 6 706010
11 10 6592390
12 9 502560
12 14 2708280
12 13 737920
12 15 2546790
13 12 737920
13 15 5406600
13 17 5023270
13 16 2008230
14 17 2927400
14 12 2708280
15 10 6538600
15 13 5406600
15 12 2546790
15 8 1288390
16 23 3557940
16 20 2388730
16 6 4098580
16 13 2008230
17 14 2927400
17 13 5023270
17 19 856670
17 25 6257740
18 22 513600
18 25 8570390
18 19 512090
19 17 856670
19 18 512090
19 22 429770
20 16 2388730
20 25 6511700
20 23 4244470
21 24 1953510
21 23 2236370
21 7 4058080
22 18 513600
22 19 429770
23 21 2236370
23 24 2496610
23 16 3557940
23 20 4244470
24 21 1953510
24 23 2496610
25 20 6511700
25 18 8570390
25 17 6257740
