0 4 340970
0 2 135020
1 2 2119080
1 5 2883180
1 3 384030
2 1 2119080
2 0 135020
2 4 1757230
3 4 482980
3 1 384030
3 5 205930
4 0 340970
4 3 482980
4 2 1757230
4 11 2890430
5 1 2883180
5 3 205930
5 7 1284420
5 6 1930530
6 8 673450
6 7 1058090
6 5 1930530
6 11 491250
6 16 1870360
7 6 1058090
7 21 2494620
7 5 1284420
8 6 673450
8 10 93100
8 15 585320
9 12 219460
9 10 190650
10 15 2664320
10 8 93100
10 11 2778210
10 9 190650
11 4 2890430
11 6 491250
11 10 2778210
12 9 219460
12 14 1109850
12 13 677160
12 15 990570
13 12 677160
13 15 2332160
13 17 2306100
13 16 1312170
14 17 1058740
14 12 1109850
15 10 2664320
15 13 2332160
15 12 990570
15 8 585320
16 23 1944310
16 20 1274560
16 6 1870360
16 13 1312170
17 14 1058740
17 13 2306100
17 19 364510
17 25 2548430
18 22 222720
18 25 4902630
18 19 391330
19 17 364510
19 18 391330
19 22 99280
20 16 1274560
20 25 3409420
20 23 2479930
21 24 1232310
21 23 1361030
21 7 2494620
22 18 222720
22 19 99280
23 21 1361030
23 24 1496040
23 16 1944310
23 20 2479930
24 21 1232310
24 23 1496040
25 20 3409420
25 18 4902630
25 17 2548430
