0 4 177000
0 2 62060
1 2 660500
1 5 1200960
1 3 242900
2 1 660500
2 0 62060
2 4 848570
3 4 358990
3 1 242900
3 5 74010
4 0 177000
4 3 358990
4 2 848570
4 11 1492060
5 1 1200960
5 3 74010
5 7 559830
5 6 736550
6 8 311440
6 7 423460
6 5 736550
6 11 162950
6 16 765750
7 6 423460
7 21 1225850
7 5 559830
8 6 311440
8 10 25810
8 15 270510
9 12 60900
9 10 85880
10 15 1249790
10 8 25810
10 11 1375200
10 9 85880
11 4 1492060
11 6 162950
11 10 1375200
12 9 60900
12 14 653710
12 13 128860
12 15 807450
13 12 128860
13 15 826040
13 17 733310
13 16 418620
14 17 580410
14 12 653710
15 10 1249790
15 13 826040
15 12 807450
15 8 270510
16 23 901270
16 20 295510
16 6 765750
16 13 418620
17 14 580410
17 13 733310
17 19 162850
17 25 957640
18 22 91680
18 25 1857600
18 19 60070
19 17 162850
19 18 60070
19 22 124430
20 16 295510
20 25 1604880
20 23 1311160
21 24 450700
21 23 785480
21 7 1225850
22 18 91680
22 19 124430
23 21 785480
23 24 562640
23 16 901270
23 20 1311160
24 21 450700
24 23 562640
25 20 1604880
25 18 1857600
25 17 957640
