0 4 28200
0 2 19050
1 2 778710
1 5 1124830
1 3 141160
2 1 778710
2 0 19050
2 4 867610
3 4 193200
3 1 141160
3 5 135310
4 0 28200
4 3 193200
4 2 867610
4 11 1213630
5 1 1124830
5 3 135310
5 7 511190
5 6 846950
6 8 231730
6 7 328650
6 5 846950
6 11 135770
6 16 805340
7 6 328650
7 21 896570
7 5 511190
8 6 231730
8 10 71990
8 15 226850
9 12 67230
9 10 47830
10 15 1244710
10 8 71990
10 11 1209210
10 9 47830
11 4 1213630
11 6 135770
11 10 1209210
12 9 67230
12 14 186510
12 13 226710
12 15 503540
13 12 226710
13 15 971520
13 17 838830
13 16 443490
14 17 293080
14 12 186510
15 10 1244710
15 13 971520
15 12 503540
15 8 226850
16 23 670460
16 20 518950
16 6 805340
16 13 443490
17 14 293080
17 13 838830
17 19 135960
17 25 870760
18 22 111800
18 25 1316560
18 19 73650
19 17 135960
19 18 73650
19 22 76150
20 16 518950
20 25 1286480
20 23 948230
21 24 431760
21 23 434870
21 7 896570
22 18 111800
22 19 76150
23 21 434870
23 24 609600
23 16 670460
23 20 948230
24 21 431760
24 23 609600
25 20 1286480
25 18 1316560
25 17 870760
