0 4 69810
0 2 66160
1 2 663220
1 5 937140
1 3 124830
2 1 663220
2 0 66160
2 4 721360
3 4 162590
3 1 124830
3 5 37690
4 0 69810
4 3 162590
4 2 721360
4 11 1072960
5 1 937140
5 3 37690
5 7 690940
5 6 409580
6 8 130040
6 7 286960
6 5 409580
6 11 104540
6 16 454250
7 6 286960
7 21 786440
7 5 690940
8 6 130040
8 10 28750
8 15 146460
9 12 58430
9 10 55120
10 15 1111200
10 8 28750
10 11 1058850
10 9 55120
11 4 1072960
11 6 104540
11 10 1058850
12 9 58430
12 14 355720
12 13 84750
12 15 298640
13 12 84750
13 15 968250
13 17 983270
13 16 363100
14 17 395880
14 12 355720
15 10 1111200
15 13 968250
15 12 298640
15 8 146460
16 23 387950
16 20 351450
16 6 454250
16 13 363100
17 14 395880
17 13 983270
17 19 197130
17 25 996610
18 22 51580
18 25 1439830
18 19 84600
19 17 197130
19 18 84600
19 22 77890
20 16 351450
20 25 1096120
20 23 849010
21 24 240830
21 23 504950
21 7 786440
22 18 51580
22 19 77890
23 21 504950
23 24 449820
23 16 387950
23 20 849010
24 21 240830
24 23 449820
25 20 1096120
25 18 1439830
25 17 996610
