0 4 71840
0 2 17880
1 2 997360
1 5 1262780
1 3 216380
2 1 997360
2 0 17880
2 4 857800
3 4 268430
3 1 216380
3 5 9040
4 0 71840
4 3 268430
4 2 857800
4 11 1311720
5 1 1262780
5 3 9040
5 7 498630
5 6 866740
6 8 400260
6 7 514640
6 5 866740
6 11 159700
6 16 854480
7 6 514640
7 21 768180
7 5 498630
8 6 400260
8 10 59220
8 15 319970
9 12 86070
9 10 13550
10 15 1242650
10 8 59220
10 11 1172680
10 9 13550
11 4 1311720
11 6 159700
11 10 1172680
12 9 86070
12 14 209280
12 13 335220
12 15 485810
13 12 335220
13 15 1131850
13 17 1035320
13 16 558130
14 17 193660
14 12 209280
15 10 1242650
15 13 1131850
15 12 485810
15 8 319970
16 23 804100
16 20 555410
16 6 854480
16 13 558130
17 14 193660
17 13 1035320
17 19 189250
17 25 967420
18 22 44940
18 25 1625520
18 19 82490
19 17 189250
19 18 82490
19 22 82870
20 16 555410
20 25 919150
20 23 465540
21 24 473430
21 23 310400
21 7 768180
22 18 44940
22 19 82870
23 21 310400
23 24 354290
23 16 804100
23 20 465540
24 21 473430
24 23 354290
25 20 919150
25 18 1625520
25 17 967420
