0 4 280500
0 2 34520
1 2 1051410
1 5 2557240
1 3 297570
2 1 1051410
2 0 34520
2 4 1374070
3 4 232120
3 1 297570
3 5 82700
4 0 280500
4 3 232120
4 2 1374070
4 11 2006590
5 1 2557240
5 3 82700
5 7 1201490
5 6 1723600
6 8 554600
6 7 749450
6 5 1723600
6 11 273510
6 16 1619700
7 6 749450
7 21 1636640
7 5 1201490
8 6 554600
8 10 236730
8 15 564240
9 12 106270
9 10 140340
10 15 1790710
10 8 236730
10 11 1965440
10 9 140340
11 4 2006590
11 6 273510
11 10 1965440
12 9 106270
12 14 397580
12 13 143510
12 15 781060
13 12 143510
13 15 1705900
13 17 1621670
13 16 511550
14 17 374440
14 12 397580
15 10 1790710
15 13 1705900
15 12 781060
15 8 564240
16 23 921950
16 20 1130710
16 6 1619700
16 13 511550
17 14 374440
17 13 1621670
17 19 325970
17 25 1514430
18 22 145420
18 25 2708350
18 19 87300
19 17 325970
19 18 87300
19 22 101840
20 16 1130710
20 25 2451250
20 23 1322900
21 24 887890
21 23 983420
21 7 1636640
22 18 145420
22 19 101840
23 21 983420
23 24 582630
23 16 921950
23 20 1322900
24 21 887890
24 23 582630
25 20 2451250
25 18 2708350
25 17 1514430
