0 4 355640
0 2 106170
1 2 2764520
1 5 3622530
1 3 716420
2 1 2764520
2 0 106170
2 4 2607110
3 4 833660
3 1 716420
3 5 176380
4 0 355640
4 3 833660
4 2 2607110
4 11 4435030
5 1 3622530
5 3 176380
5 7 1301160
5 6 2932020
6 8 559210
6 7 920880
6 5 2932020
6 11 534660
6 16 2695670
7 6 920880
7 21 2418680
7 5 1301160
8 6 559210
8 10 318290
8 15 543310
9 12 365830
9 10 184230
10 15 3977700
10 8 318290
10 11 4130600
10 9 184230
11 4 4435030
11 6 534660
11 10 4130600
12 9 365830
12 14 1045860
12 13 723130
12 15 1356290
13 12 723130
13 15 3322420
13 17 3375380
13 16 1826930
14 17 1413700
14 12 1045860
15 10 3977700
15 13 3322420
15 12 1356290
15 8 543310
16 23 3132950
16 20 1418880
16 6 2695670
16 13 1826930
17 14 1413700
17 13 3375380
17 19 676590
17 25 3095880
18 22 287360
18 25 5170900
18 19 110750
19 17 676590
19 18 110750
19 22 341390
20 16 1418880
20 25 3384430
20 23 2193430
21 24 1487930
21 23 1272960
21 7 2418680
22 18 287360
22 19 341390
23 21 1272960
23 24 1802390
23 16 3132950
23 20 2193430
24 21 1487930
24 23 1802390
25 20 3384430
25 18 5170900
25 17 3095880
