0 4 167770
0 2 21300
1 2 698840
1 5 1168480
1 3 439790
2 1 698840
2 0 21300
2 4 934610
3 4 443650
3 1 439790
3 5 67350
4 0 167770
4 3 443650
4 2 934610
4 11 1581980
5 1 1168480
5 3 67350
5 7 449120
5 6 818740
6 8 96870
6 7 281220
6 5 818740
6 11 189740
6 16 811220
7 6 281220
7 21 622220
7 5 449120
8 6 96870
8 10 60780
8 15 59460
9 12 103120
9 10 52720
10 15 1446540
10 8 60780
10 11 1524970
10 9 52720
11 4 1581980
11 6 189740
11 10 1524970
12 9 103120
12 14 405170
12 13 173520
12 15 667070
13 12 173520
13 15 945730
13 17 907820
13 16 356070
14 17 363050
14 12 405170
15 10 1446540
15 13 945730
15 12 667070
15 8 59460
16 23 706550
16 20 495780
16 6 811220
16 13 356070
17 14 363050
17 13 907820
17 19 223970
17 25 968960
18 22 82060
18 25 1557260
18 19 80800
19 17 223970
19 18 80800
19 22 113150
20 16 495780
20 25 1110330
20 23 643670
21 24 346260
21 23 258390
21 7 622220
22 18 82060
22 19 113150
23 21 258390
23 24 373290
23 16 706550
23 20 643670
24 21 346260
24 23 373290
25 20 1110330
25 18 1557260
25 17 968960
