0 4 495040
0 2 107610
1 2 2229750
1 5 3178180
1 3 619400
2 1 2229750
2 0 107610
2 4 1848870
3 4 655010
3 1 619400
3 5 121040
4 0 495040
4 3 655010
4 2 1848870
4 11 3090320
5 1 3178180
5 3 121040
5 7 1307790
5 6 2143360
6 8 377310
6 7 688180
6 5 2143360
6 11 364770
6 16 2037680
7 6 688180
7 21 1845800
7 5 1307790
8 6 377310
8 10 33890
8 15 495760
9 12 232830
9 10 68950
10 15 3073700
10 8 33890
10 11 2982620
10 9 68950
11 4 3090320
11 6 364770
11 10 2982620
12 9 232830
12 14 705060
12 13 568780
12 15 1076030
13 12 568780
13 15 2661060
13 17 2321250
13 16 1227200
14 17 788440
14 12 705060
15 10 3073700
15 13 2661060
15 12 1076030
15 8 495760
16 23 1930020
16 20 1325730
16 6 2037680
16 13 1227200
17 14 788440
17 13 2321250
17 19 525130
17 25 2096580
18 22 163970
18 25 4274890
18 19 188490
19 17 525130
19 18 188490
19 22 218110
20 16 1325730
20 25 3258410
20 23 2236460
21 24 935060
21 23 982420
21 7 1845800
22 18 163970
22 19 218110
23 21 982420
23 24 1297790
23 16 1930020
23 20 2236460
24 21 935060
24 23 1297790
25 20 3258410
25 18 4274890
25 17 2096580
