0 4 772220
0 2 292250
1 2 4461200
1 5 7639400
1 3 1510930
2 1 4461200
2 0 292250
2 4 5401350
3 4 1950340
3 1 1510930
3 5 334370
4 0 772220
4 3 1950340
4 2 5401350
4 11 8571850
5 1 7639400
5 3 334370
5 7 3944400
5 6 4379350
6 8 1195390
6 7 1554990
6 5 4379350
6 11 558310
6 16 3987480
7 6 1554990
7 21 4957290
7 5 3944400
8 6 1195390
8 10 529410
8 15 1050590
9 12 425290
9 10 665240
10 15 7977460
10 8 529410
10 11 8361580
10 9 665240
11 4 8571850
11 6 558310
11 10 8361580
12 9 425290
12 14 2028560
12 13 1192250
12 15 3235090
13 12 1192250
13 15 6225940
13 17 5659400
13 16 2526640
14 17 2171550
14 12 2028560
15 10 7977460
15 13 6225940
15 12 3235090
15 8 1050590
16 23 5132990
16 20 1779630
16 6 3987480
16 13 2526640
17 14 2171550
17 13 5659400
17 19 1103260
17 25 5657960
18 22 232980
18 25 8192390
18 19 522780
19 17 1103260
19 18 522780
19 22 553480
20 16 1779630
20 25 5850810
20 23 4286690
21 24 2549720
21 23 2677050
21 7 4957290
22 18 232980
22 19 553480
23 21 2677050
23 24 2574390
23 16 5132990
23 20 4286690
24 21 2549720
24 23 2574390
25 20 5850810
25 18 8192390
25 17 5657960
