0 4 423630
0 2 14370
1 2 2274980
1 5 4345970
1 3 663840
2 1 2274980
2 0 14370
2 4 2740740
3 4 811280
3 1 663840
3 5 244800
4 0 423630
4 3 811280
4 2 2740740
4 11 4611600
5 1 4345970
5 3 244800
5 7 1647850
5 6 3196040
6 8 729000
6 7 1216910
6 5 3196040
6 11 570010
6 16 3031030
7 6 1216910
7 21 2807330
7 5 1647850
8 6 729000
8 10 396480
8 15 696150
9 12 433000
9 10 217860
10 15 4009480
10 8 396480
10 11 4454230
10 9 217860
11 4 4611600
11 6 570010
11 10 4454230
12 9 433000
12 14 1091570
12 13 951590
12 15 1157850
13 12 951590
13 15 3814780
13 17 3973630
13 16 1918240
14 17 1263180
14 12 1091570
15 10 4009480
15 13 3814780
15 12 1157850
15 8 696150
16 23 3034680
16 20 1871280
16 6 3031030
16 13 1918240
17 14 1263180
17 13 3973630
17 19 602180
17 25 3772520
18 22 338290
18 25 5828510
18 19 189990
19 17 602180
19 18 189990
19 22 317120
20 16 1871280
20 25 4152310
20 23 2503990
21 24 1638760
21 23 1404840
21 7 2807330
22 18 338290
22 19 317120
23 21 1404840
23 24 1760710
23 16 3034680
23 20 2503990
24 21 1638760
24 23 1760710
25 20 4152310
25 18 5828510
25 17 3772520
