0 4 797480
0 2 289250
1 2 3911610
1 5 6132440
1 3 1864930
2 1 3911610
2 0 289250
2 4 5222420
3 4 2195510
3 1 1864930
3 5 384420
4 0 797480
4 3 2195510
4 2 5222420
4 11 8780110
5 1 6132440
5 3 384420
5 7 2944820
5 6 4006330
6 8 1132050
6 7 1559180
6 5 4006330
6 11 592510
6 16 3618200
7 6 1559180
7 21 4329470
7 5 2944820
8 6 1132050
8 10 436680
8 15 947960
9 12 544090
9 10 421110
10 15 8396670
10 8 436680
10 11 8545810
10 9 421110
11 4 8780110
11 6 592510
11 10 8545810
12 9 544090
12 14 2355640
12 13 1130550
12 15 3223840
13 12 1130550
13 15 6561830
13 17 5828190
13 16 2441210
14 17 2483980
14 12 2355640
15 10 8396670
15 13 6561830
15 12 3223840
15 8 947960
16 23 4628140
16 20 1797370
16 6 3618200
16 13 2441210
17 14 2483980
17 13 5828190
17 19 1279040
17 25 5960030
18 22 253050
18 25 8147780
18 19 538630
19 17 1279040
19 18 538630
19 22 702280
20 16 1797370
20 25 5473750
20 23 3852070
21 24 2496740
21 23 2113510
21 7 4329470
22 18 253050
22 19 702280
23 21 2113510
23 24 2631790
23 16 4628140
23 20 3852070
24 21 2496740
24 23 2631790
25 20 5473750
25 18 8147780
25 17 5960030
