0 4 101000
0 2 30710
1 2 386190
1 5 548610
1 3 37830
2 1 386190
2 0 30710
2 4 648690
3 4 130790
3 1 37830
3 5 25740
4 0 101000
4 3 130790
4 2 648690
4 11 905630
5 1 548610
5 3 25740
5 7 232320
5 6 415700
6 8 84090
6 7 164380
6 5 415700
6 11 58800
6 16 508140
7 6 164380
7 21 559300
7 5 232320
8 6 84090
8 10 67900
8 15 70610
9 12 82580
9 10 52600
10 15 855720
10 8 67900
10 11 887180
10 9 52600
11 4 905630
11 6 58800
11 10 887180
12 9 82580
12 14 303240
12 13 126260
12 15 206230
13 12 126260
13 15 704940
13 17 605810
13 16 298250
14 17 340680
14 12 303240
15 10 855720
15 13 704940
15 12 206230
15 8 70610
16 23 389330
16 20 399340
16 6 508140
16 13 298250
17 14 340680
17 13 605810
17 19 46100
17 25 759620
18 22 125350
18 25 1307560
18 19 28690
19 17 46100
19 18 28690
19 22 39830
20 16 399340
20 25 742230
20 23 352110
21 24 237520
21 23 275670
21 7 559300
22 18 125350
22 19 39830
23 21 275670
23 24 303680
23 16 389330
23 20 352110
24 21 237520
24 23 303680
25 20 742230
25 18 1307560
25 17 759620
