0 4 249280
0 2 57750
1 2 976050
1 5 1579030
1 3 294570
2 1 976050
2 0 57750
2 4 1341500
3 4 376050
3 1 294570
3 5 176560
4 0 249280
4 3 376050
4 2 1341500
4 11 2028380
5 1 1579030
5 3 176560
5 7 950210
5 6 890410
6 8 361920
6 7 517520
6 5 890410
6 11 136680
6 16 849440
7 6 517520
7 21 1161260
7 5 950210
8 6 361920
8 10 128740
8 15 385120
9 12 33370
9 10 74500
10 15 1880760
10 8 128740
10 11 1882540
10 9 74500
11 4 2028380
11 6 136680
11 10 1882540
12 9 33370
12 14 523470
12 13 240690
12 15 1102820
13 12 240690
13 15 1103680
13 17 1219690
13 16 594130
14 17 544540
14 12 523470
15 10 1880760
15 13 1103680
15 12 1102820
15 8 385120
16 23 888850
16 20 489680
16 6 849440
16 13 594130
17 14 544540
17 13 1219690
17 19 250500
17 25 1210300
18 22 93060
18 25 1902080
18 19 82880
19 17 250500
19 18 82880
19 22 67460
20 16 489680
20 25 1342020
20 23 937620
21 24 624970
21 23 549420
21 7 1161260
22 18 93060
22 19 67460
23 21 549420
23 24 458160
23 16 888850
23 20 937620
24 21 624970
24 23 458160
25 20 1342020
25 18 1902080
25 17 1210300
