0 4 182210
0 2 64720
1 2 484920
1 5 919580
1 3 146780
2 1 484920
2 0 64720
2 4 656350
3 4 236470
3 1 146780
3 5 134000
4 0 182210
4 3 236470
4 2 656350
4 11 1009170
5 1 919580
5 3 134000
5 7 208520
5 6 886240
6 8 531210
6 7 550280
6 5 886240
6 11 55360
6 16 806580
7 6 550280
7 21 719830
7 5 208520
8 6 531210
8 10 40160
8 15 451530
9 12 107130
9 10 26880
10 15 980990
10 8 40160
10 11 938450
10 9 26880
11 4 1009170
11 6 55360
11 10 938450
12 9 107130
12 14 408330
12 13 182600
12 15 518810
13 12 182600
13 15 931610
13 17 1010450
13 16 403610
14 17 498400
14 12 408330
15 10 980990
15 13 931610
15 12 518810
15 8 451530
16 23 744680
16 20 403700
16 6 806580
16 13 403610
17 14 498400
17 13 1010450
17 19 199440
17 25 1109830
18 22 112350
18 25 1665260
18 19 25360
19 17 199440
19 18 25360
19 22 73010
20 16 403700
20 25 1199010
20 23 784800
21 24 261480
21 23 420160
21 7 719830
22 18 112350
22 19 73010
23 21 420160
23 24 487610
23 16 744680
23 20 784800
24 21 261480
24 23 487610
25 20 1199010
25 18 1665260
25 17 1109830
