0 4 172990
0 2 55700
1 2 610930
1 5 790330
1 3 238980
2 1 610930
2 0 55700
2 4 682390
3 4 304890
3 1 238980
3 5 57250
4 0 172990
4 3 304890
4 2 682390
4 11 1132690
5 1 790330
5 3 57250
5 7 292620
5 6 593090
6 8 156740
6 7 154150
6 5 593090
6 11 76030
6 16 590380
7 6 154150
7 21 573390
7 5 292620
8 6 156740
8 10 18300
8 15 152350
9 12 159550
9 10 20820
10 15 1152980
10 8 18300
10 11 1093210
10 9 20820
11 4 1132690
11 6 76030
11 10 1093210
12 9 159550
12 14 402050
12 13 109910
12 15 323050
13 12 109910
13 15 943820
13 17 883060
13 16 293000
14 17 361260
14 12 402050
15 10 1152980
15 13 943820
15 12 323050
15 8 152350
16 23 570160
16 20 334220
16 6 590380
16 13 293000
17 14 361260
17 13 883060
17 19 124600
17 25 1053080
18 22 91680
18 25 1527010
18 19 22340
19 17 124600
19 18 22340
19 22 84350
20 16 334220
20 25 905310
20 23 553960
21 24 213080
21 23 303150
21 7 573390
22 18 91680
22 19 84350
23 21 303150
23 24 461220
23 16 570160
23 20 553960
24 21 213080
24 23 461220
25 20 905310
25 18 1527010
25 17 1053080
