0 4 46020
0 2 6540
1 2 632710
1 5 935870
1 3 283380
2 1 632710
2 0 6540
2 4 550730
3 4 357590
3 1 283380
3 5 25090
4 0 46020
4 3 357590
4 2 550730
4 11 993750
5 1 935870
5 3 25090
5 7 518630
5 6 568680
6 8 153080
6 7 188310
6 5 568680
6 11 74090
6 16 539960
7 6 188310
7 21 667870
7 5 518630
8 6 153080
8 10 34910
8 15 160640
9 12 36060
9 10 60590
10 15 879170
10 8 34910
10 11 967980
10 9 60590
11 4 993750
11 6 74090
11 10 967980
12 9 36060
12 14 225490
12 13 144520
12 15 566760
13 12 144520
13 15 459080
13 17 495370
13 16 270610
14 17 206100
14 12 225490
15 10 879170
15 13 459080
15 12 566760
15 8 160640
16 23 458010
16 20 294890
16 6 539960
16 13 270610
17 14 206100
17 13 495370
17 19 144010
17 25 475430
18 22 54370
18 25 1000650
18 19 45830
19 17 144010
19 18 45830
19 22 76850
20 16 294890
20 25 746370
20 23 502830
21 24 357900
21 23 337370
21 7 667870
22 18 54370
22 19 76850
23 21 337370
23 24 410070
23 16 458010
23 20 502830
24 21 357900
24 23 410070
25 20 746370
25 18 1000650
25 17 475430
