0 4 502610
0 2 53970
1 2 2996060
1 5 3179650
1 3 893010
2 1 2996060
2 0 53970
2 4 3258890
3 4 1121580
3 1 893010
3 5 237130
4 0 502610
4 3 1121580
4 2 3258890
4 11 5329890
5 1 3179650
5 3 237130
5 7 1704670
5 6 2114540
6 8 1134190
6 7 1388180
6 5 2114540
6 11 488530
6 16 1994950
7 6 1388180
7 21 2458620
7 5 1704670
8 6 1134190
8 10 320650
8 15 1142000
9 12 346340
9 10 255020
10 15 4748980
10 8 320650
10 11 5037620
10 9 255020
11 4 5329890
11 6 488530
11 10 5037620
12 9 346340
12 14 807800
12 13 1028860
12 15 1888780
13 12 1028860
13 15 4067740
13 17 3985770
13 16 1985360
14 17 1102960
14 12 807800
15 10 4748980
15 13 4067740
15 12 1888780
15 8 1142000
16 23 2700760
16 20 1366240
16 6 1994950
16 13 1985360
17 14 1102960
17 13 3985770
17 19 544040
17 25 3607950
18 22 289950
18 25 5026640
18 19 245900
19 17 544040
19 18 245900
19 22 251000
20 16 1366240
20 25 3034720
20 23 2248460
21 24 1413320
21 23 1225270
21 7 2458620
22 18 289950
22 19 251000
23 21 1225270
23 24 1614470
23 16 2700760
23 20 2248460
24 21 1413320
24 23 1614470
25 20 3034720
25 18 5026640
25 17 3607950
