0 4 153970
0 2 9900
1 2 670770
1 5 1141390
1 3 354490
2 1 670770
2 0 9900
2 4 842210
3 4 371070
3 1 354490
3 5 59120
4 0 153970
4 3 371070
4 2 842210
4 11 1387600
5 1 1141390
5 3 59120
5 7 443520
5 6 801980
6 8 94040
6 7 237120
6 5 801980
6 11 178250
6 16 777060
7 6 237120
7 21 639050
7 5 443520
8 6 94040
8 10 58860
8 15 83700
9 12 84220
9 10 35320
10 15 1219820
10 8 58860
10 11 1311330
10 9 35320
11 4 1387600
11 6 178250
11 10 1311330
12 9 84220
12 14 306170
12 13 131440
12 15 486250
13 12 131440
13 15 925770
13 17 915070
13 16 299870
14 17 263010
14 12 306170
15 10 1219820
15 13 925770
15 12 486250
15 8 83700
16 23 619190
16 20 536260
16 6 777060
16 13 299870
17 14 263010
17 13 915070
17 19 226670
17 25 831330
18 22 57460
18 25 1500020
18 19 96440
19 17 226670
19 18 96440
19 22 136250
20 16 536260
20 25 1380280
20 23 867620
21 24 366220
21 23 275060
21 7 639050
22 18 57460
22 19 136250
23 21 275060
23 24 371130
23 16 619190
23 20 867620
24 21 366220
24 23 371130
25 20 1380280
25 18 1500020
25 17 831330
