0 4 1
0 2 1
1 2 1
1 5 1
1 3 1
2 1 1
2 0 1
2 4 32000
3 4 1
3 1 1
3 5 1
4 0 1
4 3 1
4 2 32000
4 11 32000
5 1 1
5 3 1
5 7 1
5 6 1
6 8 1
6 7 1
6 5 1
6 11 1
6 16 1
7 6 1
7 21 1
7 5 1
8 6 1
8 10 1
8 15 1
9 12 1
9 10 1
10 15 32000
10 8 1
10 11 32000
10 9 1
11 4 32000
11 6 1
11 10 32000
12 9 1
12 14 1
12 13 1
12 15 1
13 12 1
13 15 32000
13 17 32000
13 16 1
14 17 1
14 12 1
15 10 32000
15 13 32000
15 12 1
15 8 1
16 23 1
16 20 1
16 6 1
16 13 1
17 14 1
17 13 32000
17 19 1
17 25 32000
18 22 1
18 25 1
18 19 1
19 17 1
19 18 1
19 22 1
20 16 1
20 25 1
20 23 1
21 24 1
21 23 1
21 7 1
22 18 1
22 19 1
23 21 1
23 24 1
23 16 1
23 20 1
24 21 1
24 23 1
25 20 1
25 18 1
25 17 32000
