0 4 393950
0 2 44970
1 2 1001230
1 5 2161630
1 3 339590
2 1 1001230
2 0 44970
2 4 1362250
3 4 430870
3 1 339590
3 5 189780
4 0 393950
4 3 430870
4 2 1362250
4 11 2263870
5 1 2161630
5 3 189780
5 7 1022860
5 6 1589230
6 8 617440
6 7 821690
6 5 1589230
6 11 246280
6 16 1464360
7 6 821690
7 21 1937200
7 5 1022860
8 6 617440
8 10 190940
8 15 596250
9 12 159200
9 10 139350
10 15 2000210
10 8 190940
10 11 2147540
10 9 139350
11 4 2263870
11 6 246280
11 10 2147540
12 9 159200
12 14 655610
12 13 194080
12 15 1095070
13 12 194080
13 15 1590880
13 17 1583900
13 16 584100
14 17 656920
14 12 655610
15 10 2000210
15 13 1590880
15 12 1095070
15 8 596250
16 23 1108590
16 20 1005780
16 6 1464360
16 13 584100
17 14 656920
17 13 1583900
17 19 296620
17 25 1805350
18 22 152220
18 25 2878940
18 19 94580
19 17 296620
19 18 94580
19 22 102470
20 16 1005780
20 25 2341370
20 23 1225810
21 24 939320
21 23 1118130
21 7 1937200
22 18 152220
22 19 102470
23 21 1118130
23 24 742280
23 16 1108590
23 20 1225810
24 21 939320
24 23 742280
25 20 2341370
25 18 2878940
25 17 1805350
