0 4 169430
0 2 80090
1 2 1730200
1 5 2420760
1 3 203940
2 1 1730200
2 0 80090
2 4 825210
3 4 374850
3 1 203940
3 5 177700
4 0 169430
4 3 374850
4 2 825210
4 11 1474200
5 1 2420760
5 3 177700
5 7 1186810
5 6 1467100
6 8 395550
6 7 531290
6 5 1467100
6 11 211540
6 16 1317410
7 6 531290
7 21 1516640
7 5 1186810
8 6 395550
8 10 81050
8 15 361780
9 12 135370
9 10 59710
10 15 1451070
10 8 81050
10 11 1371970
10 9 59710
11 4 1474200
11 6 211540
11 10 1371970
12 9 135370
12 14 435650
12 13 379140
12 15 447430
13 12 379140
13 15 1447980
13 17 1404360
13 16 716000
14 17 588030
14 12 435650
15 10 1451070
15 13 1447980
15 12 447430
15 8 361780
16 23 1178140
16 20 936670
16 6 1317410
16 13 716000
17 14 588030
17 13 1404360
17 19 360290
17 25 1332290
18 22 243060
18 25 3189580
18 19 158010
19 17 360290
19 18 158010
19 22 210480
20 16 936670
20 25 2431900
20 23 1457290
21 24 711600
21 23 957190
21 7 1516640
22 18 243060
22 19 210480
23 21 957190
23 24 980660
23 16 1178140
23 20 1457290
24 21 711600
24 23 980660
25 20 2431900
25 18 3189580
25 17 1332290
