0 4 53830
0 2 55540
1 2 682990
1 5 925430
1 3 288600
2 1 682990
2 0 55540
2 4 704240
3 4 374070
3 1 288600
3 5 97330
4 0 53830
4 3 374070
4 2 704240
4 11 1257420
5 1 925430
5 3 97330
5 7 484430
5 6 577230
6 8 156490
6 7 245740
6 5 577230
6 11 135070
6 16 526640
7 6 245740
7 21 718410
7 5 484430
8 6 156490
8 10 16710
8 15 146500
9 12 149620
9 10 72990
10 15 1142680
10 8 16710
10 11 1161440
10 9 72990
11 4 1257420
11 6 135070
11 10 1161440
12 9 149620
12 14 181790
12 13 290880
12 15 547280
13 12 290880
13 15 727440
13 17 652640
13 16 446460
14 17 212680
14 12 181790
15 10 1142680
15 13 727440
15 12 547280
15 8 146500
16 23 645720
16 20 254750
16 6 526640
16 13 446460
17 14 212680
17 13 652640
17 19 129280
17 25 665380
18 22 53740
18 25 1018490
18 19 49630
19 17 129280
19 18 49630
19 22 81620
20 16 254750
20 25 602320
20 23 386170
21 24 387460
21 23 342770
21 7 718410
22 18 53740
22 19 81620
23 21 342770
23 24 460780
23 16 645720
23 20 386170
24 21 387460
24 23 460780
25 20 602320
25 18 1018490
25 17 665380
