0 4 177330
0 2 44940
1 2 569300
1 5 861960
1 3 194580
2 1 569300
2 0 44940
2 4 439970
3 4 337940
3 1 194580
3 5 81400
4 0 177330
4 3 337940
4 2 439970
4 11 868010
5 1 861960
5 3 81400
5 7 333300
5 6 606420
6 8 235100
6 7 302240
6 5 606420
6 11 96130
6 16 560830
7 6 302240
7 21 502540
7 5 333300
8 6 235100
8 10 27850
8 15 257220
9 12 93610
9 10 13100
10 15 836690
10 8 27850
10 11 830750
10 9 13100
11 4 868010
11 6 96130
11 10 830750
12 9 93610
12 14 402530
12 13 87630
12 15 499390
13 12 87630
13 15 565200
13 17 650710
13 16 270120
14 17 445510
14 12 402530
15 10 836690
15 13 565200
15 12 499390
15 8 257220
16 23 472920
16 20 348120
16 6 560830
16 13 270120
17 14 445510
17 13 650710
17 19 186060
17 25 709080
18 22 75460
18 25 926850
18 19 77210
19 17 186060
19 18 77210
19 22 91480
20 16 348120
20 25 763650
20 23 505760
21 24 323800
21 23 255260
21 7 502540
22 18 75460
22 19 91480
23 21 255260
23 24 433970
23 16 472920
23 20 505760
24 21 323800
24 23 433970
25 20 763650
25 18 926850
25 17 709080
