0 4 115550
0 2 26580
1 2 568870
1 5 1003900
1 3 319760
2 1 568870
2 0 26580
2 4 907240
3 4 333100
3 1 319760
3 5 102580
4 0 115550
4 3 333100
4 2 907240
4 11 1388600
5 1 1003900
5 3 102580
5 7 374580
5 6 831250
6 8 184740
6 7 218580
6 5 831250
6 11 51210
6 16 764860
7 6 218580
7 21 835310
7 5 374580
8 6 184740
8 10 37090
8 15 197970
9 12 99700
9 10 48920
10 15 1431930
10 8 37090
10 11 1393170
10 9 48920
11 4 1388600
11 6 51210
11 10 1393170
12 9 99700
12 14 371280
12 13 296270
12 15 689260
13 12 296270
13 15 895970
13 17 845160
13 16 607860
14 17 407260
14 12 371280
15 10 1431930
15 13 895970
15 12 689260
15 8 197970
16 23 919080
16 20 513640
16 6 764860
16 13 607860
17 14 407260
17 13 845160
17 19 130480
17 25 845120
18 22 76710
18 25 1538680
18 19 99420
19 17 130480
19 18 99420
19 22 47870
20 16 513640
20 25 1182570
20 23 614850
21 24 367890
21 23 446960
21 7 835310
22 18 76710
22 19 47870
23 21 446960
23 24 624170
23 16 919080
23 20 614850
24 21 367890
24 23 624170
25 20 1182570
25 18 1538680
25 17 845120
