0 4 334660
0 2 71570
1 2 2246350
1 5 3468730
1 3 230980
2 1 2246350
2 0 71570
2 4 2035030
3 4 527200
3 1 230980
3 5 133490
4 0 334660
4 3 527200
4 2 2035030
4 11 3058840
5 1 3468730
5 3 133490
5 7 1135050
5 6 2768940
6 8 1149770
6 7 1382290
6 5 2768940
6 11 255890
6 16 2904580
7 6 1382290
7 21 2763980
7 5 1135050
8 6 1149770
8 10 100730
8 15 1159640
9 12 423940
9 10 73580
10 15 3068790
10 8 100730
10 11 3069200
10 9 73580
11 4 3058840
11 6 255890
11 10 3069200
12 9 423940
12 14 990600
12 13 804120
12 15 1620910
13 12 804120
13 15 2736570
13 17 2492130
13 16 1434070
14 17 1003600
14 12 990600
15 10 3068790
15 13 2736570
15 12 1620910
15 8 1159640
16 23 2507990
16 20 1849230
16 6 2904580
16 13 1434070
17 14 1003600
17 13 2492130
17 19 515240
17 25 2700810
18 22 257330
18 25 5716420
18 19 348420
19 17 515240
19 18 348420
19 22 264960
20 16 1849230
20 25 4558030
20 23 2925410
21 24 1262350
21 23 1608320
21 7 2763980
22 18 257330
22 19 264960
23 21 1608320
23 24 1528220
23 16 2507990
23 20 2925410
24 21 1262350
24 23 1528220
25 20 4558030
25 18 5716420
25 17 2700810
