0 4 1304790
0 2 1688850
1 2 2758740
1 5 2337300
1 3 1806560
2 1 2758740
2 0 1688850
2 4 2866920
3 4 1914740
3 1 1806560
3 5 1877360
4 0 1304790
4 3 1914740
4 2 2866920
4 11 2361230
5 1 2337300
5 3 1877360
5 7 2513830
5 6 2372700
6 8 1813520
6 7 2478430
6 5 2372700
6 11 2288450
6 16 2314910
7 6 2478430
7 21 2328000
7 5 2513830
8 6 1813520
8 10 1788580
8 15 1983220
9 12 1880510
9 10 1534950
10 15 2482060
10 8 1788580
10 11 2263510
10 9 1534950
11 4 2361230
11 6 2288450
11 10 2263510
12 9 1880510
12 14 2625160
12 13 2695370
12 15 2827620
13 12 2695370
13 15 2544450
13 17 2866750
13 16 2352360
14 17 2796540
14 12 2625160
15 10 2482060
15 13 2544450
15 12 2827620
15 8 1983220
16 23 2349730
16 20 2386760
16 6 2314910
16 13 2352360
17 14 2796540
17 13 2866750
17 19 2828810
17 25 3158310
18 22 1761730
18 25 3069100
18 19 2739600
19 17 2828810
19 18 2739600
19 22 1358450
20 16 2386760
20 25 2738160
20 23 2443970
21 24 1839610
21 23 2221690
21 7 2328000
22 18 1761730
22 19 1358450
23 21 2221690
23 24 2024860
23 16 2349730
23 20 2443970
24 21 1839610
24 23 2024860
25 20 2738160
25 18 3069100
25 17 3158310
