0 4 935140
0 2 946650
1 2 1578910
1 5 1440350
1 3 1218490
2 1 1578910
2 0 946650
2 4 1741730
3 4 1381310
3 1 1218490
3 5 1254260
4 0 935140
4 3 1381310
4 2 1741730
4 11 1763230
5 1 1440350
5 3 1254260
5 7 1795760
5 6 1621170
6 8 1366590
6 7 1940810
6 5 1621170
6 11 1781230
6 16 1529630
7 6 1940810
7 21 1754430
7 5 1795760
8 6 1366590
8 10 1162520
8 15 1168630
9 12 979920
9 10 946880
10 15 1364190
10 8 1162520
10 11 1577160
10 9 946880
11 4 1763230
11 6 1781230
11 10 1577160
12 9 979920
12 14 1062990
12 13 1454290
12 15 1397230
13 12 1454290
13 15 1427360
13 17 1515920
13 16 1388730
14 17 1124620
14 12 1062990
15 10 1364190
15 13 1427360
15 12 1397230
15 8 1168630
16 23 1781510
16 20 1302890
16 6 1529630
16 13 1388730
17 14 1124620
17 13 1515920
17 19 1182090
17 25 1705730
18 22 823190
18 25 1644110
18 19 1120470
19 17 1182090
19 18 1120470
19 22 519480
20 16 1302890
20 25 1588390
20 23 1791360
21 24 1310970
21 23 1831720
21 7 1754430
22 18 823190
22 19 519480
23 21 1831720
23 24 1749230
23 16 1781510
23 20 1791360
24 21 1310970
24 23 1749230
25 20 1588390
25 18 1644110
25 17 1705730
