0 4 986600
0 2 1328860
1 2 2338950
1 5 1959820
1 3 1725980
2 1 2338950
2 0 1328860
2 4 2225680
3 4 1612710
3 1 1725980
3 5 1575840
4 0 986600
4 3 1612710
4 2 2225680
4 11 1943290
5 1 1959820
5 3 1575840
5 7 1595490
5 6 1718740
6 8 1166800
6 7 1504550
6 5 1718740
6 11 1815480
6 16 1516060
7 6 1504550
7 21 1371700
7 5 1595490
8 6 1166800
8 10 1192240
8 15 1315960
9 12 1243300
9 10 1177990
10 15 1802400
10 8 1192240
10 11 1840920
10 9 1177990
11 4 1943290
11 6 1815480
11 10 1840920
12 9 1243300
12 14 1329420
12 13 1747170
12 15 1867710
13 12 1747170
13 15 1805580
13 17 1907710
13 16 1544680
14 17 1489960
14 12 1329420
15 10 1802400
15 13 1805580
15 12 1867710
15 8 1315960
16 23 1822130
16 20 1718060
16 6 1516060
16 13 1544680
17 14 1489960
17 13 1907710
17 19 1565630
17 25 2476590
18 22 1078000
18 25 2437500
18 19 1526540
19 17 1565630
19 18 1526540
19 22 552340
20 16 1718060
20 25 2427300
20 23 2135870
21 24 1197290
21 23 1801020
21 7 1371700
22 18 1078000
22 19 552340
23 21 1801020
23 24 1636210
23 16 1822130
23 20 2135870
24 21 1197290
24 23 1636210
25 20 2427300
25 18 2437500
25 17 2476590
