0 4 1748960
0 2 2092940
1 2 3796850
1 5 3700450
1 3 3180300
2 1 3796850
2 0 2092940
2 4 3457960
3 4 2841410
3 1 3180300
3 5 3088990
4 0 1748960
4 3 2841410
4 2 3457960
4 11 3139680
5 1 3700450
5 3 3088990
5 7 3361220
5 6 3231440
6 8 1986860
6 7 2983520
6 5 3231440
6 11 3009560
6 16 2562430
7 6 2983520
7 21 2513630
7 5 3361220
8 6 1986860
8 10 1951250
8 15 1889910
9 12 1588900
9 10 1838330
10 15 2721180
10 8 1951250
10 11 2973950
10 9 1838330
11 4 3139680
11 6 3009560
11 10 2973950
12 9 1588900
12 14 1883900
12 13 2394660
12 15 2471750
13 12 2394660
13 15 2582750
13 17 2567270
13 16 2388390
14 17 2056510
14 12 1883900
15 10 2721180
15 13 2582750
15 12 2471750
15 8 1889910
16 23 2513530
16 20 2189090
16 6 2562430
16 13 2388390
17 14 2056510
17 13 2567270
17 19 2093510
17 25 2691060
18 22 1527350
18 25 2768630
18 19 2171080
19 17 2093510
19 18 2171080
19 22 914410
20 16 2189090
20 25 2430150
20 23 2431500
21 24 1894590
21 23 2334950
21 7 2513630
22 18 1527350
22 19 914410
23 21 2334950
23 24 2315580
23 16 2513530
23 20 2431500
24 21 1894590
24 23 2315580
25 20 2430150
25 18 2768630
25 17 2691060
