0 4 1837640
0 2 1759430
1 2 3385940
1 5 3304990
1 3 2941740
2 1 3385940
2 0 1759430
2 4 3372710
3 4 2928510
3 1 2941740
3 5 2769350
4 0 1837640
4 3 2928510
4 2 3372710
4 11 3518270
5 1 3304990
5 3 2769350
5 7 3736760
5 6 3049450
6 8 2141070
6 7 3653610
6 5 3049450
6 11 3275960
6 16 2638220
7 6 3653610
7 21 3677960
7 5 3736760
8 6 2141070
8 10 2385010
8 15 2185810
9 12 2028980
9 10 2285550
10 15 3254980
10 8 2385010
10 11 3519900
10 9 2285550
11 4 3518270
11 6 3275960
11 10 3519900
12 9 2028980
12 14 2404910
12 13 2862890
12 15 2998410
13 12 2862890
13 15 2920260
13 17 3120600
13 16 2547440
14 17 2662620
14 12 2404910
15 10 3254980
15 13 2920260
15 12 2998410
15 8 2185810
16 23 2843510
16 20 2474000
16 6 2638220
16 13 2547440
17 14 2662620
17 13 3120600
17 19 2795430
17 25 3775110
18 22 2306450
18 25 4067990
18 19 3088310
19 17 2795430
19 18 3088310
19 22 1352540
20 16 2474000
20 25 3365810
20 23 3007370
21 24 2785850
21 23 3195940
21 7 3677960
22 18 2306450
22 19 1352540
23 21 3195940
23 24 2966790
23 16 2843510
23 20 3007370
24 21 2785850
24 23 2966790
25 20 3365810
25 18 4067990
25 17 3775110
