0 4 1597710
0 2 2303060
1 2 3590340
1 5 2656100
1 3 2558810
2 1 3590340
2 0 2303060
2 4 3508470
3 4 2476940
3 1 2558810
3 5 2248050
4 0 1597710
4 3 2476940
4 2 3508470
4 11 2863670
5 1 2656100
5 3 2248050
5 7 2554930
5 6 2342670
6 8 1639070
6 7 2552260
6 5 2342670
6 11 2632110
6 16 2539120
7 6 2552260
7 21 2340720
7 5 2554930
8 6 1639070
8 10 1970210
8 15 1935960
9 12 1774270
9 10 1988110
10 15 2968030
10 8 1970210
10 11 2963250
10 9 1988110
11 4 2863670
11 6 2632110
11 10 2963250
12 9 1774270
12 14 2145070
12 13 2697770
12 15 2754190
13 12 2697770
13 15 2877360
13 17 3019570
13 16 2779590
14 17 2466870
14 12 2145070
15 10 2968030
15 13 2877360
15 12 2754190
15 8 1935960
16 23 3113150
16 20 2503310
16 6 2539120
16 13 2779590
17 14 2466870
17 13 3019570
17 19 2695490
17 25 3569270
18 22 1773760
18 25 3458610
18 19 2584830
19 17 2695490
19 18 2584830
19 22 1361710
20 16 2503310
20 25 3094360
20 23 2878220
21 24 1627230
21 23 2702490
21 7 2340720
22 18 1773760
22 19 1361710
23 21 2702490
23 24 2412800
23 16 3113150
23 20 2878220
24 21 1627230
24 23 2412800
25 20 3094360
25 18 3458610
25 17 3569270
