0 4 2352980
0 2 2105030
1 2 4388160
1 5 4964970
1 3 4361730
2 1 4388160
2 0 2105030
2 4 3826650
3 4 3800220
3 1 4361730
3 5 4129080
4 0 2352980
4 3 3800220
4 2 3826650
4 11 4039400
5 1 4964970
5 3 4129080
5 7 4302050
5 6 4273180
6 8 2473030
6 7 3842910
6 5 4273180
6 11 3909120
6 16 4082830
7 6 3842910
7 21 3170230
7 5 4302050
8 6 2473030
8 10 2496060
8 15 2540150
9 12 2031690
9 10 2554540
10 15 3904190
10 8 2496060
10 11 3932150
10 9 2554540
11 4 4039400
11 6 3909120
11 10 3932150
12 9 2031690
12 14 2533120
12 13 3232580
12 15 3381340
13 12 3232580
13 15 3799520
13 17 4059720
13 16 4001190
14 17 3360260
14 12 2533120
15 10 3904190
15 13 3799520
15 12 3381340
15 8 2540150
16 23 4713310
16 20 3808550
16 6 4082830
16 13 4001190
17 14 3360260
17 13 4059720
17 19 3470080
17 25 4450120
18 22 2288330
18 25 4327740
18 19 3347700
19 17 3470080
19 18 3347700
19 22 1412110
20 16 3808550
20 25 3848520
20 23 4170240
21 24 2501110
21 23 3771840
21 7 3170230
22 18 2288330
22 19 1412110
23 21 3771840
23 24 3804270
23 16 4713310
23 20 4170240
24 21 2501110
24 23 3804270
25 20 3848520
25 18 4327740
25 17 4450120
