0 4 1863490
0 2 2011450
1 2 3841710
1 5 3141680
1 3 3098880
2 1 3841710
2 0 2011450
2 4 3668460
3 4 2925630
3 1 3098880
3 5 2373560
4 0 1863490
4 3 2925630
4 2 3668460
4 11 3541290
5 1 3141680
5 3 2373560
5 7 3111440
5 6 2758080
6 8 2042010
6 7 3453160
6 5 2758080
6 11 3330940
6 16 2792900
7 6 3453160
7 21 3239670
7 5 3111440
8 6 2042010
8 10 1918330
8 15 1904840
9 12 2097000
9 10 2039750
10 15 2838950
10 8 1918330
10 11 3207260
10 9 2039750
11 4 3541290
11 6 3330940
11 10 3207260
12 9 2097000
12 14 2362900
12 13 2985660
12 15 2896200
13 12 2985660
13 15 2914920
13 17 2847210
13 16 2745190
14 17 2224450
14 12 2362900
15 10 2838950
15 13 2914920
15 12 2896200
15 8 1904840
16 23 3240930
16 20 2344020
16 6 2792900
16 13 2745190
17 14 2224450
17 13 2847210
17 19 2449930
17 25 2663470
18 22 2327610
18 25 3481220
18 19 3267680
19 17 2449930
19 18 3267680
19 22 1269750
20 16 2344020
20 25 2419470
20 23 3098950
21 24 2703770
21 23 3334340
21 7 3239670
22 18 2327610
22 19 1269750
23 21 3334340
23 24 3365290
23 16 3240930
23 20 3098950
24 21 2703770
24 23 3365290
25 20 2419470
25 18 3481220
25 17 2663470
