0 4 1610520
0 2 2030540
1 2 3455870
1 5 3177210
1 3 2769800
2 1 3455870
2 0 2030540
2 4 3065620
3 4 2379550
3 1 2769800
3 5 2520910
4 0 1610520
4 3 2379550
4 2 3065620
4 11 2816930
5 1 3177210
5 3 2520910
5 7 3181710
5 6 2850630
6 8 1780020
6 7 3104020
6 5 2850630
6 11 2880600
6 16 2267550
7 6 3104020
7 21 2741450
7 5 3181710
8 6 1780020
8 10 1684170
8 15 1638080
9 12 1354720
9 10 1661530
10 15 2535150
10 8 1684170
10 11 2784750
10 9 1661530
11 4 2816930
11 6 2880600
11 10 2784750
12 9 1354720
12 14 1662670
12 13 2066150
12 15 2228340
13 12 2066150
13 15 2326870
13 17 2528870
13 16 1963420
14 17 2125390
14 12 1662670
15 10 2535150
15 13 2326870
15 12 2228340
15 8 1638080
16 23 2337200
16 20 2301280
16 6 2267550
16 13 1963420
17 14 2125390
17 13 2528870
17 19 2489240
17 25 3181980
18 22 1551750
18 25 3072970
18 19 2380230
19 17 2489240
19 18 2380230
19 22 1256940
20 16 2301280
20 25 3155650
20 23 2876320
21 24 1907070
21 23 2480020
21 7 2741450
22 18 1551750
22 19 1256940
23 21 2480020
23 24 2339290
23 16 2337200
23 20 2876320
24 21 1907070
24 23 2339290
25 20 3155650
25 18 3072970
25 17 3181980
