0 4 1940610
0 2 2891920
1 2 4764200
1 5 3574860
1 3 3202340
2 1 4764200
2 0 2891920
2 4 4438390
3 4 2876530
3 1 3202340
3 5 2638500
4 0 1940610
4 3 2876530
4 2 4438390
4 11 3601450
5 1 3574860
5 3 2638500
5 7 4405210
5 6 3588520
6 8 3407800
6 7 4982710
6 5 3588520
6 11 3940920
6 16 3639460
7 6 4982710
7 21 4749220
7 5 4405210
8 6 3407800
8 10 3275380
8 15 3497260
9 12 3005710
9 10 2737170
10 15 4123060
10 8 3275380
10 11 3808500
10 9 2737170
11 4 3601450
11 6 3940920
11 10 3808500
12 9 3005710
12 14 3244800
12 13 4107360
12 15 4391600
13 12 4107360
13 15 4060700
13 17 4117990
13 16 3444680
14 17 3255430
14 12 3244800
15 10 4123060
15 13 4060700
15 12 4391600
15 8 3497260
16 23 4607960
16 20 3374960
16 6 3639460
16 13 3444680
17 14 3255430
17 13 4117990
17 19 3960930
17 25 4795750
18 22 3606610
18 25 5962170
18 19 5127350
19 17 3960930
19 18 5127350
19 22 1941600
20 16 3374960
20 25 4384500
20 23 4870020
21 24 3437300
21 23 4901030
21 7 4749220
22 18 3606610
22 19 1941600
23 21 4901030
23 24 4639290
23 16 4607960
23 20 4870020
24 21 3437300
24 23 4639290
25 20 4384500
25 18 5962170
25 17 4795750
