0 4 2748680
0 2 3500450
1 2 5233420
1 5 4170230
1 3 3612740
2 1 5233420
2 0 3500450
2 4 5431130
3 4 3810450
3 1 3612740
3 5 3499030
4 0 2748680
4 3 3810450
4 2 5431130
4 11 4756120
5 1 4170230
5 3 3499030
5 7 4051020
5 6 4505130
6 8 3990320
6 7 4499630
6 5 4505130
6 11 4893310
6 16 4066360
7 6 4499630
7 21 3568400
7 5 4051020
8 6 3990320
8 10 3482760
8 15 3663430
9 12 2942050
9 10 2690320
10 15 4119290
10 8 3482760
10 11 4385750
10 9 2690320
11 4 4756120
11 6 4893310
11 10 4385750
12 9 2942050
12 14 3288740
12 13 4016340
12 15 4371020
13 12 4016340
13 15 3945280
13 17 3641800
13 16 3384790
14 17 2914200
14 12 3288740
15 10 4119290
15 13 3945280
15 12 4371020
15 8 3663430
16 23 4149930
16 20 3217230
16 6 4066360
16 13 3384790
17 14 2914200
17 13 3641800
17 19 3313240
17 25 3999760
18 22 2861640
18 25 4715750
18 19 4029230
19 17 3313240
19 18 4029230
19 22 1765890
20 16 3217230
20 25 3781000
20 23 4188180
21 24 2674190
21 23 4106080
21 7 3568400
22 18 2861640
22 19 1765890
23 21 4106080
23 24 3688990
23 16 4149930
23 20 4188180
24 21 2674190
24 23 3688990
25 20 3781000
25 18 4715750
25 17 3999760
