0 4 1065780
0 2 1567950
1 2 2468490
1 5 1990350
1 3 1763750
2 1 2468490
2 0 1567950
2 4 2412730
3 4 1707990
3 1 1763750
3 5 1732020
4 0 1065780
4 3 1707990
4 2 2412730
4 11 1964080
5 1 1990350
5 3 1732020
5 7 2710970
5 6 2313820
6 8 2121840
6 7 3066170
6 5 2313820
6 11 2343310
6 16 2212800
7 6 3066170
7 21 2670050
7 5 2710970
8 6 2121840
8 10 1695100
8 15 1849110
9 12 1497100
9 10 1238830
10 15 1969550
10 8 1695100
10 11 1916570
10 9 1238830
11 4 1964080
11 6 2343310
11 10 1916570
12 9 1497100
12 14 1952110
12 13 2355170
12 15 2227820
13 12 2355170
13 15 2250910
13 17 2600060
13 16 2067420
14 17 2197000
14 12 1952110
15 10 1969550
15 13 2250910
15 12 2227820
15 8 1849110
16 23 2313040
16 20 1911910
16 6 2212800
16 13 2067420
17 14 2197000
17 13 2600060
17 19 2591120
17 25 3018800
18 22 2095900
18 25 3569280
18 19 3141600
19 17 2591120
19 18 3141600
19 22 1314680
20 16 1911910
20 25 2641490
20 23 2468370
21 24 1579400
21 23 2373140
21 7 2670050
22 18 2095900
22 19 1314680
23 21 2373140
23 24 2075760
23 16 2313040
23 20 2468370
24 21 1579400
24 23 2075760
25 20 2641490
25 18 3569280
25 17 3018800
