0 4 1732790
0 2 1758270
1 2 2709710
1 5 2368990
1 3 2095400
2 1 2709710
2 0 1758270
2 4 2929760
3 4 2315450
3 1 2095400
3 5 2000210
4 0 1732790
4 3 2315450
4 2 2929760
4 11 2900280
5 1 2368990
5 3 2000210
5 7 2174980
5 6 2227020
6 8 1609070
6 7 2128200
6 5 2227020
6 11 2538260
6 16 1920050
7 6 2128200
7 21 1805550
7 5 2174980
8 6 1609070
8 10 1804990
8 15 1759900
9 12 1613650
9 10 1786610
10 15 2526990
10 8 1804990
10 11 2734180
10 9 1786610
11 4 2900280
11 6 2538260
11 10 2734180
12 9 1613650
12 14 1837530
12 13 2023870
12 15 2354030
13 12 2023870
13 15 2151740
13 17 2116030
13 16 1740720
14 17 1929690
14 12 1837530
15 10 2526990
15 13 2151740
15 12 2354030
15 8 1759900
16 23 1817710
16 20 1807370
16 6 1920050
16 13 1740720
17 14 1929690
17 13 2116030
17 19 1991650
17 25 2572780
18 22 1333200
18 25 2540910
18 19 1959780
19 17 1991650
19 18 1959780
19 22 946240
20 16 1807370
20 25 2344980
20 23 1965220
21 24 1310100
21 23 1755250
21 7 1805550
22 18 1333200
22 19 946240
23 21 1755250
23 24 1530410
23 16 1817710
23 20 1965220
24 21 1310100
24 23 1530410
25 20 2344980
25 18 2540910
25 17 2572780
