0 4 1328980
0 2 1816190
1 2 2552910
1 5 2079230
1 3 1778360
2 1 2552910
2 0 1816190
2 4 2520570
3 4 1746020
3 1 1778360
3 5 1759550
4 0 1328980
4 3 1746020
4 2 2520570
4 11 2116950
5 1 2079230
5 3 1759550
5 7 1908870
5 6 1970370
6 8 1472040
6 7 1818820
6 5 1970370
6 11 2040430
6 16 1828820
7 6 1818820
7 21 1872390
7 5 1908870
8 6 1472040
8 10 1607890
8 15 1479980
9 12 1363670
9 10 1465990
10 15 2024110
10 8 1607890
10 11 2176280
10 9 1465990
11 4 2116950
11 6 2040430
11 10 2176280
12 9 1363670
12 14 1810270
12 13 1979320
12 15 1921790
13 12 1979320
13 15 1953730
13 17 2459920
13 16 1894290
14 17 2290870
14 12 1810270
15 10 2024110
15 13 1953730
15 12 1921790
15 8 1479980
16 23 2094500
16 20 1867150
16 6 1828820
16 13 1894290
17 14 2290870
17 13 2459920
17 19 2520900
17 25 2731320
18 22 2121470
18 25 3251960
18 19 3041540
19 17 2520900
19 18 3041540
19 22 1213150
20 16 1867150
20 25 2255520
20 23 2184330
21 24 2026880
21 23 2199570
21 7 1872390
22 18 2121470
22 19 1213150
23 21 2199570
23 24 2238990
23 16 2094500
23 20 2184330
24 21 2026880
24 23 2238990
25 20 2255520
25 18 3251960
25 17 2731320
