0 4 535720
0 2 750210
1 2 1156930
1 5 923890
1 3 819910
2 1 1156930
2 0 750210
2 4 1157910
3 4 820890
3 1 819910
3 5 802340
4 0 535720
4 3 820890
4 2 1157910
4 11 939180
5 1 923890
5 3 802340
5 7 985970
5 6 1024230
6 8 905770
6 7 1103880
6 5 1024230
6 11 1038540
6 16 1092910
7 6 1103880
7 21 929860
7 5 985970
8 6 905770
8 10 758090
8 15 876350
9 12 758940
9 10 565780
10 15 965040
10 8 758090
10 11 890860
10 9 565780
11 4 939180
11 6 1038540
11 10 890860
12 9 758940
12 14 976790
12 13 1149730
12 15 1158200
13 12 1149730
13 15 1074830
13 17 1164390
13 16 1055020
14 17 991450
14 12 976790
15 10 965040
15 13 1074830
15 12 1158200
15 8 876350
16 23 1455650
16 20 1190360
16 6 1092910
16 13 1055020
17 14 991450
17 13 1164390
17 19 931420
17 25 1550880
18 22 553730
18 25 1401620
18 19 782160
19 17 931420
19 18 782160
19 22 371990
20 16 1190360
20 25 1588190
20 23 1602330
21 24 904480
21 23 1330860
21 7 929860
22 18 553730
22 19 371990
23 21 1330860
23 24 1441240
23 16 1455650
23 20 1602330
24 21 904480
24 23 1441240
25 20 1588190
25 18 1401620
25 17 1550880
