0 4 754010
0 2 820420
1 2 1305260
1 5 1276580
1 3 1124090
2 1 1305260
2 0 820420
2 4 1235970
3 4 1054800
3 1 1124090
3 5 1092530
4 0 754010
4 3 1054800
4 2 1235970
4 11 1200440
5 1 1276580
5 3 1092530
5 7 1290850
5 6 1188540
6 8 729290
6 7 1234370
6 5 1188540
6 11 1181690
6 16 1036890
7 6 1234370
7 21 1112910
7 5 1290850
8 6 729290
8 10 685860
8 15 624030
9 12 652230
9 10 706260
10 15 983370
10 8 685860
10 11 1138260
10 9 706260
11 4 1200440
11 6 1181690
11 10 1138260
12 9 652230
12 14 734590
12 13 872710
12 15 929340
13 12 872710
13 15 864910
13 17 824350
13 16 875000
14 17 686230
14 12 734590
15 10 983370
15 13 864910
15 12 929340
15 8 624030
16 23 1057300
16 20 943550
16 6 1036890
16 13 875000
17 14 686230
17 13 824350
17 19 703040
17 25 829910
18 22 625740
18 25 964310
18 19 837440
19 17 703040
19 18 837440
19 22 353960
20 16 943550
20 25 882390
20 23 1059130
21 24 740580
21 23 1031010
21 7 1112910
22 18 625740
22 19 353960
23 21 1031010
23 24 882450
23 16 1057300
23 20 1059130
24 21 740580
24 23 882450
25 20 882390
25 18 964310
25 17 829910
