0 4 2062270
0 2 1938130
1 2 4246970
1 5 4306250
1 3 4050640
2 1 4246970
2 0 1938130
2 4 3748280
3 4 3551950
3 1 4050640
3 5 3487090
4 0 2062270
4 3 3551950
4 2 3748280
4 11 3910670
5 1 4306250
5 3 3487090
5 7 4554770
5 6 4287160
6 8 3260270
6 7 5099230
6 5 4287160
6 11 4390270
6 16 4092070
7 6 5099230
7 21 4246780
7 5 4554770
8 6 3260270
8 10 2606250
8 15 2790090
9 12 2280820
9 10 2461480
10 15 3707420
10 8 2606250
10 11 3736250
10 9 2461480
11 4 3910670
11 6 4390270
11 10 3736250
12 9 2280820
12 14 2551150
12 13 3250040
12 15 3526760
13 12 3250040
13 15 3614540
13 17 3558420
13 16 3345170
14 17 2859530
14 12 2551150
15 10 3707420
15 13 3614540
15 12 3526760
15 8 2790090
16 23 4279200
16 20 3853590
16 6 4092070
16 13 3345170
17 14 2859530
17 13 3558420
17 19 3504130
17 25 4128590
18 22 2369500
18 25 4423250
18 19 3798790
19 17 3504130
19 18 3798790
19 22 1799950
20 16 3853590
20 25 4416410
20 23 4780270
21 24 3030410
21 23 4166300
21 7 4246780
22 18 2369500
22 19 1799950
23 21 4166300
23 24 4069990
23 16 4279200
23 20 4780270
24 21 3030410
24 23 4069990
25 20 4416410
25 18 4423250
25 17 4128590
