0 4 1543050
0 2 1686050
1 2 3255650
1 5 3166150
1 3 2976780
2 1 3255650
2 0 1686050
2 4 2868940
3 4 2590070
3 1 2976780
3 5 2643570
4 0 1543050
4 3 2590070
4 2 2868940
4 11 2716040
5 1 3166150
5 3 2643570
5 7 2961050
5 6 2871960
6 8 2144910
6 7 3000070
6 5 2871960
6 11 2808560
6 16 2638880
7 6 3000070
7 21 2675650
7 5 2961050
8 6 2144910
8 10 1999820
8 15 1928150
9 12 1720910
9 10 1770530
10 15 2549130
10 8 1999820
10 11 2663470
10 9 1770530
11 4 2716040
11 6 2808560
11 10 2663470
12 9 1720910
12 14 2065080
12 13 2466610
12 15 2499510
13 12 2466610
13 15 2444560
13 17 2637160
13 16 2389220
14 17 2235630
14 12 2065080
15 10 2549130
15 13 2444560
15 12 2499510
15 8 1928150
16 23 2913770
16 20 2497520
16 6 2638880
16 13 2389220
17 14 2235630
17 13 2637160
17 19 2403860
17 25 3437580
18 22 2366140
18 25 4204640
18 19 3170920
19 17 2403860
19 18 3170920
19 22 1140280
20 16 2497520
20 25 3320380
20 23 3044510
21 24 2176940
21 23 2861450
21 7 2675650
22 18 2366140
22 19 1140280
23 21 2861450
23 24 2776250
23 16 2913770
23 20 3044510
24 21 2176940
24 23 2776250
25 20 3320380
25 18 4204640
25 17 3437580
