0 4 1708960
0 2 1896270
1 2 2793130
1 5 2301890
1 3 2083500
2 1 2793130
2 0 1896270
2 4 2941550
3 4 2231920
3 1 2083500
3 5 1927990
4 0 1708960
4 3 2231920
4 2 2941550
4 11 2982360
5 1 2301890
5 3 1927990
5 7 2424910
5 6 2538660
6 8 2356870
6 7 2817190
6 5 2538660
6 11 3070710
6 16 3007990
7 6 2817190
7 21 2378840
7 5 2424910
8 6 2356870
8 10 2309010
8 15 2634080
9 12 2437030
9 10 2105730
10 15 3160290
10 8 2309010
10 11 3022850
10 9 2105730
11 4 2982360
11 6 3070710
11 10 3022850
12 9 2437030
12 14 2355300
12 13 3181570
12 15 3491590
13 12 3181570
13 15 3175340
13 17 2717550
13 16 2975180
14 17 1891280
14 12 2355300
15 10 3160290
15 13 3175340
15 12 3491590
15 8 2634080
16 23 3340280
16 20 2647040
16 6 3007990
16 13 2975180
17 14 1891280
17 13 2717550
17 19 2179420
17 25 2730320
18 22 2107180
18 25 3173890
18 19 2622990
19 17 2179420
19 18 2622990
19 22 1273250
20 16 2647040
20 25 2549950
20 23 2902280
21 24 1739610
21 23 2824880
21 7 2378840
22 18 2107180
22 19 1273250
23 21 2824880
23 24 2510250
23 16 3340280
23 20 2902280
24 21 1739610
24 23 2510250
25 20 2549950
25 18 3173890
25 17 2730320
