0 4 1052920
0 2 1433010
1 2 2376440
1 5 2148360
1 3 1800560
2 1 2376440
2 0 1433010
2 4 2239810
3 4 1663930
3 1 1800560
3 5 1815940
4 0 1052920
4 3 1663930
4 2 2239810
4 11 1853710
5 1 2148360
5 3 1815940
5 7 1928410
5 6 2109150
6 8 1596170
6 7 1873820
6 5 2109150
6 11 1951130
6 16 1950550
7 6 1873820
7 21 1721610
7 5 1928410
8 6 1596170
8 10 1467060
8 15 1476050
9 12 1343170
9 10 1137150
10 15 1805330
10 8 1467060
10 11 1822020
10 9 1137150
11 4 1853710
11 6 1951130
11 10 1822020
12 9 1343170
12 14 1844320
12 13 2254380
12 15 2011350
13 12 2254380
13 15 2057350
13 17 2489310
13 16 2073460
14 17 2079250
14 12 1844320
15 10 1805330
15 13 2057350
15 12 2011350
15 8 1476050
16 23 2310700
16 20 1879400
16 6 1950550
16 13 2073460
17 14 2079250
17 13 2489310
17 19 2098950
17 25 2503020
18 22 1316120
18 25 2363210
18 19 1959140
19 17 2098950
19 18 1959140
19 22 876640
20 16 1879400
20 25 2120030
20 23 2343560
21 24 1710780
21 23 2262500
21 7 1721610
22 18 1316120
22 19 876640
23 21 2262500
23 24 2223140
23 16 2310700
23 20 2343560
24 21 1710780
24 23 2223140
25 20 2120030
25 18 2363210
25 17 2503020
