0 4 1969630
0 2 2477070
1 2 4222120
1 5 3547310
1 3 3359600
2 1 4222120
2 0 2477070
2 4 3772580
3 4 2910060
3 1 3359600
3 5 2742690
4 0 1969630
4 3 2910060
4 2 3772580
4 11 3437580
5 1 3547310
5 3 2742690
5 7 3290820
5 6 3218390
6 8 2694170
6 7 3578810
6 5 3218390
6 11 3558200
6 16 3135700
7 6 3578810
7 21 3212670
7 5 3290820
8 6 2694170
8 10 2409040
8 15 2522660
9 12 1801250
9 10 1981850
10 15 3049740
10 8 2409040
10 11 3273070
10 9 1981850
11 4 3437580
11 6 3558200
11 10 3273070
12 9 1801250
12 14 2033160
12 13 2688030
12 15 2869140
13 12 2688030
13 15 2982250
13 17 2842040
13 16 2783080
14 17 2187170
14 12 2033160
15 10 3049740
15 13 2982250
15 12 2869140
15 8 2522660
16 23 3100990
16 20 3214040
16 6 3135700
16 13 2783080
17 14 2187170
17 13 2842040
17 19 2523770
17 25 3458770
18 22 2575920
18 25 4162630
18 19 3227630
19 17 2523770
19 18 3227630
19 22 1512890
20 16 3214040
20 25 3848830
20 23 3550010
21 24 2623890
21 23 3105530
21 7 3212670
22 18 2575920
22 19 1512890
23 21 3105530
23 24 2955320
23 16 3100990
23 20 3550010
24 21 2623890
24 23 2955320
25 20 3848830
25 18 4162630
25 17 3458770
