0 4 923180
0 2 1028210
1 2 1844740
1 5 1748960
1 3 1419770
2 1 1844740
2 0 1028210
2 4 1920690
3 4 1495720
3 1 1419770
3 5 1504970
4 0 923180
4 3 1495720
4 2 1920690
4 11 1869020
5 1 1748960
5 3 1504970
5 7 1845470
5 6 1881760
6 8 1505160
6 7 1893070
6 5 1881760
6 11 1925870
6 16 1666090
7 6 1893070
7 21 1508690
7 5 1845470
8 6 1505160
8 10 1557790
8 15 1530060
9 12 1067820
9 10 1321490
10 15 2006890
10 8 1557790
10 11 1978500
10 9 1321490
11 4 1869020
11 6 1925870
11 10 1978500
12 9 1067820
12 14 1167460
12 13 1506410
12 15 1753220
13 12 1506410
13 15 1732350
13 17 1672610
13 16 1444180
14 17 1333660
14 12 1167460
15 10 2006890
15 13 1732350
15 12 1753220
15 8 1530060
16 23 1450200
16 20 1238090
16 6 1666090
16 13 1444180
17 14 1333660
17 13 1672610
17 19 1645270
17 25 1705590
18 22 1339130
18 25 1994530
18 19 1934210
19 17 1645270
19 18 1934210
19 22 835780
20 16 1238090
20 25 1312430
20 23 1285470
21 24 1091860
21 23 1329090
21 7 1508690
22 18 1339130
22 19 835780
23 21 1329090
23 24 1260350
23 16 1450200
23 20 1285470
24 21 1091860
24 23 1260350
25 20 1312430
25 18 1994530
25 17 1705590
