0 4 731730
0 2 889540
1 2 1333880
1 5 1109840
1 3 950070
2 1 1333880
2 0 889540
2 4 1412250
3 4 1028440
3 1 950070
3 5 962210
4 0 731730
4 3 1028440
4 2 1412250
4 11 1323580
5 1 1109840
5 3 962210
5 7 1339520
5 6 1308940
6 8 1149060
6 7 1526480
6 5 1308940
6 11 1444310
6 16 1312900
7 6 1526480
7 21 1299680
7 5 1339520
8 6 1149060
8 10 999370
8 15 1077770
9 12 867880
9 10 820710
10 15 1274920
10 8 999370
10 11 1294620
10 9 820710
11 4 1323580
11 6 1444310
11 10 1294620
12 9 867880
12 14 1106310
12 13 1328220
12 15 1322090
13 12 1328220
13 15 1359450
13 17 1488970
13 16 1247740
14 17 1267060
14 12 1106310
15 10 1274920
15 13 1359450
15 12 1322090
15 8 1077770
16 23 1478320
16 20 1326770
16 6 1312900
16 13 1247740
17 14 1267060
17 13 1488970
17 19 1262760
17 25 1778630
18 22 748290
18 25 1684330
18 19 1168460
19 17 1262760
19 18 1168460
19 22 492990
20 16 1326770
20 25 1734270
20 23 1675190
21 24 1142120
21 23 1434520
21 7 1299680
22 18 748290
22 19 492990
23 21 1434520
23 24 1534340
23 16 1478320
23 20 1675190
24 21 1142120
24 23 1534340
25 20 1734270
25 18 1684330
25 17 1778630
