0 4 543320
0 2 604100
1 2 1162040
1 5 1103140
1 3 980030
2 1 1162040
2 0 604100
2 4 1102080
3 4 920070
3 1 980030
3 5 921950
4 0 543320
4 3 920070
4 2 1102080
4 11 1074040
5 1 1103140
5 3 921950
5 7 975710
5 6 1014960
6 8 716270
6 7 945610
6 5 1014960
6 11 1045820
6 16 932380
7 6 945610
7 21 871340
7 5 975710
8 6 716270
8 10 696830
8 15 728800
9 12 735200
9 10 634070
10 15 977950
10 8 696830
10 11 1026380
10 9 634070
11 4 1074040
11 6 1045820
11 10 1026380
12 9 735200
12 14 857360
12 13 1016310
12 15 1079080
13 12 1016310
13 15 947150
13 17 965320
13 16 882140
14 17 806370
14 12 857360
15 10 977950
15 13 947150
15 12 1079080
15 8 728800
16 23 1107610
16 20 982390
16 6 932380
16 13 882140
17 14 806370
17 13 965320
17 19 847990
17 25 1166930
18 22 737800
18 25 1284110
18 19 965170
19 17 847990
19 18 965170
19 22 422350
20 16 982390
20 25 1186240
20 23 1210100
21 24 798830
21 23 1085820
21 7 871340
22 18 737800
22 19 422350
23 21 1085820
23 24 1048330
23 16 1107610
23 20 1210100
24 21 798830
24 23 1048330
25 20 1186240
25 18 1284110
25 17 1166930
