0 4 1021690
0 2 904300
1 2 1366570
1 5 1291640
1 3 1141440
2 1 1366570
2 0 904300
2 4 1549610
3 4 1324480
3 1 1141440
3 5 1132160
4 0 1021690
4 3 1324480
4 2 1549610
4 11 1629400
5 1 1291640
5 3 1132160
5 7 1653380
5 6 1329650
6 8 1051880
6 7 1700670
6 5 1329650
6 11 1484370
6 16 1310250
7 6 1700670
7 21 1558770
7 5 1653380
8 6 1051880
8 10 1030640
8 15 1023330
9 12 1096730
9 10 915050
10 15 1327150
10 8 1030640
10 11 1463130
10 9 915050
11 4 1629400
11 6 1484370
11 10 1463130
12 9 1096730
12 14 1436820
12 13 1719710
12 15 1508830
13 12 1719710
13 15 1530720
13 17 1878890
13 16 1492580
14 17 1596000
14 12 1436820
15 10 1327150
15 13 1530720
15 12 1508830
15 8 1023330
16 23 1716730
16 20 1440440
16 6 1310250
16 13 1492580
17 14 1596000
17 13 1878890
17 19 1807100
17 25 2011170
18 22 1432880
18 25 2245150
18 19 2041080
19 17 1807100
19 18 2041080
19 22 989820
20 16 1440440
20 25 1821740
20 23 1913610
21 24 1248260
21 23 1641520
21 7 1558770
22 18 1432880
22 19 989820
23 21 1641520
23 24 1796640
23 16 1716730
23 20 1913610
24 21 1248260
24 23 1796640
25 20 1821740
25 18 2245150
25 17 2011170
