0 4 1557350
0 2 2509550
1 2 4447970
1 5 3687570
1 3 3343450
2 1 4447970
2 0 2509550
2 4 3848400
3 4 2743880
3 1 3343450
3 5 2935680
4 0 1557350
4 3 2743880
4 2 3848400
4 11 2936880
5 1 3687570
5 3 2935680
5 7 3234710
5 6 3258050
6 8 2690370
6 7 3212960
6 5 3258050
6 11 3106930
6 16 2848250
7 6 3212960
7 21 2578110
7 5 3234710
8 6 2690370
8 10 2485970
8 15 2748480
9 12 2479470
9 10 2115900
10 15 3090010
10 8 2485970
10 11 2902530
10 9 2115900
11 4 2936880
11 6 3106930
11 10 2902530
12 9 2479470
12 14 2770470
12 13 3299640
12 15 3453580
13 12 3299640
13 15 3198580
13 17 3338250
13 16 2752420
14 17 2809080
14 12 2770470
15 10 3090010
15 13 3198580
15 12 3453580
15 8 2748480
16 23 3125970
16 20 2696940
16 6 2848250
16 13 2752420
17 14 2809080
17 13 3338250
17 19 3127790
17 25 3532900
18 22 1993970
18 25 3512960
18 19 3107850
19 17 3127790
19 18 3107850
19 22 1509840
20 16 2696940
20 25 3183810
20 23 3362710
21 24 1555420
21 23 2879170
21 7 2578110
22 18 1993970
22 19 1509840
23 21 2879170
23 24 2467990
23 16 3125970
23 20 3362710
24 21 1555420
24 23 2467990
25 20 3183810
25 18 3512960
25 17 3532900
