0 4 692050
0 2 593180
1 2 1193500
1 5 1171050
1 3 1081180
2 1 1193500
2 0 593180
2 4 1208570
3 4 1096250
3 1 1081180
3 5 974930
4 0 692050
4 3 1096250
4 2 1208570
4 11 1351500
5 1 1171050
5 3 974930
5 7 1013480
5 6 1121340
6 8 786650
6 7 1070020
6 5 1121340
6 11 1286720
6 16 1156070
7 6 1070020
7 21 989170
7 5 1013480
8 6 786650
8 10 860180
8 15 780410
9 12 641200
9 10 819750
10 15 1245170
10 8 860180
10 11 1360250
10 9 819750
11 4 1351500
11 6 1286720
11 10 1360250
12 9 641200
12 14 837210
12 13 989020
12 15 1066620
13 12 989020
13 15 1087800
13 17 1161740
13 16 1072230
14 17 1009930
14 12 837210
15 10 1245170
15 13 1087800
15 12 1066620
15 8 780410
16 23 1331030
16 20 826990
16 6 1156070
16 13 1072230
17 14 1009930
17 13 1161740
17 19 1090080
17 25 1212640
18 22 761520
18 25 1204750
18 19 1082190
19 17 1090080
19 18 1082190
19 22 546210
20 16 826990
20 25 815860
20 23 1023760
21 24 885370
21 23 1271990
21 7 989170
22 18 761520
22 19 546210
23 21 1271990
23 24 1141180
23 16 1331030
23 20 1023760
24 21 885370
24 23 1141180
25 20 815860
25 18 1204750
25 17 1212640
