0 4 700630
0 2 1006410
1 2 1754090
1 5 1661280
1 3 1393460
2 1 1754090
2 0 1006410
2 4 1489360
3 4 1128730
3 1 1393460
3 5 1341700
4 0 700630
4 3 1128730
4 2 1489360
4 11 1314200
5 1 1661280
5 3 1341700
5 7 1565470
5 6 1476610
6 8 987830
6 7 1432560
6 5 1476610
6 11 1394260
6 16 1207690
7 6 1432560
7 21 1474750
7 5 1565470
8 6 987830
8 10 1033760
8 15 996990
9 12 1029400
9 10 946290
10 15 1398790
10 8 1033760
10 11 1440190
10 9 946290
11 4 1314200
11 6 1394260
11 10 1440190
12 9 1029400
12 14 1417400
12 13 1609050
12 15 1481900
13 12 1609050
13 15 1489170
13 17 2035850
13 16 1344000
14 17 1844200
14 12 1417400
15 10 1398790
15 13 1489170
15 12 1481900
15 8 996990
16 23 1451890
16 20 1584600
16 6 1207690
16 13 1344000
17 14 1844200
17 13 2035850
17 19 2072060
17 25 2506910
18 22 1390880
18 25 2543310
18 19 2108460
19 17 2072060
19 18 2108460
19 22 971160
20 16 1584600
20 25 2327980
20 23 1964810
21 24 1407350
21 23 1630090
21 7 1474750
22 18 1390880
22 19 971160
23 21 1630090
23 24 1609360
23 16 1451890
23 20 1964810
24 21 1407350
24 23 1609360
25 20 2327980
25 18 2543310
25 17 2506910
