0 4 1181970
0 2 1707440
1 2 2982580
1 5 2533640
1 3 2284100
2 1 2982580
2 0 1707440
2 4 2727790
3 4 2029310
3 1 2284100
3 5 2105840
4 0 1181970
4 3 2029310
4 2 2727790
4 11 2278990
5 1 2533640
5 3 2105840
5 7 2257600
5 6 2179580
6 8 1367300
6 7 2081800
6 5 2179580
6 11 2179720
6 16 1750970
7 6 2081800
7 21 1744890
7 5 2257600
8 6 1367300
8 10 1371890
8 15 1488080
9 12 1351470
9 10 1391130
10 15 2129150
10 8 1371890
10 11 2184310
10 9 1391130
11 4 2278990
11 6 2179720
11 10 2184310
12 9 1351470
12 14 1648600
12 13 1948410
12 15 2089490
13 12 1948410
13 15 2104260
13 17 2148690
13 16 1730670
14 17 1848880
14 12 1648600
15 10 2129150
15 13 2104260
15 12 2089490
15 8 1488080
16 23 1698890
16 20 1590350
16 6 1750970
16 13 1730670
17 14 1848880
17 13 2148690
17 19 1952740
17 25 2156390
18 22 1288250
18 25 2198630
18 19 1994980
19 17 1952740
19 18 1994980
19 22 864550
20 16 1590350
20 25 1830560
20 23 1791080
21 24 1203380
21 23 1614790
21 7 1744890
22 18 1288250
22 19 864550
23 21 1614790
23 24 1488210
23 16 1698890
23 20 1791080
24 21 1203380
24 23 1488210
25 20 1830560
25 18 2198630
25 17 2156390
