0 4 1487520
0 2 1674620
1 2 3083260
1 5 3088850
1 3 2700940
2 1 3083260
2 0 1674620
2 4 2865260
3 4 2482940
3 1 2700940
3 5 2675630
4 0 1487520
4 3 2482940
4 2 2865260
4 11 2816220
5 1 3088850
5 3 2675630
5 7 2642610
5 6 2749620
6 8 1595280
6 7 2328690
6 5 2749620
6 11 2694990
6 16 2254350
7 6 2328690
7 21 1872460
7 5 2642610
8 6 1595280
8 10 1702750
8 15 1618850
9 12 1319350
9 10 1669110
10 15 2566740
10 8 1702750
10 11 2802460
10 9 1669110
11 4 2816220
11 6 2694990
11 10 2802460
12 9 1319350
12 14 1903320
12 13 1899440
12 15 2216980
13 12 1899440
13 15 2165300
13 17 2358470
13 16 1960380
14 17 2362350
14 12 1903320
15 10 2566740
15 13 2165300
15 12 2216980
15 8 1618850
16 23 2402680
16 20 1884170
16 6 2254350
16 13 1960380
17 14 2362350
17 13 2358470
17 19 2343600
17 25 2671010
18 22 1588170
18 25 2763340
18 19 2435930
19 17 2343600
19 18 2435930
19 22 970260
20 16 1884170
20 25 2084090
20 23 2213850
21 24 1357570
21 23 2127800
21 7 1872460
22 18 1588170
22 19 970260
23 21 2127800
23 24 1962130
23 16 2402680
23 20 2213850
24 21 1357570
24 23 1962130
25 20 2084090
25 18 2763340
25 17 2671010
