0 4 683630
0 2 1089030
1 2 1629250
1 5 1182840
1 3 1020810
2 1 1629250
2 0 1089030
2 4 1530280
3 4 921840
3 1 1020810
3 5 880830
4 0 683630
4 3 921840
4 2 1530280
4 11 1227980
5 1 1182840
5 3 880830
5 7 1906010
5 6 1716550
6 8 1984050
6 7 2579700
6 5 1716550
6 11 1860660
6 16 1827930
7 6 2579700
7 21 2278550
7 5 1906010
8 6 1984050
8 10 1461480
8 15 1924200
9 12 1503400
9 10 996440
10 15 1807820
10 8 1461480
10 11 1338090
10 9 996440
11 4 1227980
11 6 1860660
11 10 1338090
12 9 1503400
12 14 1583050
12 13 2116090
12 15 2314780
13 12 2116090
13 15 2071850
13 17 1952980
13 16 1569390
14 17 1419940
14 12 1583050
15 10 1807820
15 13 2071850
15 12 2314780
15 8 1924200
16 23 2092300
16 20 1755350
16 6 1827930
16 13 1569390
17 14 1419940
17 13 1952980
17 19 1729040
17 25 2262840
18 22 1386130
18 25 2560350
18 19 2026550
19 17 1729040
19 18 2026550
19 22 784860
20 16 1755350
20 25 2368980
20 23 2582030
21 24 1606540
21 23 2353460
21 7 2278550
22 18 1386130
22 19 784860
23 21 2353460
23 24 2172060
23 16 2092300
23 20 2582030
24 21 1606540
24 23 2172060
25 20 2368980
25 18 2560350
25 17 2262840
