0 4 910150
0 2 1207770
1 2 1619460
1 5 1246190
1 3 979990
2 1 1619460
2 0 1207770
2 4 1821440
3 4 1181970
3 1 979990
3 5 1106320
4 0 910150
4 3 1181970
4 2 1821440
4 11 1534930
5 1 1246190
5 3 1106320
5 7 1707800
5 6 1401650
6 8 1143470
6 7 1736930
6 5 1401650
6 11 1488410
6 16 1459510
7 6 1736930
7 21 1774320
7 5 1707800
8 6 1143470
8 10 1190170
8 15 1245940
9 12 937380
9 10 1021990
10 15 1579950
10 8 1190170
10 11 1535110
10 9 1021990
11 4 1534930
11 6 1488410
11 10 1535110
12 9 937380
12 14 1287150
12 13 1487070
12 15 1495340
13 12 1487070
13 15 1627450
13 17 1714780
13 16 1553710
14 17 1514860
14 12 1287150
15 10 1579950
15 13 1627450
15 12 1495340
15 8 1245940
16 23 1886790
16 20 1531240
16 6 1459510
16 13 1553710
17 14 1514860
17 13 1714780
17 19 1630460
17 25 1830420
18 22 1378000
18 25 2259420
18 19 2059460
19 17 1630460
19 18 2059460
19 22 769080
20 16 1531240
20 25 1712350
20 23 1929790
21 24 1435050
21 23 1895450
21 7 1774320
22 18 1378000
22 19 769080
23 21 1895450
23 24 1824940
23 16 1886790
23 20 1929790
24 21 1435050
24 23 1824940
25 20 1712350
25 18 2259420
25 17 1830420
