0 4 1317840
0 2 1399420
1 2 2334480
1 5 1992280
1 3 1836660
2 1 2334480
2 0 1399420
2 4 2486240
3 4 1988420
3 1 1836660
3 5 1727800
4 0 1317840
4 3 1988420
4 2 2486240
4 11 2445640
5 1 1992280
5 3 1727800
5 7 2426930
5 6 2145860
6 8 1885050
6 7 2689370
6 5 2145860
6 11 2447460
6 16 1979960
7 6 2689370
7 21 2426720
7 5 2426930
8 6 1885050
8 10 1894780
8 15 1844160
9 12 1301900
9 10 1589850
10 15 2377140
10 8 1894780
10 11 2457190
10 9 1589850
11 4 2445640
11 6 2447460
11 10 2457190
12 9 1301900
12 14 1564450
12 13 1780190
12 15 2089190
13 12 1780190
13 15 2017520
13 17 2177560
13 16 1630070
14 17 1961820
14 12 1564450
15 10 2377140
15 13 2017520
15 12 2089190
15 8 1844160
16 23 2089520
16 20 1754560
16 6 1979960
16 13 1630070
17 14 1961820
17 13 2177560
17 19 2161120
17 25 2623600
18 22 1351110
18 25 2483140
18 19 2020660
19 17 2161120
19 18 2020660
19 22 1006090
20 16 1754560
20 25 2279050
20 23 2292460
21 24 1975600
21 23 2255210
21 7 2426720
22 18 1351110
22 19 1006090
23 21 2255210
23 24 2347810
23 16 2089520
23 20 2292460
24 21 1975600
24 23 2347810
25 20 2279050
25 18 2483140
25 17 2623600
