0 4 1497790
0 2 1437050
1 2 2626280
1 5 2620190
1 3 2397690
2 1 2626280
2 0 1437050
2 4 2544200
3 4 2315610
3 1 2397690
3 5 2248780
4 0 1497790
4 3 2315610
4 2 2544200
4 11 2651320
5 1 2620190
5 3 2248780
5 7 3119520
5 6 2421040
6 8 1578370
6 7 3069280
6 5 2421040
6 11 2534250
6 16 2110540
7 6 3069280
7 21 2920640
7 5 3119520
8 6 1578370
8 10 1455740
8 15 1475060
9 12 1546520
9 10 1408140
10 15 2144860
10 8 1455740
10 11 2411620
10 9 1408140
11 4 2651320
11 6 2534250
11 10 2411620
12 9 1546520
12 14 2142290
12 13 2561430
12 15 2283240
13 12 2561430
13 15 2442370
13 17 3024530
13 16 2285420
14 17 2605390
14 12 2142290
15 10 2144860
15 13 2442370
15 12 2283240
15 8 1475060
16 23 2560860
16 20 1863330
16 6 2110540
16 13 2285420
17 14 2605390
17 13 3024530
17 19 2665270
17 25 3107260
18 22 1744040
18 25 2973960
18 19 2531970
19 17 2665270
19 18 2531970
19 22 1214110
20 16 1863330
20 25 2381200
20 23 2573910
21 24 2085400
21 23 2672480
21 7 2920640
22 18 1744040
22 19 1214110
23 21 2672480
23 24 2684360
23 16 2560860
23 20 2573910
24 21 2085400
24 23 2684360
25 20 2381200
25 18 2973960
25 17 3107260
