0 4 1248120
0 2 1122070
1 2 2248130
1 5 2300900
1 3 1970770
2 1 2248130
2 0 1122070
2 4 2119550
3 4 1842190
3 1 1970770
3 5 1768910
4 0 1248120
4 3 1842190
4 2 2119550
4 11 2210980
5 1 2300900
5 3 1768910
5 7 1947830
5 6 2145190
6 8 1559190
6 7 1993980
6 5 2145190
6 11 2183850
6 16 2444360
7 6 1993980
7 21 1756180
7 5 1947830
8 6 1559190
8 10 1505630
8 15 1585830
9 12 1774060
9 10 1369300
10 15 2164420
10 8 1505630
10 11 2130290
10 9 1369300
11 4 2210980
11 6 2183850
11 10 2130290
12 9 1774060
12 14 1931780
12 13 2721860
12 15 2569180
13 12 2721860
13 15 2397300
13 17 2422200
13 16 2623680
14 17 1632120
14 12 1931780
15 10 2164420
15 13 2397300
15 12 2569180
15 8 1585830
16 23 2715410
16 20 2436450
16 6 2444360
16 13 2623680
17 14 1632120
17 13 2422200
17 19 2045440
17 25 2341790
18 22 1597540
18 25 2706490
18 19 2410140
19 17 2045440
19 18 2410140
19 22 983860
20 16 2436450
20 25 2282340
20 23 2454480
21 24 1548160
21 23 2224590
21 7 1756180
22 18 1597540
22 19 983860
23 21 2224590
23 24 2057010
23 16 2715410
23 20 2454480
24 21 1548160
24 23 2057010
25 20 2282340
25 18 2706490
25 17 2341790
