0 4 1764500
0 2 2776480
1 2 4543610
1 5 3688250
1 3 3365910
2 1 4543610
2 0 2776480
2 4 4249780
3 4 3072080
3 1 3365910
3 5 3228700
4 0 1764500
4 3 3072080
4 2 4249780
4 11 3383300
5 1 3688250
5 3 3228700
5 7 4218650
5 6 3815420
6 8 3049620
6 7 4483030
6 5 3815420
6 11 3804300
6 16 3314340
7 6 4483030
7 21 4132080
7 5 4218650
8 6 3049620
8 10 2700970
8 15 2697810
9 12 2219250
9 10 2276650
10 15 3379340
10 8 2700970
10 11 3455650
10 9 2276650
11 4 3383300
11 6 3804300
11 10 3455650
12 9 2219250
12 14 2624910
12 13 3041450
12 15 3321940
13 12 3041450
13 15 3095690
13 17 3255840
13 16 2682040
14 17 2839300
14 12 2624910
15 10 3379340
15 13 3095690
15 12 3321940
15 8 2697810
16 23 3812610
16 20 3325400
16 6 3314340
16 13 2682040
17 14 2839300
17 13 3255840
17 19 3048380
17 25 4042390
18 22 2465910
18 25 4406080
18 19 3412070
19 17 3048380
19 18 3412070
19 22 1454120
20 16 3325400
20 25 4245110
20 23 4589130
21 24 3332940
21 23 4227120
21 7 4132080
22 18 2465910
22 19 1454120
23 21 4227120
23 24 4182160
23 16 3812610
23 20 4589130
24 21 3332940
24 23 4182160
25 20 4245110
25 18 4406080
25 17 4042390
