0 4 2151510
0 2 2868240
1 2 4753480
1 5 3960240
1 3 3406010
2 1 4753480
2 0 2868240
2 4 4722710
3 4 3375240
3 1 3406010
3 5 3298730
4 0 2151510
4 3 3375240
4 2 4722710
4 11 3972120
5 1 3960240
5 3 3298730
5 7 4458670
5 6 3589000
6 8 2364600
6 7 4194710
6 5 3589000
6 11 3631650
6 16 3201250
7 6 4194710
7 21 4076770
7 5 4458670
8 6 2364600
8 10 2365430
8 15 2201770
9 12 2093840
9 10 2158460
10 15 3163040
10 8 2365430
10 11 3632480
10 9 2158460
11 4 3972120
11 6 3631650
11 10 3632480
12 9 2093840
12 14 3143490
12 13 3369250
12 15 3098420
13 12 3369250
13 15 3270210
13 17 3923050
13 16 3309250
14 17 3697290
14 12 3143490
15 10 3163040
15 13 3270210
15 12 3098420
15 8 2201770
16 23 3776480
16 20 2977630
16 6 3201250
16 13 3309250
17 14 3697290
17 13 3923050
17 19 3576630
17 25 4309610
18 22 2878030
18 25 4718330
18 19 3985350
19 17 3576630
19 18 3985350
19 22 1740880
20 16 2977630
20 25 3595980
20 23 3676650
21 24 2632240
21 23 3782330
21 7 4076770
22 18 2878030
22 19 1740880
23 21 3782330
23 24 3325410
23 16 3776480
23 20 3676650
24 21 2632240
24 23 3325410
25 20 3595980
25 18 4718330
25 17 4309610
