0 4 981740
0 2 1242830
1 2 1932040
1 5 1704620
1 3 1456840
2 1 1932040
2 0 1242830
2 4 1848770
3 4 1373570
3 1 1456840
3 5 1407240
4 0 981740
4 3 1373570
4 2 1848770
4 11 1617530
5 1 1704620
5 3 1407240
5 7 1545960
5 6 1639140
6 8 1238430
6 7 1530080
6 5 1639140
6 11 1635320
6 16 1521580
7 6 1530080
7 21 1237190
7 5 1545960
8 6 1238430
8 10 1208170
8 15 1320020
9 12 1206560
9 10 1100770
10 15 1674590
10 8 1208170
10 11 1605060
10 9 1100770
11 4 1617530
11 6 1635320
11 10 1605060
12 9 1206560
12 14 1580740
12 13 1652350
12 15 1780380
13 12 1652350
13 15 1658410
13 17 1824230
13 16 1475140
14 17 1752620
14 12 1580740
15 10 1674590
15 13 1658410
15 12 1780380
15 8 1320020
16 23 1564370
16 20 1440130
16 6 1521580
16 13 1475140
17 14 1752620
17 13 1824230
17 19 1752670
17 25 1947610
18 22 1501840
18 25 2202080
18 19 2007140
19 17 1752670
19 18 2007140
19 22 881960
20 16 1440130
20 25 1618750
20 23 1584600
21 24 1087220
21 23 1373160
21 7 1237190
22 18 1501840
22 19 881960
23 21 1373160
23 24 1422900
23 16 1564370
23 20 1584600
24 21 1087220
24 23 1422900
25 20 1618750
25 18 2202080
25 17 1947610
