0 4 1650980
0 2 2550480
1 2 3742400
1 5 2764670
1 3 2431480
2 1 3742400
2 0 2550480
2 4 3713040
3 4 2402120
3 1 2431480
3 5 2323890
4 0 1650980
4 3 2402120
4 2 3713040
4 11 2951400
5 1 2764670
5 3 2323890
5 7 3051690
5 6 2847430
6 8 2120430
6 7 3242040
6 5 2847430
6 11 3063520
6 16 3272200
7 6 3242040
7 21 3075660
7 5 3051690
8 6 2120430
8 10 2228940
8 15 2120170
9 12 2240160
9 10 2171650
10 15 3146030
10 8 2228940
10 11 3172030
10 9 2171650
11 4 2951400
11 6 3063520
11 10 3172030
12 9 2240160
12 14 2500210
12 13 3235280
12 15 3214540
13 12 3235280
13 15 3058000
13 17 3004760
13 16 3292680
14 17 2269690
14 12 2500210
15 10 3146030
15 13 3058000
15 12 3214540
15 8 2120170
16 23 3942720
16 20 3235210
16 6 3272200
16 13 3292680
17 14 2269690
17 13 3004760
17 19 2735710
17 25 3495520
18 22 2816000
18 25 4657980
18 19 3898170
19 17 2735710
19 18 3898170
19 22 1458470
20 16 3235210
20 25 3512030
20 23 3671310
21 24 2725670
21 23 3541920
21 7 3075660
22 18 2816000
22 19 1458470
23 21 3541920
23 24 3562570
23 16 3942720
23 20 3671310
24 21 2725670
24 23 3562570
25 20 3512030
25 18 4657980
25 17 3495520
