0 4 1542170
0 2 1550500
1 2 2908630
1 5 2647880
1 3 2493700
2 1 2908630
2 0 1550500
2 4 2820190
3 4 2405260
3 1 2493700
3 5 2152840
4 0 1542170
4 3 2405260
4 2 2820190
4 11 2768500
5 1 2647880
5 3 2152840
5 7 2517590
5 6 2411960
6 8 1955810
6 7 2622530
6 5 2411960
6 11 2621020
6 16 2213960
7 6 2622530
7 21 2162980
7 5 2517590
8 6 1955810
8 10 1759010
8 15 1879340
9 12 1627450
9 10 1482350
10 15 2243630
10 8 1759010
10 11 2424220
10 9 1482350
11 4 2768500
11 6 2621020
11 10 2424220
12 9 1627450
12 14 1798380
12 13 2363960
12 15 2388730
13 12 2363960
13 15 2339190
13 17 2362910
13 16 2112720
14 17 1797330
14 12 1798380
15 10 2243630
15 13 2339190
15 12 2388730
15 8 1879340
16 23 2718710
16 20 2128070
16 6 2213960
16 13 2112720
17 14 1797330
17 13 2362910
17 19 2029150
17 25 2653860
18 22 1653840
18 25 2949900
18 19 2325190
19 17 2029150
19 18 2325190
19 22 975550
20 16 2128070
20 25 2620720
20 23 2935760
21 24 1855190
21 23 2562100
21 7 2162980
22 18 1653840
22 19 975550
23 21 2562100
23 24 2819490
23 16 2718710
23 20 2935760
24 21 1855190
24 23 2819490
25 20 2620720
25 18 2949900
25 17 2653860
