0 4 1247560
0 2 1764780
1 2 3009060
1 5 2565170
1 3 2337330
2 1 3009060
2 0 1764780
2 4 2789540
3 4 2117810
3 1 2337330
3 5 2191140
4 0 1247560
4 3 2117810
4 2 2789540
4 11 2259350
5 1 2565170
5 3 2191140
5 7 2422790
5 6 2262190
6 8 1572660
6 7 2266000
6 5 2262190
6 11 2175890
6 16 1890270
7 6 2266000
7 21 2276930
7 5 2422790
8 6 1572660
8 10 1537120
8 15 1614020
9 12 1490060
9 10 1451120
10 15 2111220
10 8 1537120
10 11 2140350
10 9 1451120
11 4 2259350
11 6 2175890
11 10 2140350
12 9 1490060
12 14 2054530
12 13 2223640
12 15 2150160
13 12 2223640
13 15 2261600
13 17 2853020
13 16 2005110
14 17 2683910
14 12 2054530
15 10 2111220
15 13 2261600
15 12 2150160
15 8 1614020
16 23 2255350
16 20 2304660
16 6 1890270
16 13 2005110
17 14 2683910
17 13 2853020
17 19 2915790
17 25 3617420
18 22 2262960
18 25 3917720
18 19 3216090
19 17 2915790
19 18 3216090
19 22 1507490
20 16 2304660
20 25 3399030
20 23 2884870
21 24 2074070
21 23 2481410
21 7 2276930
22 18 2262960
22 19 1507490
23 21 2481410
23 24 2428220
23 16 2255350
23 20 2884870
24 21 2074070
24 23 2428220
25 20 3399030
25 18 3917720
25 17 3617420
