0 4 2166890
0 2 2540390
1 2 4391210
1 5 3673630
1 3 3275830
2 1 4391210
2 0 2540390
2 4 4506520
3 4 3391140
3 1 3275830
3 5 3047060
4 0 2166890
4 3 3391140
4 2 4506520
4 11 4299170
5 1 3673630
5 3 3047060
5 7 3573000
5 6 3687220
6 8 3025370
6 7 3815360
6 5 3687220
6 11 4197450
6 16 3296280
7 6 3815360
7 21 3177970
7 5 3573000
8 6 3025370
8 10 3270680
8 15 3255730
9 12 3321260
9 10 3236760
10 15 4405250
10 8 3270680
10 11 4442760
10 9 3236760
11 4 4299170
11 6 4197450
11 10 4442760
12 9 3321260
12 14 3149780
12 13 4137370
12 15 4489750
13 12 4137370
13 15 4037920
13 17 3729670
13 16 3174260
14 17 2742080
14 12 3149780
15 10 4405250
15 13 4037920
15 12 4489750
15 8 3255730
16 23 2924590
16 20 2419110
16 6 3296280
16 13 3174260
17 14 2742080
17 13 3729670
17 19 3166040
17 25 3527560
18 22 2730610
18 25 4178520
18 19 3817000
19 17 3166040
19 18 3817000
19 22 1471890
20 16 2419110
20 25 2728280
20 23 2680720
21 24 2877250
21 23 2920500
21 7 3177970
22 18 2730610
22 19 1471890
23 21 2920500
23 24 3142950
23 16 2924590
23 20 2680720
24 21 2877250
24 23 3142950
25 20 2728280
25 18 4178520
25 17 3527560
