0 4 1599420
0 2 2070890
1 2 3655640
1 5 3376950
1 3 2947730
2 1 3655640
2 0 2070890
2 4 3364730
3 4 2656820
3 1 2947730
3 5 2849600
4 0 1599420
4 3 2656820
4 2 3364730
4 11 2977000
5 1 3376950
5 3 2849600
5 7 3223200
5 6 3073360
6 8 2074280
6 7 3017740
6 5 3073360
6 11 2964320
6 16 2556140
7 6 3017740
7 21 2642420
7 5 3223200
8 6 2074280
8 10 1924180
8 15 2064670
9 12 1930570
9 10 1713640
10 15 2708190
10 8 1924180
10 11 2814220
10 9 1713640
11 4 2977000
11 6 2964320
11 10 2814220
12 9 1930570
12 14 2214570
12 13 2703040
12 15 2925120
13 12 2703040
13 15 2626600
13 17 2827030
13 16 2324450
14 17 2338560
14 12 2214570
15 10 2708190
15 13 2626600
15 12 2925120
15 8 2064670
16 23 2799980
16 20 2866370
16 6 2556140
16 13 2324450
17 14 2338560
17 13 2827030
17 19 2919970
17 25 3697950
18 22 2572860
18 25 4477050
18 19 3699070
19 17 2919970
19 18 3699070
19 22 1464190
20 16 2866370
20 25 3817360
20 23 3421970
21 24 2122000
21 23 2736420
21 7 2642420
22 18 2572860
22 19 1464190
23 21 2736420
23 24 2741160
23 16 2799980
23 20 3421970
24 21 2122000
24 23 2741160
25 20 3817360
25 18 4477050
25 17 3697950
