0 4 627600
0 2 755350
1 2 1211450
1 5 1043970
1 3 875100
2 1 1211450
2 0 755350
2 4 1303170
3 4 966820
3 1 875100
3 5 927090
4 0 627600
4 3 966820
4 2 1303170
4 11 1198390
5 1 1043970
5 3 927090
5 7 1253460
5 6 1143510
6 8 856070
6 7 1301010
6 5 1143510
6 11 1206210
6 16 1085660
7 6 1301010
7 21 1063240
7 5 1253460
8 6 856070
8 10 801440
8 15 821840
9 12 766630
9 10 724540
10 15 1102200
10 8 801440
10 11 1151580
10 9 724540
11 4 1198390
11 6 1206210
11 10 1151580
12 9 766630
12 14 872790
12 13 1222980
12 15 1144290
13 12 1222980
13 15 1201290
13 17 1198240
13 16 1130120
14 17 848050
14 12 872790
15 10 1102200
15 13 1201290
15 12 1144290
15 8 821840
16 23 1092900
16 20 925210
16 6 1085660
16 13 1130120
17 14 848050
17 13 1198240
17 19 964210
17 25 1199230
18 22 943780
18 25 1476680
18 19 1241660
19 17 964210
19 18 1241660
19 22 514040
20 16 925210
20 25 1076060
20 23 1037850
21 24 769020
21 23 960530
21 7 1063240
22 18 943780
22 19 514040
23 21 960530
23 24 1014030
23 16 1092900
23 20 1037850
24 21 769020
24 23 1014030
25 20 1076060
25 18 1476680
25 17 1199230
