0 4 1032100
0 2 1178270
1 2 1730680
1 5 1474720
1 3 1182270
2 1 1730680
2 0 1178270
2 4 1939590
3 4 1391180
3 1 1182270
3 5 1281390
4 0 1032100
4 3 1391180
4 2 1939590
4 11 1853940
5 1 1474720
5 3 1281390
5 7 1767150
5 6 1634460
6 8 1264650
6 7 1827770
6 5 1634460
6 11 1804770
6 16 1485930
7 6 1827770
7 21 1785340
7 5 1767150
8 6 1264650
8 10 1269060
8 15 1191690
9 12 1217970
9 10 1077090
10 15 1626530
10 8 1269060
10 11 1809180
10 9 1077090
11 4 1853940
11 6 1804770
11 10 1809180
12 9 1217970
12 14 1745920
12 13 2009270
12 15 1767410
13 12 2009270
13 15 1791020
13 17 2325110
13 16 1654830
14 17 2061760
14 12 1745920
15 10 1626530
15 13 1791020
15 12 1767410
15 8 1191690
16 23 1648380
16 20 1452750
16 6 1485930
16 13 1654830
17 14 2061760
17 13 2325110
17 19 1916110
17 25 2867870
18 22 1435700
18 25 2884230
18 19 1932470
19 17 1916110
19 18 1932470
19 22 718110
20 16 1452750
20 25 2373560
20 23 1824350
21 24 1313720
21 23 1815100
21 7 1785340
22 18 1435700
22 19 718110
23 21 1815100
23 24 1518600
23 16 1648380
23 20 1824350
24 21 1313720
24 23 1518600
25 20 2373560
25 18 2884230
25 17 2867870
