0 4 1565790
0 2 1673700
1 2 3604530
1 5 3546950
1 3 3466710
2 1 3604530
2 0 1673700
2 4 3178090
3 4 3040270
3 1 3466710
3 5 3090600
4 0 1565790
4 3 3040270
4 2 3178090
4 11 3175440
5 1 3546950
5 3 3090600
5 7 2841580
5 6 2887160
6 8 1937090
6 7 2557900
6 5 2887160
6 11 2942090
6 16 2198230
7 6 2557900
7 21 2236750
7 5 2841580
8 6 1937090
8 10 2025940
8 15 2170010
9 12 1927570
9 10 1839220
10 15 2925250
10 8 2025940
10 11 3030940
10 9 1839220
11 4 3175440
11 6 2942090
11 10 3030940
12 9 1927570
12 14 2323320
12 13 2819270
12 15 3013600
13 12 2819270
13 15 2874990
13 17 3219850
13 16 2236820
14 17 2723900
14 12 2323320
15 10 2925250
15 13 2874990
15 12 3013600
15 8 2170010
16 23 2330460
16 20 2294130
16 6 2198230
16 13 2236820
17 14 2723900
17 13 3219850
17 19 2811940
17 25 3955500
18 22 1872640
18 25 3756710
18 19 2613150
19 17 2811940
19 18 2613150
19 22 1124330
20 16 2294130
20 25 3473620
20 23 2831610
21 24 1830820
21 23 2414560
21 7 2236750
22 18 1872640
22 19 1124330
23 21 2414560
23 24 2284200
23 16 2330460
23 20 2831610
24 21 1830820
24 23 2284200
25 20 3473620
25 18 3756710
25 17 3955500
