0 4 1891510
0 2 1876390
1 2 3046880
1 5 2860790
1 3 2434170
2 1 3046880
2 0 1876390
2 4 3235720
3 4 2623010
3 1 2434170
3 5 2421800
4 0 1891510
4 3 2623010
4 2 3235720
4 11 3142910
5 1 2860790
5 3 2421800
5 7 2878560
5 6 2741160
6 8 2142600
6 7 2771300
6 5 2741160
6 11 2834440
6 16 2480530
7 6 2771300
7 21 2195660
7 5 2878560
8 6 2142600
8 10 2155810
8 15 2103180
9 12 1607510
9 10 1781910
10 15 2607690
10 8 2155810
10 11 2847650
10 9 1781910
11 4 3142910
11 6 2834440
11 10 2847650
12 9 1607510
12 14 1787250
12 13 2357670
12 15 2433290
13 12 2357670
13 15 2479440
13 17 2533800
13 16 2365490
14 17 1963380
14 12 1787250
15 10 2607690
15 13 2479440
15 12 2433290
15 8 2103180
16 23 2491020
16 20 2528390
16 6 2480530
16 13 2365490
17 14 1963380
17 13 2533800
17 19 2228170
17 25 3011620
18 22 1981230
18 25 3367430
18 19 2583980
19 17 2228170
19 18 2583980
19 22 1189810
20 16 2528390
20 25 3044540
20 23 2692250
21 24 1874770
21 23 2068750
21 7 2195660
22 18 1981230
22 19 1189810
23 21 2068750
23 24 2460900
23 16 2491020
23 20 2692250
24 21 1874770
24 23 2460900
25 20 3044540
25 18 3367430
25 17 3011620
