0 4 1370640
0 2 1540840
1 2 2795290
1 5 2439160
1 3 2295830
2 1 2795290
2 0 1540840
2 4 2731300
3 4 2231840
3 1 2295830
3 5 2045910
4 0 1370640
4 3 2231840
4 2 2731300
4 11 2678000
5 1 2439160
5 3 2045910
5 7 2404750
5 6 2433960
6 8 2181070
6 7 2649470
6 5 2433960
6 11 2736790
6 16 2583950
7 6 2649470
7 21 2340910
7 5 2404750
8 6 2181070
8 10 2301710
8 15 2407530
9 12 1820960
9 10 1881500
10 15 3025780
10 8 2301710
10 11 2857430
10 9 1881500
11 4 2678000
11 6 2736790
11 10 2857430
12 9 1820960
12 14 2520260
12 13 2796890
12 15 2965240
13 12 2796890
13 15 2963250
13 17 3286180
13 16 2642060
14 17 3009550
14 12 2520260
15 10 3025780
15 13 2963250
15 12 2965240
15 8 2407530
16 23 3131980
16 20 3034370
16 6 2583950
16 13 2642060
17 14 3009550
17 13 3286180
17 19 3281880
17 25 4108880
18 22 2464790
18 25 4522540
18 19 3695540
19 17 3281880
19 18 3695540
19 22 1555550
20 16 3034370
20 25 4009910
20 23 3677130
21 24 1838510
21 23 2918150
21 7 2340910
22 18 2464790
22 19 1555550
23 21 2918150
23 24 2695100
23 16 3131980
23 20 3677130
24 21 1838510
24 23 2695100
25 20 4009910
25 18 4522540
25 17 4108880
