0 4 1760460
0 2 2507000
1 2 4215000
1 5 3434340
1 3 3191220
2 1 4215000
2 0 2507000
2 4 3969500
3 4 2945720
3 1 3191220
3 5 2911600
4 0 1760460
4 3 2945720
4 2 3969500
4 11 3119990
5 1 3434340
5 3 2911600
5 7 3191900
5 6 3048650
6 8 2087550
6 7 3085830
6 5 3048650
6 11 2979800
6 16 2566270
7 6 3085830
7 21 2691880
7 5 3191900
8 6 2087550
8 10 2023700
8 15 1920390
9 12 2027670
9 10 1882600
10 15 2711570
10 8 2023700
10 11 2915950
10 9 1882600
11 4 3119990
11 6 2979800
11 10 2915950
12 9 2027670
12 14 2239480
12 13 2779700
12 15 2856640
13 12 2779700
13 15 2531320
13 17 2554980
13 16 2322170
14 17 2014760
14 12 2239480
15 10 2711570
15 13 2531320
15 12 2856640
15 8 1920390
16 23 3056610
16 20 2220590
16 6 2566270
16 13 2322170
17 14 2014760
17 13 2554980
17 19 2504290
17 25 2666910
18 22 2339880
18 25 3405610
18 19 3242990
19 17 2504290
19 18 3242990
19 22 1449890
20 16 2220590
20 25 2464730
20 23 3087240
21 24 2195110
21 23 3038970
21 7 2691880
22 18 2339880
22 19 1449890
23 21 3038970
23 24 3079400
23 16 3056610
23 20 3087240
24 21 2195110
24 23 3079400
25 20 2464730
25 18 3405610
25 17 2666910
