0 4 1670850
0 2 2045410
1 2 3471240
1 5 2972570
1 3 2605570
2 1 3471240
2 0 2045410
2 4 3372320
3 4 2506650
3 1 2605570
3 5 2382540
4 0 1670850
4 3 2506650
4 2 3372320
4 11 2977580
5 1 2972570
5 3 2382540
5 7 2999370
5 6 3012730
6 8 2432230
6 7 3262560
6 5 3012730
6 11 3116660
6 16 2826800
7 6 3262560
7 21 2898480
7 5 2999370
8 6 2432230
8 10 2471610
8 15 2418180
9 12 1971030
9 10 2218370
10 15 3301250
10 8 2471610
10 11 3156040
10 9 2218370
11 4 2977580
11 6 3116660
11 10 3156040
12 9 1971030
12 14 2427020
12 13 2800260
12 15 3053910
13 12 2800260
13 15 2994170
13 17 3279840
13 16 2559100
14 17 2906600
14 12 2427020
15 10 3301250
15 13 2994170
15 12 3053910
15 8 2418180
16 23 3249010
16 20 2593390
16 6 2826800
16 13 2559100
17 14 2906600
17 13 3279840
17 19 3222320
17 25 3756960
18 22 2472730
18 25 4180240
18 19 3645600
19 17 3222320
19 18 3645600
19 22 1452610
20 16 2593390
20 25 3251930
20 23 3464720
21 24 2447320
21 23 3334050
21 7 2898480
22 18 2472730
22 19 1452610
23 21 3334050
23 24 3233610
23 16 3249010
23 20 3464720
24 21 2447320
24 23 3233610
25 20 3251930
25 18 4180240
25 17 3756960
