0 4 1819700
0 2 2113720
1 2 3903670
1 5 3691460
1 3 3295920
2 1 3903670
2 0 2113720
2 4 3532820
3 4 2925070
3 1 3295920
3 5 3006880
4 0 1819700
4 3 2925070
4 2 3532820
4 11 3328480
5 1 3691460
5 3 3006880
5 7 3373680
5 6 3490520
6 8 2557690
6 7 3461780
6 5 3490520
6 11 3498390
6 16 3370420
7 6 3461780
7 21 3058640
7 5 3373680
8 6 2557690
8 10 2630220
8 15 2753160
9 12 2492190
9 10 2382280
10 15 3846620
10 8 2630220
10 11 3570920
10 9 2382280
11 4 3328480
11 6 3498390
11 10 3570920
12 9 2492190
12 14 3038880
12 13 3919060
12 15 3956530
13 12 3919060
13 15 3932090
13 17 4354030
13 16 3528420
14 17 3473850
14 12 3038880
15 10 3846620
15 13 3932090
15 12 3956530
15 8 2753160
16 23 3668520
16 20 3256820
16 6 3370420
16 13 3528420
17 14 3473850
17 13 4354030
17 19 3918260
17 25 5358300
18 22 3067010
18 25 5737080
18 19 4297040
19 17 3918260
19 18 4297040
19 22 1793050
20 16 3256820
20 25 4627290
20 23 3763120
21 24 2549120
21 23 3473580
21 7 3058640
22 18 3067010
22 19 1793050
23 21 3473580
23 24 3250360
23 16 3668520
23 20 3763120
24 21 2549120
24 23 3250360
25 20 4627290
25 18 5737080
25 17 5358300
