0 4 1274560
0 2 1188860
1 2 2067280
1 5 1892390
1 3 1743070
2 1 2067280
2 0 1188860
2 4 2144260
3 4 1820050
3 1 1743070
3 5 1559460
4 0 1274560
4 3 1820050
4 2 2144260
4 11 2290730
5 1 1892390
5 3 1559460
5 7 1778400
5 6 1794330
6 8 1410960
6 7 1863950
6 5 1794330
6 11 2115690
6 16 1827690
7 6 1863950
7 21 1572150
7 5 1778400
8 6 1410960
8 10 1635460
8 15 1546700
9 12 1337800
9 10 1409020
10 15 2240120
10 8 1635460
10 11 2340190
10 9 1409020
11 4 2290730
11 6 2115690
11 10 2340190
12 9 1337800
12 14 1671120
12 13 2424660
12 15 2168900
13 12 2424660
13 15 2407120
13 17 2604960
13 16 2219190
14 17 1851420
14 12 1671120
15 10 2240120
15 13 2407120
15 12 2168900
15 8 1546700
16 23 1813750
16 20 1596440
16 6 1827690
16 13 2219190
17 14 1851420
17 13 2604960
17 19 1918220
17 25 2569610
18 22 1202380
18 25 2376900
18 19 1725510
19 17 1918220
19 18 1725510
19 22 766270
20 16 1596440
20 25 2004780
20 23 1634690
21 24 1276020
21 23 1574140
21 7 1572150
22 18 1202380
22 19 766270
23 21 1574140
23 24 1553880
23 16 1813750
23 20 1634690
24 21 1276020
24 23 1553880
25 20 2004780
25 18 2376900
25 17 2569610
