0 4 1563710
0 2 1737530
1 2 3368090
1 5 3230580
1 3 2949890
2 1 3368090
2 0 1737530
2 4 3124400
3 4 2706200
3 1 2949890
3 5 2742510
4 0 1563710
4 3 2706200
4 2 3124400
4 11 3194190
5 1 3230580
5 3 2742510
5 7 3031230
5 6 2854440
6 8 2080630
6 7 2862470
6 5 2854440
6 11 3061740
6 16 2206560
7 6 2862470
7 21 2806790
7 5 3031230
8 6 2080630
8 10 2146050
8 15 2122910
9 12 1546070
9 10 1857480
10 15 2793380
10 8 2146050
10 11 3127160
10 9 1857480
11 4 3194190
11 6 3061740
11 10 3127160
12 9 1546070
12 14 1506130
12 13 2160320
12 15 2481970
13 12 2160320
13 15 2448590
13 17 1987830
13 16 1927190
14 17 1333640
14 12 1506130
15 10 2793380
15 13 2448590
15 12 2481970
15 8 2122910
16 23 2132790
16 20 1902900
16 6 2206560
16 13 1927190
17 14 1333640
17 13 1987830
17 19 1660950
17 25 2106110
18 22 1316650
18 25 2225640
18 19 1780480
19 17 1660950
19 18 1780480
19 22 1009350
20 16 1902900
20 25 2220930
20 23 2308250
21 24 2249350
21 23 2556230
21 7 2806790
22 18 1316650
22 19 1009350
23 21 2556230
23 24 2231260
23 16 2132790
23 20 2308250
24 21 2249350
24 23 2231260
25 20 2220930
25 18 2225640
25 17 2106110
