0 4 1790330
0 2 2491230
1 2 3621210
1 5 3065880
1 3 2364630
2 1 3621210
2 0 2491230
2 4 3733920
3 4 2477340
3 1 2364630
3 5 2622910
4 0 1790330
4 3 2477340
4 2 3733920
4 11 3156710
5 1 3065880
5 3 2622910
5 7 2931880
5 6 3053890
6 8 1996850
6 7 2661610
6 5 3053890
6 11 3032010
6 16 3092460
7 6 2661610
7 21 2223380
7 5 2931880
8 6 1996850
8 10 2199730
8 15 2083200
9 12 2286020
9 10 2098690
10 15 3072850
10 8 2199730
10 11 3234890
10 9 2098690
11 4 3156710
11 6 3032010
11 10 3234890
12 9 2286020
12 14 2946360
12 13 3593940
12 15 3260180
13 12 3593940
13 15 3290080
13 17 3968500
13 16 3512570
14 17 3320920
14 12 2946360
15 10 3072850
15 13 3290080
15 12 3260180
15 8 2083200
16 23 3792000
16 20 3335070
16 6 3092460
16 13 3512570
17 14 3320920
17 13 3968500
17 19 3701940
17 25 4455750
18 22 3181410
18 25 5199220
18 19 4445410
19 17 3701940
19 18 4445410
19 22 1826720
20 16 3335070
20 25 3933590
20 23 3725770
21 24 1904190
21 23 3044930
21 7 2223380
22 18 3181410
22 19 1826720
23 21 3044930
23 24 3041960
23 16 3792000
23 20 3725770
24 21 1904190
24 23 3041960
25 20 3933590
25 18 5199220
25 17 4455750
