0 4 825140
0 2 1021060
1 2 1706050
1 5 1269980
1 3 1182980
2 1 1706050
2 0 1021060
2 4 1808520
3 4 1285450
3 1 1182980
3 5 1045300
4 0 825140
4 3 1285450
4 2 1808520
4 11 1596920
5 1 1269980
5 3 1045300
5 7 1178560
5 6 1188860
6 8 895940
6 7 1235120
6 5 1188860
6 11 1413330
6 16 1058770
7 6 1235120
7 21 1119910
7 5 1178560
8 6 895940
8 10 1058520
8 15 971850
9 12 921060
9 10 1097590
10 15 1483910
10 8 1058520
10 11 1575910
10 9 1097590
11 4 1596920
11 6 1413330
11 10 1575910
12 9 921060
12 14 986730
12 13 1105650
12 15 1307380
13 12 1105650
13 15 1195510
13 17 1175030
13 16 932950
14 17 1056110
14 12 986730
15 10 1483910
15 13 1195510
15 12 1307380
15 8 971850
16 23 1307130
16 20 935420
16 6 1058770
16 13 932950
17 14 1056110
17 13 1175030
17 19 1094170
17 25 1324070
18 22 691280
18 25 1240530
18 19 1010630
19 17 1094170
19 18 1010630
19 22 512710
20 16 935420
20 25 1145290
20 23 1370430
21 24 1163450
21 23 1378570
21 7 1119910
22 18 691280
22 19 512710
23 21 1378570
23 24 1527020
23 16 1307130
23 20 1370430
24 21 1163450
24 23 1527020
25 20 1145290
25 18 1240530
25 17 1324070
