0 4 1195760
0 2 1411850
1 2 2534680
1 5 2338420
1 3 2019530
2 1 2534680
2 0 1411850
2 4 2391250
3 4 1876100
3 1 2019530
3 5 1895930
4 0 1195760
4 3 1876100
4 2 2391250
4 11 2296360
5 1 2338420
5 3 1895930
5 7 2480480
5 6 2177100
6 8 1622900
6 7 2442760
6 5 2177100
6 11 2278470
6 16 2010150
7 6 2442760
7 21 2163100
7 5 2480480
8 6 1622900
8 10 1627340
8 15 1621000
9 12 1664730
9 10 1519800
10 15 2141920
10 8 1627340
10 11 2282910
10 9 1519800
11 4 2296360
11 6 2278470
11 10 2282910
12 9 1664730
12 14 2025520
12 13 2276400
12 15 2286850
13 12 2276400
13 15 2125130
13 17 2345870
13 16 1997800
14 17 2094990
14 12 2025520
15 10 2141920
15 13 2125130
15 12 2286850
15 8 1621000
16 23 1942320
16 20 1698640
16 6 2010150
16 13 1997800
17 14 2094990
17 13 2345870
17 19 2201530
17 25 2591840
18 22 1593100
18 25 2811280
18 19 2420970
19 17 2201530
19 18 2420970
19 22 998130
20 16 1698640
20 25 2061490
20 23 1760040
21 24 1175050
21 23 1791890
21 7 2163100
22 18 1593100
22 19 998130
23 21 1791890
23 24 1386880
23 16 1942320
23 20 1760040
24 21 1175050
24 23 1386880
25 20 2061490
25 18 2811280
25 17 2591840
