0 4 1069730
0 2 1107930
1 2 1871980
1 5 1651850
1 3 1517550
2 1 1871980
2 0 1107930
2 4 1961700
3 4 1607270
3 1 1517550
3 5 1425340
4 0 1069730
4 3 1607270
4 2 1961700
4 11 1932820
5 1 1651850
5 3 1425340
5 7 1613600
5 6 1587510
6 8 1213030
6 7 1641470
6 5 1587510
6 11 1778760
6 16 1351030
7 6 1641470
7 21 1392910
7 5 1613600
8 6 1213030
8 10 1289880
8 15 1204710
9 12 1294150
9 10 1211880
10 15 1683910
10 8 1289880
10 11 1855610
10 9 1211880
11 4 1932820
11 6 1778760
11 10 1855610
12 9 1294150
12 14 1373280
12 13 1733110
12 15 1766180
13 12 1733110
13 15 1565670
13 17 1763190
13 16 1309640
14 17 1403360
14 12 1373280
15 10 1683910
15 13 1565670
15 12 1766180
15 8 1204710
16 23 1476440
16 20 1277020
16 6 1351030
16 13 1309640
17 14 1403360
17 13 1763190
17 19 1605090
17 25 2095660
18 22 1390870
18 25 2355870
18 19 1865300
19 17 1605090
19 18 1865300
19 22 741970
20 16 1277020
20 25 1832450
20 23 1666780
21 24 1128630
21 23 1492230
21 7 1392910
22 18 1390870
22 19 741970
23 21 1492230
23 24 1502600
23 16 1476440
23 20 1666780
24 21 1128630
24 23 1502600
25 20 1832450
25 18 2355870
25 17 2095660
