0 4 1059690
0 2 1745560
1 2 2566380
1 5 1936390
1 3 1735710
2 1 2566380
2 0 1745560
2 4 2323970
3 4 1493300
3 1 1735710
3 5 1549180
4 0 1059690
4 3 1493300
4 2 2323970
4 11 1678150
5 1 1936390
5 3 1549180
5 7 1666090
5 6 1834050
6 8 1505730
6 7 1750280
6 5 1834050
6 11 1818220
6 16 1737700
7 6 1750280
7 21 1595000
7 5 1666090
8 6 1505730
8 10 1427530
8 15 1465400
9 12 1480840
9 10 1298190
10 15 1799710
10 8 1427530
10 11 1740020
10 9 1298190
11 4 1678150
11 6 1818220
11 10 1740020
12 9 1480840
12 14 1826330
12 13 1955410
12 15 1982360
13 12 1955410
13 15 1810630
13 17 2193820
13 16 1670420
14 17 2064740
14 12 1826330
15 10 1799710
15 13 1810630
15 12 1982360
15 8 1465400
16 23 1990420
16 20 1739940
16 6 1737700
16 13 1670420
17 14 2064740
17 13 2193820
17 19 2352620
17 25 2720980
18 22 2181910
18 25 3498910
18 19 3130550
19 17 2352620
19 18 3130550
19 22 1152640
20 16 1739940
20 25 2380360
20 23 2173200
21 24 1601600
21 23 2015680
21 7 1595000
22 18 2181910
22 19 1152640
23 21 2015680
23 24 2009600
23 16 1990420
23 20 2173200
24 21 1601600
24 23 2009600
25 20 2380360
25 18 3498910
25 17 2720980
