0 4 2016440
0 2 2359030
1 2 3879450
1 5 3395410
1 3 3020180
2 1 3879450
2 0 2359030
2 4 3790090
3 4 2930820
3 1 3020180
3 5 2789370
4 0 2016440
4 3 2930820
4 2 3790090
4 11 3405420
5 1 3395410
5 3 2789370
5 7 3609040
5 6 3690290
6 8 3121740
6 7 4134730
6 5 3690290
6 11 3789660
6 16 3543050
7 6 4134730
7 21 3580350
7 5 3609040
8 6 3121740
8 10 2621560
8 15 2669130
9 12 2032020
9 10 2176900
10 15 3263190
10 8 2621560
10 11 3289480
10 9 2176900
11 4 3405420
11 6 3789660
11 10 3289480
12 9 2032020
12 14 2135440
12 13 2692990
12 15 3118310
13 12 2692990
13 15 2885440
13 17 2408590
13 16 2665120
14 17 1851040
14 12 2135440
15 10 3263190
15 13 2885440
15 12 3118310
15 8 2669130
16 23 3403350
16 20 2767750
16 6 3543050
16 13 2665120
17 14 1851040
17 13 2408590
17 19 1820180
17 25 2827160
18 22 1265010
18 25 2834950
18 19 1827970
19 17 1820180
19 18 1827970
19 22 720340
20 16 2767750
20 25 2981320
20 23 3300980
21 24 2864320
21 23 3521900
21 7 3580350
22 18 1265010
22 19 720340
23 21 3521900
23 24 3279000
23 16 3403350
23 20 3300980
24 21 2864320
24 23 3279000
25 20 2981320
25 18 2834950
25 17 2827160
