0 4 1327870
0 2 1630840
1 2 2920160
1 5 2812070
1 3 2327300
2 1 2920160
2 0 1630840
2 4 2852050
3 4 2259190
3 1 2327300
3 5 2454070
4 0 1327870
4 3 2259190
4 2 2852050
4 11 2669430
5 1 2812070
5 3 2454070
5 7 3271590
5 6 2679170
6 8 1606440
6 7 3011920
6 5 2679170
6 11 2604640
6 16 2079180
7 6 3011920
7 21 2444860
7 5 3271590
8 6 1606440
8 10 1459600
8 15 1571350
9 12 1404170
9 10 1451230
10 15 2237570
10 8 1459600
10 11 2457800
10 9 1451230
11 4 2669430
11 6 2604640
11 10 2457800
12 9 1404170
12 14 1876940
12 13 2065110
12 15 2190510
13 12 2065110
13 15 2223920
13 17 2492310
13 16 1918690
14 17 2304140
14 12 1876940
15 10 2237570
15 13 2223920
15 12 2190510
15 8 1571350
16 23 2238490
16 20 1786510
16 6 2079180
16 13 1918690
17 14 2304140
17 13 2492310
17 19 2337270
17 25 2792210
18 22 1651160
18 25 2861380
18 19 2406440
19 17 2337270
19 18 2406440
19 22 1033160
20 16 1786510
20 25 2266240
20 23 2286140
21 24 1678550
21 23 2011750
21 7 2444860
22 18 1651160
22 19 1033160
23 21 2011750
23 24 2404920
23 16 2238490
23 20 2286140
24 21 1678550
24 23 2404920
25 20 2266240
25 18 2861380
25 17 2792210
