0 4 1807990
0 2 1690520
1 2 3546350
1 5 3537670
1 3 3303330
2 1 3546350
2 0 1690520
2 4 3260450
3 4 3017430
3 1 3303330
3 5 2891280
4 0 1807990
4 3 3017430
4 2 3260450
4 11 3520960
5 1 3537670
5 3 2891280
5 7 3121300
5 6 3379400
6 8 2615410
6 7 3375080
6 5 3379400
6 11 3648590
6 16 3128040
7 6 3375080
7 21 2541370
7 5 3121300
8 6 2615410
8 10 2462250
8 15 2923550
9 12 2698410
9 10 2281220
10 15 3788160
10 8 2462250
10 11 3495430
10 9 2281220
11 4 3520960
11 6 3648590
11 10 3495430
12 9 2698410
12 14 2861580
12 13 3405850
12 15 4205350
13 12 3405850
13 15 3449960
13 17 2965590
13 16 2636680
14 17 2421320
14 12 2861580
15 10 3788160
15 13 3449960
15 12 4205350
15 8 2923550
16 23 2894940
16 20 2745110
16 6 3128040
16 13 2636680
17 14 2421320
17 13 2965590
17 19 2627420
17 25 3404720
18 22 1545590
18 25 3191350
18 19 2414050
19 17 2627420
19 18 2414050
19 22 1105660
20 16 2745110
20 25 3198020
20 23 3017150
21 24 1670650
21 23 2566370
21 7 2541370
22 18 1545590
22 19 1105660
23 21 2566370
23 24 2271260
23 16 2894940
23 20 3017150
24 21 1670650
24 23 2271260
25 20 3198020
25 18 3191350
25 17 3404720
