0 4 1679060
0 2 1411640
1 2 2805770
1 5 2867160
1 3 2505400
2 1 2805770
2 0 1411640
2 4 2786460
3 4 2486090
3 1 2505400
3 5 2280060
4 0 1679060
4 3 2486090
4 2 2786460
4 11 3080470
5 1 2867160
5 3 2280060
5 7 2697300
5 6 2636280
6 8 1983640
6 7 2691760
6 5 2636280
6 11 2868900
6 16 1854980
7 6 2691760
7 21 2101190
7 5 2697300
8 6 1983640
8 10 2027110
8 15 2069670
9 12 1531740
9 10 1800770
10 15 2760240
10 8 2027110
10 11 2912370
10 9 1800770
11 4 3080470
11 6 2868900
11 10 2912370
12 9 1531740
12 14 1745010
12 13 2142560
12 15 2491210
13 12 2142560
13 15 2454150
13 17 2356490
13 16 1592360
14 17 1958940
14 12 1745010
15 10 2760240
15 13 2454150
15 12 2491210
15 8 2069670
16 23 1816170
16 20 1463150
16 6 1854980
16 13 1592360
17 14 1958940
17 13 2356490
17 19 2151290
17 25 2510180
18 22 1360760
18 25 2408420
18 19 2049530
19 17 2151290
19 18 2049530
19 22 1006330
20 16 1463150
20 25 2129980
20 23 2200100
21 24 1285810
21 23 2001360
21 7 2101190
22 18 1360760
22 19 1006330
23 21 2001360
23 24 1837570
23 16 1816170
23 20 2200100
24 21 1285810
24 23 1837570
25 20 2129980
25 18 2408420
25 17 2510180
