0 4 1263640
0 2 1291350
1 2 2330650
1 5 2439300
1 3 2158260
2 1 2330650
2 0 1291350
2 4 2121650
3 4 1949260
3 1 2158260
3 5 2085620
4 0 1263640
4 3 1949260
4 2 2121650
4 11 2150270
5 1 2439300
5 3 2085620
5 7 2071280
5 6 2127390
6 8 1585350
6 7 1832010
6 5 2127390
6 11 2047360
6 16 1675760
7 6 1832010
7 21 1669100
7 5 2071280
8 6 1585350
8 10 1589500
8 15 1728030
9 12 1853440
9 10 1295650
10 15 2034950
10 8 1589500
10 11 2051510
10 9 1295650
11 4 2150270
11 6 2047360
11 10 2051510
12 9 1853440
12 14 2154780
12 13 2516220
12 15 2592740
13 12 2516220
13 15 2096960
13 17 2203680
13 16 1741920
14 17 1842240
14 12 2154780
15 10 2034950
15 13 2096960
15 12 2592740
15 8 1728030
16 23 1932250
16 20 1635850
16 6 1675760
16 13 1741920
17 14 1842240
17 13 2203680
17 19 2158560
17 25 2164460
18 22 1568450
18 25 2432900
18 19 2427000
19 17 2158560
19 18 2427000
19 22 1071650
20 16 1635850
20 25 1875150
20 23 2104700
21 24 1514540
21 23 1981700
21 7 1669100
22 18 1568450
22 19 1071650
23 21 1981700
23 24 1933940
23 16 1932250
23 20 2104700
24 21 1514540
24 23 1933940
25 20 1875150
25 18 2432900
25 17 2164460
