0 4 651290
0 2 565790
1 2 1160670
1 5 1074240
1 3 1040810
2 1 1160670
2 0 565790
2 4 1197940
3 4 1078080
3 1 1040810
3 5 906150
4 0 651290
4 3 1078080
4 2 1197940
4 11 1257960
5 1 1074240
5 3 906150
5 7 1507440
5 6 1219490
6 8 1207780
6 7 1787350
6 5 1219490
6 11 1365940
6 16 1334830
7 6 1787350
7 21 1600480
7 5 1507440
8 6 1207780
8 10 926130
8 15 1058750
9 12 859970
9 10 627880
10 15 1068720
10 8 926130
10 11 1084290
10 9 627880
11 4 1257960
11 6 1365940
11 10 1084290
12 9 859970
12 14 1036410
12 13 1398490
12 15 1300810
13 12 1398490
13 15 1299020
13 17 1355830
13 16 1283480
14 17 993750
14 12 1036410
15 10 1068720
15 13 1299020
15 12 1300810
15 8 1058750
16 23 1459260
16 20 1005320
16 6 1334830
16 13 1283480
17 14 993750
17 13 1355830
17 19 1102900
17 25 1206170
18 22 691060
18 25 1141440
18 19 1038170
19 17 1102900
19 18 1038170
19 22 543730
20 16 1005320
20 25 968880
20 23 1294320
21 24 996940
21 23 1436960
21 7 1600480
22 18 691060
22 19 543730
23 21 1436960
23 24 1308240
23 16 1459260
23 20 1294320
24 21 996940
24 23 1308240
25 20 968880
25 18 1141440
25 17 1206170
