0 4 1478100
0 2 2224510
1 2 3353380
1 5 2559420
1 3 2089190
2 1 3353380
2 0 2224510
2 4 3428610
3 4 2164420
3 1 2089190
3 5 2116870
4 0 1478100
4 3 2164420
4 2 3428610
4 11 2792130
5 1 2559420
5 3 2116870
5 7 3900120
5 6 3020150
6 8 2665480
6 7 4333170
6 5 3020150
6 11 3177630
6 16 3199080
7 6 4333170
7 21 4203130
7 5 3900120
8 6 2665480
8 10 2487050
8 15 2695380
9 12 2303530
9 10 2157270
10 15 3304670
10 8 2487050
10 11 2999200
10 9 2157270
11 4 2792130
11 6 3177630
11 10 2999200
12 9 2303530
12 14 2592020
12 13 3396670
12 15 3450930
13 12 3396670
13 15 3458740
13 17 3637020
13 16 3174720
14 17 2832370
14 12 2592020
15 10 3304670
15 13 3458740
15 12 3450930
15 8 2695380
16 23 3766310
16 20 3613550
16 6 3199080
16 13 3174720
17 14 2832370
17 13 3637020
17 19 3378070
17 25 4090580
18 22 2869630
18 25 4588410
18 19 3875900
19 17 3378070
19 18 3875900
19 22 1880310
20 16 3613550
20 25 4296870
20 23 4434900
21 24 2674830
21 23 3890390
21 7 4203130
22 18 2869630
22 19 1880310
23 21 3890390
23 24 3372100
23 16 3766310
23 20 4434900
24 21 2674830
24 23 3372100
25 20 4296870
25 18 4588410
25 17 4090580
