0 4 718390
0 2 672360
1 2 1231970
1 5 1381480
1 3 1176930
2 1 1231970
2 0 672360
2 4 1174290
3 4 1119250
3 1 1176930
3 5 1222730
4 0 718390
4 3 1119250
4 2 1174290
4 11 1211780
5 1 1381480
5 3 1222730
5 7 1510740
5 6 1291780
6 8 844840
6 7 1375240
6 5 1291780
6 11 1179760
6 16 1128220
7 6 1375240
7 21 1425010
7 5 1510740
8 6 844840
8 10 844800
8 15 773670
9 12 983450
9 10 800770
10 15 1085070
10 8 844800
10 11 1179720
10 9 800770
11 4 1211780
11 6 1179760
11 10 1179720
12 9 983450
12 14 1203600
12 13 1448510
12 15 1267750
13 12 1448510
13 15 1194700
13 17 1438220
13 16 1237810
14 17 1193310
14 12 1203600
15 10 1085070
15 13 1194700
15 12 1267750
15 8 773670
16 23 1348820
16 20 1102630
16 6 1128220
16 13 1237810
17 14 1193310
17 13 1438220
17 19 1222580
17 25 1643990
18 22 924690
18 25 1735400
18 19 1313990
19 17 1222580
19 18 1313990
19 22 554880
20 16 1102630
20 25 1446050
20 23 1351290
21 24 1309810
21 23 1426650
21 7 1425010
22 18 924690
22 19 554880
23 21 1426650
23 24 1480640
23 16 1348820
23 20 1351290
24 21 1309810
24 23 1480640
25 20 1446050
25 18 1735400
25 17 1643990
