0 4 1727280
0 2 2535200
1 2 4014200
1 5 3106530
1 3 2889260
2 1 4014200
2 0 2535200
2 4 3773460
3 4 2648520
3 1 2889260
3 5 2548770
4 0 1727280
4 3 2648520
4 2 3773460
4 11 2974150
5 1 3106530
5 3 2548770
5 7 2447950
5 6 2760500
6 8 2247220
6 7 2442410
6 5 2760500
6 11 2868860
6 16 2616860
7 6 2442410
7 21 1791730
7 5 2447950
8 6 2247220
8 10 2455780
8 15 2336570
9 12 1992170
9 10 2071510
10 15 3052870
10 8 2455780
10 11 3077420
10 9 2071510
11 4 2974150
11 6 2868860
11 10 3077420
12 9 1992170
12 14 2606970
12 13 3130420
12 15 2973530
13 12 3130420
13 15 3090550
13 17 3681640
13 16 2863100
14 17 3158190
14 12 2606970
15 10 3052870
15 13 3090550
15 12 2973530
15 8 2336570
16 23 3416710
16 20 2972610
16 6 2616860
16 13 2863100
17 14 3158190
17 13 3681640
17 19 3154850
17 25 4574820
18 22 2111520
18 25 4390190
18 19 2970220
19 17 3154850
19 18 2970220
19 22 1335160
20 16 2972610
20 25 4250130
20 23 3910560
21 24 1772900
21 23 2904130
21 7 1791730
22 18 2111520
22 19 1335160
23 21 2904130
23 24 3223430
23 16 3416710
23 20 3910560
24 21 1772900
24 23 3223430
25 20 4250130
25 18 4390190
25 17 4574820
