0 4 286900
0 2 40830
1 2 2012040
1 5 3278250
1 3 608320
2 1 2012040
2 0 40830
2 4 2396810
3 4 828190
3 1 608320
3 5 207500
4 0 286900
4 3 828190
4 2 2396810
4 11 3771390
5 1 3278250
5 3 207500
5 7 1711400
5 6 2071660
6 8 942910
6 7 871730
6 5 2071660
6 11 261730
6 16 1811340
7 6 871730
7 21 2647500
7 5 1711400
8 6 942910
8 10 147540
8 15 958890
9 12 263220
9 10 103110
10 15 3908410
10 8 147540
10 11 3830860
10 9 103110
11 4 3771390
11 6 261730
11 10 3830860
12 9 263220
12 14 922510
12 13 536270
12 15 1647350
13 12 536270
13 15 3408460
13 17 3193070
13 16 1335600
14 17 752230
14 12 922510
15 10 3908410
15 13 3408460
15 12 1647350
15 8 958890
16 23 1834080
16 20 1251730
16 6 1811340
16 13 1335600
17 14 752230
17 13 3193070
17 19 316360
17 25 3141550
18 22 196110
18 25 5238100
18 19 264330
19 17 316360
19 18 264330
19 22 119200
20 16 1251730
20 25 4234060
20 23 3216940
21 24 1034270
21 23 1849040
21 7 2647500
22 18 196110
22 19 119200
23 21 1849040
23 24 1388850
23 16 1834080
23 20 3216940
24 21 1034270
24 23 1388850
25 20 4234060
25 18 5238100
25 17 3141550
