0 4 327100
0 2 243940
1 2 2877580
1 5 3853650
1 3 601390
2 1 2877580
2 0 243940
2 4 3894860
3 4 798720
3 1 601390
3 5 157900
4 0 327100
4 3 798720
4 2 3894860
4 11 5286930
5 1 3853650
5 3 157900
5 7 1961710
5 6 2339420
6 8 1310600
6 7 1595340
6 5 2339420
6 11 495950
6 16 1971760
7 6 1595340
7 21 2671630
7 5 1961710
8 6 1310600
8 10 403400
8 15 1299120
9 12 350710
9 10 544700
10 15 4523620
10 8 403400
10 11 5092830
10 9 544700
11 4 5286930
11 6 495950
11 10 5092830
12 9 350710
12 14 704750
12 13 1087480
12 15 2477850
13 12 1087480
13 15 3684790
13 17 3483650
13 16 2101710
14 17 663060
14 12 704750
15 10 4523620
15 13 3684790
15 12 2477850
15 8 1299120
16 23 3132610
16 20 1019920
16 6 1971760
16 13 2101710
17 14 663060
17 13 3483650
17 19 560430
17 25 3031050
18 22 327060
18 25 4677180
18 19 214890
19 17 560430
19 18 214890
19 22 349870
20 16 1019920
20 25 2990070
20 23 2149320
21 24 1852460
21 23 733660
21 7 2671630
22 18 327060
22 19 349870
23 21 733660
23 24 1983730
23 16 3132610
23 20 2149320
24 21 1852460
24 23 1983730
25 20 2990070
25 18 4677180
25 17 3031050
