0 4 207060
0 2 113270
1 2 1065610
1 5 1557620
1 3 218690
2 1 1065610
2 0 113270
2 4 1021300
3 4 187220
3 1 218690
3 5 30780
4 0 207060
4 3 187220
4 2 1021300
4 11 1421450
5 1 1557620
5 3 30780
5 7 693560
5 6 894950
6 8 264170
6 7 378420
6 5 894950
6 11 138230
6 16 879340
7 6 378420
7 21 1249820
7 5 693560
8 6 264170
8 10 98250
8 15 221050
9 12 100460
9 10 25050
10 15 1239260
10 8 98250
10 11 1265310
10 9 25050
11 4 1421450
11 6 138230
11 10 1265310
12 9 100460
12 14 300490
12 13 194710
12 15 554620
13 12 194710
13 15 946460
13 17 924970
13 16 456960
14 17 325950
14 12 300490
15 10 1239260
15 13 946460
15 12 554620
15 8 221050
16 23 974320
16 20 504250
16 6 879340
16 13 456960
17 14 325950
17 13 924970
17 19 222160
17 25 780860
18 22 97590
18 25 1526150
18 19 44540
19 17 222160
19 18 44540
19 22 215030
20 16 504250
20 25 1688980
20 23 1222330
21 24 410030
21 23 809600
21 7 1249820
22 18 97590
22 19 215030
23 21 809600
23 24 655930
23 16 974320
23 20 1222330
24 21 410030
24 23 655930
25 20 1688980
25 18 1526150
25 17 780860
