0 4 419540
0 2 229270
1 2 2740530
1 5 3815520
1 3 436290
2 1 2740530
2 0 229270
2 4 2580540
3 4 574280
3 1 436290
3 5 159010
4 0 419540
4 3 574280
4 2 2580540
4 11 3583750
5 1 3815520
5 3 159010
5 7 1578480
5 6 2828570
6 8 1424730
6 7 1824690
6 5 2828570
6 11 516310
6 16 2795640
7 6 1824690
7 21 3867640
7 5 1578480
8 6 1424730
8 10 218220
8 15 1284890
9 12 137860
9 10 144300
10 15 3606950
10 8 218220
10 11 3512070
10 9 144300
11 4 3583750
11 6 516310
11 10 3512070
12 9 137860
12 14 635530
12 13 611860
12 15 2326760
13 12 611860
13 15 2816850
13 17 2465070
13 16 1444500
14 17 858850
14 12 635530
15 10 3606950
15 13 2816850
15 12 2326760
15 8 1284890
16 23 2267960
16 20 1897180
16 6 2795640
16 13 1444500
17 14 858850
17 13 2465070
17 19 455220
17 25 2505590
18 22 161980
18 25 5139260
18 19 171860
19 17 455220
19 18 171860
19 22 353180
20 16 1897180
20 25 5449960
20 23 3640860
21 24 1553890
21 23 2452640
21 7 3867640
22 18 161980
22 19 353180
23 21 2452640
23 24 1336820
23 16 2267960
23 20 3640860
24 21 1553890
24 23 1336820
25 20 5449960
25 18 5139260
25 17 2505590
