0 4 123810
0 2 32190
1 2 1029150
1 5 1695820
1 3 217050
2 1 1029150
2 0 32190
2 4 1158640
3 4 310270
3 1 217050
3 5 98850
4 0 123810
4 3 310270
4 2 1158640
4 11 1585600
5 1 1695820
5 3 98850
5 7 767520
5 6 1118440
6 8 368440
6 7 456000
6 5 1118440
6 11 128740
6 16 1095330
7 6 456000
7 21 1049800
7 5 767520
8 6 368440
8 10 141420
8 15 375090
9 12 67510
9 10 47510
10 15 1499440
10 8 141420
10 11 1434240
10 9 47510
11 4 1585600
11 6 128740
11 10 1434240
12 9 67510
12 14 177340
12 13 166360
12 15 528500
13 12 166360
13 15 1376180
13 17 1251200
13 16 725810
14 17 420710
14 12 177340
15 10 1499440
15 13 1376180
15 12 528500
15 8 375090
16 23 1114070
16 20 631330
16 6 1095330
16 13 725810
17 14 420710
17 13 1251200
17 19 255060
17 25 1060730
18 22 57640
18 25 1728680
18 19 140480
19 17 255060
19 18 140480
19 22 215120
20 16 631330
20 25 1492480
20 23 1009250
21 24 455300
21 23 568610
21 7 1049800
22 18 57640
22 19 215120
23 21 568610
23 24 1005220
23 16 1114070
23 20 1009250
24 21 455300
24 23 1005220
25 20 1492480
25 18 1728680
25 17 1060730
