0 4 304780
0 2 87200
1 2 1161520
1 5 1780320
1 3 237810
2 1 1161520
2 0 87200
2 4 1877870
3 4 297180
3 1 237810
3 5 126440
4 0 304780
4 3 297180
4 2 1877870
4 11 2668670
5 1 1780320
5 3 126440
5 7 846850
5 6 1119910
6 8 308780
6 7 609490
6 5 1119910
6 11 427220
6 16 1131280
7 6 609490
7 21 1325240
7 5 846850
8 6 308780
8 10 47310
8 15 366180
9 12 325480
9 10 154060
10 15 2395070
10 8 47310
10 11 2446260
10 9 154060
11 4 2668670
11 6 427220
11 10 2446260
12 9 325480
12 14 703520
12 13 563950
12 15 848910
13 12 563950
13 15 2012740
13 17 1824850
13 16 1053950
14 17 625390
14 12 703520
15 10 2395070
15 13 2012740
15 12 848910
15 8 366180
16 23 1334280
16 20 806320
16 6 1131280
16 13 1053950
17 14 625390
17 13 1824850
17 19 227410
17 25 2026400
18 22 231700
18 25 3173090
18 19 140260
19 17 227410
19 18 140260
19 22 133010
20 16 806320
20 25 2308500
20 23 1614040
21 24 915060
21 23 436100
21 7 1325240
22 18 231700
22 19 133010
23 21 436100
23 24 925720
23 16 1334280
23 20 1614040
24 21 915060
24 23 925720
25 20 2308500
25 18 3173090
25 17 2026400
