0 4 399530
0 2 57560
1 2 3119540
1 5 4591670
1 3 854570
2 1 3119540
2 0 57560
2 4 3708090
3 4 821480
3 1 854570
3 5 365020
4 0 399530
4 3 821480
4 2 3708090
4 11 4963510
5 1 4591670
5 3 365020
5 7 1990730
5 6 3432290
6 8 1239880
6 7 1227630
6 5 3432290
6 11 292760
6 16 3140630
7 6 1227630
7 21 3319470
7 5 1990730
8 6 1239880
8 10 474910
8 15 1122900
9 12 183790
9 10 119040
10 15 4975030
10 8 474910
10 11 5053400
10 9 119040
11 4 4963510
11 6 292760
11 10 5053400
12 9 183790
12 14 1250310
12 13 456080
12 15 2023620
13 12 456080
13 15 4253470
13 17 4271980
13 16 1212020
14 17 1230270
14 12 1250310
15 10 4975030
15 13 4253470
15 12 2023620
15 8 1122900
16 23 2461730
16 20 1914750
16 6 3140630
16 13 1212020
17 14 1230270
17 13 4271980
17 19 701760
17 25 4163460
18 22 380800
18 25 7612950
18 19 208560
19 17 701760
19 18 208560
19 22 255800
20 16 1914750
20 25 5561500
20 23 3772480
21 24 1618930
21 23 1730310
21 7 3319470
22 18 380800
22 19 255800
23 21 1730310
23 24 1568690
23 16 2461730
23 20 3772480
24 21 1618930
24 23 1568690
25 20 5561500
25 18 7612950
25 17 4163460
