0 4 484760
0 2 76760
1 2 2878320
1 5 4653600
1 3 911180
2 1 2878320
2 0 76760
2 4 4148790
3 4 975760
3 1 911180
3 5 342700
4 0 484760
4 3 975760
4 2 4148790
4 11 5667650
5 1 4653600
5 3 342700
5 7 2062260
5 6 3497510
6 8 1172450
6 7 1258240
6 5 3497510
6 11 355850
6 16 3173130
7 6 1258240
7 21 3529600
7 5 2062260
8 6 1172450
8 10 463090
8 15 993410
9 12 228190
9 10 58680
10 15 5498520
10 8 463090
10 11 5659090
10 9 58680
11 4 5667650
11 6 355850
11 10 5659090
12 9 228190
12 14 1509310
12 13 559880
12 15 2194940
13 12 559880
13 15 4451400
13 17 4497780
13 16 1118630
14 17 1412800
14 12 1509310
15 10 5498520
15 13 4451400
15 12 2194940
15 8 993410
16 23 2289290
16 20 1967180
16 6 3173130
16 13 1118630
17 14 1412800
17 13 4497780
17 19 694320
17 25 4696970
18 22 401890
18 25 7950370
18 19 249570
19 17 694320
19 18 249570
19 22 304280
20 16 1967180
20 25 5812510
20 23 3940950
21 24 1732660
21 23 1834790
21 7 3529600
22 18 401890
22 19 304280
23 21 1834790
23 24 1565930
23 16 2289290
23 20 3940950
24 21 1732660
24 23 1565930
25 20 5812510
25 18 7950370
25 17 4696970
