0 4 257750
0 2 73400
1 2 1186590
1 5 1940900
1 3 291490
2 1 1186590
2 0 73400
2 4 1142520
3 4 377020
3 1 291490
3 5 72460
4 0 257750
4 3 377020
4 2 1142520
4 11 1793680
5 1 1940900
5 3 72460
5 7 832540
5 6 1345090
6 8 302410
6 7 489360
6 5 1345090
6 11 297700
6 16 1236520
7 6 489360
7 21 1381920
7 5 832540
8 6 302410
8 10 219900
8 15 347690
9 12 160040
9 10 107950
10 15 1618020
10 8 219900
10 11 1680760
10 9 107950
11 4 1793680
11 6 297700
11 10 1680760
12 9 160040
12 14 442420
12 13 178650
12 15 555730
13 12 178650
13 15 1407850
13 17 1517870
13 16 531870
14 17 550950
14 12 442420
15 10 1618020
15 13 1407850
15 12 555730
15 8 347690
16 23 1291690
16 20 567690
16 6 1236520
16 13 531870
17 14 550950
17 13 1517870
17 19 222150
17 25 1450680
18 22 123150
18 25 2245560
18 19 116460
19 17 222150
19 18 116460
19 22 107530
20 16 567690
20 25 1508500
20 23 1098610
21 24 649260
21 23 781480
21 7 1381920
22 18 123150
22 19 107530
23 21 781480
23 24 909300
23 16 1291690
23 20 1098610
24 21 649260
24 23 909300
25 20 1508500
25 18 2245560
25 17 1450680
