0 4 59600
0 2 57840
1 2 426190
1 5 1155240
1 3 108170
2 1 426190
2 0 57840
2 4 833100
3 4 120870
3 1 108170
3 5 101150
4 0 59600
4 3 120870
4 2 833100
4 11 999770
5 1 1155240
5 3 101150
5 7 503660
5 6 879580
6 8 288370
6 7 346370
6 5 879580
6 11 134750
6 16 832850
7 6 346370
7 21 565600
7 5 503660
8 6 288370
8 10 78810
8 15 280480
9 12 102730
9 10 62010
10 15 1016460
10 8 78810
10 11 1039980
10 9 62010
11 4 999770
11 6 134750
11 10 1039980
12 9 102730
12 14 322190
12 13 208150
12 15 472500
13 12 208150
13 15 834220
13 17 813990
13 16 442960
14 17 286760
14 12 322190
15 10 1016460
15 13 834220
15 12 472500
15 8 280480
16 23 633730
16 20 616680
16 6 832850
16 13 442960
17 14 286760
17 13 813990
17 19 174850
17 25 840500
18 22 123460
18 25 1321940
18 19 24720
19 17 174850
19 18 24720
19 22 144860
20 16 616680
20 25 1165640
20 23 552560
21 24 403300
21 23 165320
21 7 565600
22 18 123460
22 19 144860
23 21 165320
23 24 498010
23 16 633730
23 20 552560
24 21 403300
24 23 498010
25 20 1165640
25 18 1321940
25 17 840500
