0 4 139380
0 2 42930
1 2 1000580
1 5 1266700
1 3 175580
2 1 1000580
2 0 42930
2 4 1237580
3 4 296510
3 1 175580
3 5 87460
4 0 139380
4 3 296510
4 2 1237580
4 11 1879560
5 1 1266700
5 3 87460
5 7 478430
5 6 945930
6 8 471430
6 7 717540
6 5 945930
6 11 267950
6 16 945580
7 6 717540
7 21 1414520
7 5 478430
8 6 471430
8 10 60110
8 15 489660
9 12 58920
9 10 49870
10 15 1722710
10 8 60110
10 11 1781260
10 9 49870
11 4 1879560
11 6 267950
11 10 1781260
12 9 58920
12 14 371700
12 13 102140
12 15 759140
13 12 102140
13 15 1426110
13 17 1463930
13 16 545620
14 17 561010
14 12 371700
15 10 1722710
15 13 1426110
15 12 759140
15 8 489660
16 23 965740
16 20 534230
16 6 945580
16 13 545620
17 14 561010
17 13 1463930
17 19 245680
17 25 1465250
18 22 97280
18 25 2442090
18 19 99630
19 17 245680
19 18 99630
19 22 153170
20 16 534230
20 25 1285550
20 23 870990
21 24 548450
21 23 857360
21 7 1414520
22 18 97280
22 19 153170
23 21 857360
23 24 807560
23 16 965740
23 20 870990
24 21 548450
24 23 807560
25 20 1285550
25 18 2442090
25 17 1465250
