0 4 302470
0 2 92450
1 2 1034430
1 5 1588520
1 3 461410
2 1 1034430
2 0 92450
2 4 1423950
3 4 572200
3 1 461410
3 5 90940
4 0 302470
4 3 572200
4 2 1423950
4 11 2307770
5 1 1588520
5 3 90940
5 7 974860
5 6 818690
6 8 461650
6 7 714400
6 5 818690
6 11 245650
6 16 769780
7 6 714400
7 21 1773800
7 5 974860
8 6 461650
8 10 109440
8 15 281950
9 12 191620
9 10 69530
10 15 2073390
10 8 109440
10 11 2067810
10 9 69530
11 4 2307770
11 6 245650
11 10 2067810
12 9 191620
12 14 952560
12 13 290420
12 15 919880
13 12 290420
13 15 1516240
13 17 1297900
13 16 743630
14 17 1022060
14 12 952560
15 10 2073390
15 13 1516240
15 12 919880
15 8 281950
16 23 837920
16 20 630980
16 6 769780
16 13 743630
17 14 1022060
17 13 1297900
17 19 168680
17 25 1712950
18 22 95700
18 25 3473440
18 19 229920
19 17 168680
19 18 229920
19 22 118440
20 16 630980
20 25 2690930
20 23 2057710
21 24 858880
21 23 939690
21 7 1773800
22 18 95700
22 19 118440
23 21 939690
23 24 967010
23 16 837920
23 20 2057710
24 21 858880
24 23 967010
25 20 2690930
25 18 3473440
25 17 1712950
