0 4 91810
0 2 56610
1 2 960570
1 5 1525930
1 3 161110
2 1 960570
2 0 56610
2 4 1146870
3 4 243510
3 1 161110
3 5 61860
4 0 91810
4 3 243510
4 2 1146870
4 11 1543650
5 1 1525930
5 3 61860
5 7 600010
5 6 961810
6 8 188750
6 7 378620
6 5 961810
6 11 178740
6 16 956860
7 6 378620
7 21 1081890
7 5 600010
8 6 188750
8 10 151210
8 15 224280
9 12 147690
9 10 49750
10 15 1368730
10 8 151210
10 11 1544860
10 9 49750
11 4 1543650
11 6 178740
11 10 1544860
12 9 147690
12 14 232550
12 13 150770
12 15 560450
13 12 150770
13 15 1122840
13 17 960730
13 16 497440
14 17 299070
14 12 232550
15 10 1368730
15 13 1122840
15 12 560450
15 8 224280
16 23 934430
16 20 610050
16 6 956860
16 13 497440
17 14 299070
17 13 960730
17 19 74600
17 25 970690
18 22 185570
18 25 1626780
18 19 55950
19 17 74600
19 18 55950
19 22 58570
20 16 610050
20 25 1789920
20 23 1208290
21 24 401380
21 23 738030
21 7 1081890
22 18 185570
22 19 58570
23 21 738030
23 24 705020
23 16 934430
23 20 1208290
24 21 401380
24 23 705020
25 20 1789920
25 18 1626780
25 17 970690
