0 4 220680
0 2 101590
1 2 2010700
1 5 4078310
1 3 147700
2 1 2010700
2 0 101590
2 4 2567430
3 4 488310
3 1 147700
3 5 219500
4 0 220680
4 3 488310
4 2 2567430
4 11 3478300
5 1 4078310
5 3 219500
5 7 2451290
5 6 2198210
6 8 815750
6 7 939030
6 5 2198210
6 11 319220
6 16 2114080
7 6 939030
7 21 1962440
7 5 2451290
8 6 815750
8 10 170820
8 15 849160
9 12 173310
9 10 161070
10 15 2958100
10 8 170820
10 11 3155160
10 9 161070
11 4 3478300
11 6 319220
11 10 3155160
12 9 173310
12 14 1200100
12 13 613410
12 15 1208610
13 12 613410
13 15 2513410
13 17 2339950
13 16 1182830
14 17 1203960
14 12 1200100
15 10 2958100
15 13 2513410
15 12 1208610
15 8 849160
16 23 2018820
16 20 1401390
16 6 2114080
16 13 1182830
17 14 1203960
17 13 2339950
17 19 397530
17 25 2702710
18 22 263400
18 25 4003980
18 19 232670
19 17 397530
19 18 232670
19 22 161690
20 16 1401390
20 25 3165420
20 23 1997510
21 24 1192950
21 23 804470
21 7 1962440
22 18 263400
22 19 161690
23 21 804470
23 24 1206070
23 16 2018820
23 20 1997510
24 21 1192950
24 23 1206070
25 20 3165420
25 18 4003980
25 17 2702710
