0 4 259210
0 2 47270
1 2 1300930
1 5 2135380
1 3 389260
2 1 1300930
2 0 47270
2 4 2060620
3 4 460980
3 1 389260
3 5 172540
4 0 259210
4 3 460980
4 2 2060620
4 11 2939600
5 1 2135380
5 3 172540
5 7 1177510
5 6 1333740
6 8 418290
6 7 627580
6 5 1333740
6 11 356860
6 16 1201810
7 6 627580
7 21 2003060
7 5 1177510
8 6 418290
8 10 120640
8 15 356810
9 12 297450
9 10 195730
10 15 2553550
10 8 120640
10 11 2729990
10 9 195730
11 4 2939600
11 6 356860
11 10 2729990
12 9 297450
12 14 820470
12 13 320060
12 15 920260
13 12 320060
13 15 2037230
13 17 1955980
13 16 755720
14 17 810280
14 12 820470
15 10 2553550
15 13 2037230
15 12 920260
15 8 356810
16 23 955010
16 20 829770
16 6 1201810
16 13 755720
17 14 810280
17 13 1955980
17 19 170810
17 25 2469390
18 22 130110
18 25 3424700
18 19 215480
19 17 170810
19 18 215480
19 22 132440
20 16 829770
20 25 2868670
20 23 2088610
21 24 976380
21 23 971760
21 7 2003060
22 18 130110
22 19 132440
23 21 971760
23 24 1043400
23 16 955010
23 20 2088610
24 21 976380
24 23 1043400
25 20 2868670
25 18 3424700
25 17 2469390
