0 4 439220
0 2 203430
1 2 1874460
1 5 4184360
1 3 312970
2 1 1874460
2 0 203430
2 4 2353510
3 4 511200
3 1 312970
3 5 208580
4 0 439220
4 3 511200
4 2 2353510
4 11 3612640
5 1 4184360
5 3 208580
5 7 1698340
5 6 2923070
6 8 959120
6 7 1046530
6 5 2923070
6 11 456980
6 16 2848480
7 6 1046530
7 21 3020740
7 5 1698340
8 6 959120
8 10 370270
8 15 657090
9 12 438700
9 10 206260
10 15 3482990
10 8 370270
10 11 3420340
10 9 206260
11 4 3612640
11 6 456980
11 10 3420340
12 9 438700
12 14 1679600
12 13 744470
12 15 1217540
13 12 744470
13 15 3282110
13 17 2883530
13 16 1664670
14 17 1619490
14 12 1679600
15 10 3482990
15 13 3282110
15 12 1217540
15 8 657090
16 23 2247360
16 20 2147950
16 6 2848480
16 13 1664670
17 14 1619490
17 13 2883530
17 19 652330
17 25 3405360
18 22 437140
18 25 5265020
18 19 230320
19 17 652330
19 18 230320
19 22 381350
20 16 2147950
20 25 4607610
20 23 2808510
21 24 1603760
21 23 1604330
21 7 3020740
22 18 437140
22 19 381350
23 21 1604330
23 24 1858240
23 16 2247360
23 20 2808510
24 21 1603760
24 23 1858240
25 20 4607610
25 18 5265020
25 17 3405360
