0 4 468070
0 2 199200
1 2 2805170
1 5 4466010
1 3 971070
2 1 2805170
2 0 199200
2 4 3614890
3 4 1093900
3 1 971070
3 5 259720
4 0 468070
4 3 1093900
4 2 3614890
4 11 5644540
5 1 4466010
5 3 259720
5 7 2057100
5 6 3156750
6 8 970100
6 7 1498540
6 5 3156750
6 11 671860
6 16 3062470
7 6 1498540
7 21 3347500
7 5 2057100
8 6 970100
8 10 227270
8 15 868610
9 12 298970
9 10 193090
10 15 5516370
10 8 227270
10 11 5663500
10 9 193090
11 4 5644540
11 6 671860
11 10 5663500
12 9 298970
12 14 1656330
12 13 865620
12 15 2307360
13 12 865620
13 15 4165590
13 17 4023390
13 16 1653320
14 17 1521670
14 12 1656330
15 10 5516370
15 13 4165590
15 12 2307360
15 8 868610
16 23 2717350
16 20 2188330
16 6 3062470
16 13 1653320
17 14 1521670
17 13 4023390
17 19 563340
17 25 4236830
18 22 396770
18 25 6624890
18 19 417130
19 17 563340
19 18 417130
19 22 298740
20 16 2188330
20 25 5007540
20 23 3053410
21 24 2005400
21 23 1512600
21 7 3347500
22 18 396770
22 19 298740
23 21 1512600
23 24 2079380
23 16 2717350
23 20 3053410
24 21 2005400
24 23 2079380
25 20 5007540
25 18 6624890
25 17 4236830
