0 4 246770
0 2 85730
1 2 1413200
1 5 1667670
1 3 536450
2 1 1413200
2 0 85730
2 4 2022430
3 4 397550
3 1 536450
3 5 121030
4 0 246770
4 3 397550
4 2 2022430
4 11 2875790
5 1 1667670
5 3 121030
5 7 861880
5 6 1289690
6 8 471210
6 7 625680
6 5 1289690
6 11 277710
6 16 1142860
7 6 625680
7 21 1363570
7 5 861880
8 6 471210
8 10 288060
8 15 424570
9 12 240610
9 10 156850
10 15 2325950
10 8 288060
10 11 2513230
10 9 156850
11 4 2875790
11 6 277710
11 10 2513230
12 9 240610
12 14 608150
12 13 421750
12 15 694570
13 12 421750
13 15 2045350
13 17 2068010
13 16 775090
14 17 620430
14 12 608150
15 10 2325950
15 13 2045350
15 12 694570
15 8 424570
16 23 1182810
16 20 631060
16 6 1142860
16 13 775090
17 14 620430
17 13 2068010
17 19 407280
17 25 1989770
18 22 240620
18 25 2740800
18 19 127200
19 17 407280
19 18 127200
19 22 234560
20 16 631060
20 25 1811810
20 23 1206780
21 24 721820
21 23 649990
21 7 1363570
22 18 240620
22 19 234560
23 21 649990
23 24 845500
23 16 1182810
23 20 1206780
24 21 721820
24 23 845500
25 20 1811810
25 18 2740800
25 17 1989770
