0 4 741900
0 2 100120
1 2 2476530
1 5 4314660
1 3 930770
2 1 2476530
2 0 100120
2 4 3461580
3 4 1136450
3 1 930770
3 5 276640
4 0 741900
4 3 1136450
4 2 3461580
4 11 5408800
5 1 4314660
5 3 276640
5 7 1843200
5 6 3489730
6 8 1232430
6 7 1543880
6 5 3489730
6 11 579890
6 16 3114810
7 6 1543880
7 21 3516320
7 5 1843200
8 6 1232430
8 10 154710
8 15 1314190
9 12 266880
9 10 78520
10 15 5448780
10 8 154710
10 11 5406250
10 9 78520
11 4 5408800
11 6 579890
11 10 5406250
12 9 266880
12 14 2013990
12 13 753350
12 15 2670470
13 12 753350
13 15 4049320
13 17 3858800
13 16 1408610
14 17 1863600
14 12 2013990
15 10 5448780
15 13 4049320
15 12 2670470
15 8 1314190
16 23 2671270
16 20 2149720
16 6 3114810
16 13 1408610
17 14 1863600
17 13 3858800
17 19 637210
17 25 4408330
18 22 327830
18 25 7669350
18 19 420930
19 17 637210
19 18 420930
19 22 415060
20 16 2149720
20 25 5841910
20 23 3834020
21 24 1464390
21 23 2214060
21 7 3516320
22 18 327830
22 19 415060
23 21 2214060
23 24 1578550
23 16 2671270
23 20 3834020
24 21 1464390
24 23 1578550
25 20 5841910
25 18 7669350
25 17 4408330
