0 4 187630
0 2 84650
1 2 845880
1 5 1511420
1 3 397000
2 1 845880
2 0 84650
2 4 1541860
3 4 535360
3 1 397000
3 5 53360
4 0 187630
4 3 535360
4 2 1541860
4 11 2422040
5 1 1511420
5 3 53360
5 7 878790
5 6 876120
6 8 363060
6 7 576910
6 5 876120
6 11 219090
6 16 931960
7 6 576910
7 21 1365330
7 5 878790
8 6 363060
8 10 96050
8 15 311400
9 12 125190
9 10 84040
10 15 2063940
10 8 96050
10 11 2143290
10 9 84040
11 4 2422040
11 6 219090
11 10 2143290
12 9 125190
12 14 570480
12 13 384100
12 15 946120
13 12 384100
13 15 1483210
13 17 1265390
13 16 800830
14 17 743260
14 12 570480
15 10 2063940
15 13 1483210
15 12 946120
15 8 311400
16 23 901370
16 20 778430
16 6 931960
16 13 800830
17 14 743260
17 13 1265390
17 19 206180
17 25 1388210
18 22 123870
18 25 3456690
18 19 154760
19 17 206180
19 18 154760
19 22 133110
20 16 778430
20 25 2088410
20 23 1455150
21 24 615650
21 23 755290
21 7 1365330
22 18 123870
22 19 133110
23 21 755290
23 24 825990
23 16 901370
23 20 1455150
24 21 615650
24 23 825990
25 20 2088410
25 18 3456690
25 17 1388210
