0 4 127670
0 2 680
1 2 733220
1 5 980030
1 3 203570
2 1 733220
2 0 680
2 4 585640
3 4 230150
3 1 203570
3 5 11180
4 0 127670
4 3 230150
4 2 585640
4 11 969170
5 1 980030
5 3 11180
5 7 394090
5 6 750210
6 8 275550
6 7 223060
6 5 750210
6 11 122150
6 16 705540
7 6 223060
7 21 1043020
7 5 394090
8 6 275550
8 10 89640
8 15 239300
9 12 113980
9 10 122610
10 15 860020
10 8 89640
10 11 892040
10 9 122610
11 4 969170
11 6 122150
11 10 892040
12 9 113980
12 14 509140
12 13 344370
12 15 469200
13 12 344370
13 15 635270
13 17 445880
13 16 602710
14 17 440580
14 12 509140
15 10 860020
15 13 635270
15 12 469200
15 8 239300
16 23 785280
16 20 510160
16 6 705540
16 13 602710
17 14 440580
17 13 445880
17 19 35060
17 25 819430
18 22 38290
18 25 1672260
18 19 99260
19 17 35060
19 18 99260
19 22 18210
20 16 510160
20 25 1391970
20 23 932270
21 24 360850
21 23 754790
21 7 1043020
22 18 38290
22 19 18210
23 21 754790
23 24 462720
23 16 785280
23 20 932270
24 21 360850
24 23 462720
25 20 1391970
25 18 1672260
25 17 819430
