0 4 467100
0 2 59550
1 2 2907360
1 5 4190510
1 3 702010
2 1 2907360
2 0 59550
2 4 3367970
3 4 714750
3 1 702010
3 5 338500
4 0 467100
4 3 714750
4 2 3367970
4 11 4625180
5 1 4190510
5 3 338500
5 7 1775920
5 6 3087850
6 8 1063670
6 7 1225760
6 5 3087850
6 11 425110
6 16 2875890
7 6 1225760
7 21 3543040
7 5 1775920
8 6 1063670
8 10 499730
8 15 992610
9 12 210380
9 10 117180
10 15 4601490
10 8 499730
10 11 4625470
10 9 117180
11 4 4625180
11 6 425110
11 10 4625470
12 9 210380
12 14 1135350
12 13 392400
12 15 1739680
13 12 392400
13 15 4045490
13 17 3883400
13 16 1248930
14 17 1082680
14 12 1135350
15 10 4601490
15 13 4045490
15 12 1739680
15 8 992610
16 23 2377620
16 20 1839410
16 6 2875890
16 13 1248930
17 14 1082680
17 13 3883400
17 19 600650
17 25 3742730
18 22 371160
18 25 7240260
18 19 166710
19 17 600650
19 18 166710
19 22 207890
20 16 1839410
20 25 5549880
20 23 3883320
21 24 1708860
21 23 2025780
21 7 3543040
22 18 371160
22 19 207890
23 21 2025780
23 24 1629590
23 16 2377620
23 20 3883320
24 21 1708860
24 23 1629590
25 20 5549880
25 18 7240260
25 17 3742730
