0 4 134450
0 2 104610
1 2 1022290
1 5 862810
1 3 138260
2 1 1022290
2 0 104610
2 4 856940
3 4 193940
3 1 138260
3 5 55200
4 0 134450
4 3 193940
4 2 856940
4 11 1252500
5 1 862810
5 3 55200
5 7 431460
5 6 527050
6 8 300570
6 7 528910
6 5 527050
6 11 199430
6 16 485320
7 6 528910
7 21 1140580
7 5 431460
8 6 300570
8 10 113070
8 15 351330
9 12 144110
9 10 41920
10 15 1100800
10 8 113070
10 11 1133990
10 9 41920
11 4 1252500
11 6 199430
11 10 1133990
12 9 144110
12 14 145780
12 13 116390
12 15 519050
13 12 116390
13 15 1002910
13 17 1008570
13 16 456930
14 17 255770
14 12 145780
15 10 1100800
15 13 1002910
15 12 519050
15 8 351330
16 23 669280
16 20 308490
16 6 485320
16 13 456930
17 14 255770
17 13 1008570
17 19 151400
17 25 822930
18 22 146710
18 25 1504590
18 19 29650
19 17 151400
19 18 29650
19 22 118570
20 16 308490
20 25 1500560
20 23 1269100
21 24 362720
21 23 851950
21 7 1140580
22 18 146710
22 19 118570
23 21 851950
23 24 694970
23 16 669280
23 20 1269100
24 21 362720
24 23 694970
25 20 1500560
25 18 1504590
25 17 822930
