0 4 300910
0 2 108450
1 2 1392910
1 5 3585670
1 3 764240
2 1 1392910
2 0 108450
2 4 3266390
3 4 867020
3 1 764240
3 5 333860
4 0 300910
4 3 867020
4 2 3266390
4 11 4426940
5 1 3585670
5 3 333860
5 7 1365870
5 6 2830590
6 8 1124990
6 7 1433930
6 5 2830590
6 11 484820
6 16 2900250
7 6 1433930
7 21 3017120
7 5 1365870
8 6 1124990
8 10 181100
8 15 1072140
9 12 487950
9 10 218820
10 15 3809630
10 8 181100
10 11 4001630
10 9 218820
11 4 4426940
11 6 484820
11 10 4001630
12 9 487950
12 14 1403530
12 13 1306710
12 15 1978210
13 12 1306710
13 15 3060120
13 17 3059720
13 16 2088780
14 17 1588250
14 12 1403530
15 10 3809630
15 13 3060120
15 12 1978210
15 8 1072140
16 23 2632200
16 20 2177080
16 6 2900250
16 13 2088780
17 14 1588250
17 13 3059720
17 19 683230
17 25 3148850
18 22 154630
18 25 6141900
18 19 361880
19 17 683230
19 18 361880
19 22 281570
20 16 2177080
20 25 5013500
20 23 2957310
21 24 1611170
21 23 1758720
21 7 3017120
22 18 154630
22 19 281570
23 21 1758720
23 24 1539850
23 16 2632200
23 20 2957310
24 21 1611170
24 23 1539850
25 20 5013500
25 18 6141900
25 17 3148850
