0 4 479760
0 2 225930
1 2 2289800
1 5 3913440
1 3 760500
2 1 2289800
2 0 225930
2 4 3227720
3 4 1018570
3 1 760500
3 5 242040
4 0 479760
4 3 1018570
4 2 3227720
4 11 4950400
5 1 3913440
5 3 242040
5 7 1630390
5 6 2808390
6 8 822640
6 7 1027690
6 5 2808390
6 11 485230
6 16 2602140
7 6 1027690
7 21 3502180
7 5 1630390
8 6 822640
8 10 473160
8 15 720420
9 12 319100
9 10 296610
10 15 4668360
10 8 473160
10 11 4686190
10 9 296610
11 4 4950400
11 6 485230
11 10 4686190
12 9 319100
12 14 1756810
12 13 527230
12 15 1579430
13 12 527230
13 15 4168870
13 17 3947350
13 16 1726710
14 17 1907670
14 12 1756810
15 10 4668360
15 13 4168870
15 12 1579430
15 8 720420
16 23 2278730
16 20 1929930
16 6 2602140
16 13 1726710
17 14 1907670
17 13 3947350
17 19 830930
17 25 3813450
18 22 418490
18 25 7167780
18 19 437200
19 17 830930
19 18 437200
19 22 502490
20 16 1929930
20 25 4978880
20 23 3215530
21 24 1760130
21 23 1914990
21 7 3502180
22 18 418490
22 19 502490
23 21 1914990
23 24 2122630
23 16 2278730
23 20 3215530
24 21 1760130
24 23 2122630
25 20 4978880
25 18 7167780
25 17 3813450
