0 4 70140
0 2 70420
1 2 532660
1 5 768530
1 3 134860
2 1 532660
2 0 70420
2 4 647440
3 4 164910
3 1 134860
3 5 80990
4 0 70140
4 3 164910
4 2 647440
4 11 924460
5 1 768530
5 3 80990
5 7 331490
5 6 574650
6 8 402210
6 7 462980
6 5 574650
6 11 112500
6 16 555530
7 6 462980
7 21 724600
7 5 331490
8 6 402210
8 10 19650
8 15 401180
9 12 208890
9 10 24800
10 15 833240
10 8 19650
10 11 807890
10 9 24800
11 4 924460
11 6 112500
11 10 807890
12 9 208890
12 14 377860
12 13 242190
12 15 499880
13 12 242190
13 15 833060
13 17 868500
13 16 355990
14 17 389760
14 12 377860
15 10 833240
15 13 833060
15 12 499880
15 8 401180
16 23 544370
16 20 386060
16 6 555530
16 13 355990
17 14 389760
17 13 868500
17 19 138130
17 25 848920
18 22 77620
18 25 1701090
18 19 168500
19 17 138130
19 18 168500
19 22 95100
20 16 386060
20 25 1173560
20 23 846680
21 24 385150
21 23 359070
21 7 724600
22 18 77620
22 19 95100
23 21 359070
23 24 341990
23 16 544370
23 20 846680
24 21 385150
24 23 341990
25 20 1173560
25 18 1701090
25 17 848920
