0 4 78380
0 2 89040
1 2 684900
1 5 975830
1 3 67950
2 1 684900
2 0 89040
2 4 533120
3 4 108680
3 1 67950
3 5 14930
4 0 78380
4 3 108680
4 2 533120
4 11 814370
5 1 975830
5 3 14930
5 7 422850
5 6 625380
6 8 161550
6 7 231170
6 5 625380
6 11 113660
6 16 552660
7 6 231170
7 21 432610
7 5 422850
8 6 161550
8 10 21380
8 15 144370
9 12 91660
9 10 32330
10 15 678720
10 8 21380
10 11 749820
10 9 32330
11 4 814370
11 6 113660
11 10 749820
12 9 91660
12 14 281730
12 13 82420
12 15 299390
13 12 82420
13 15 588670
13 17 529360
13 16 282850
14 17 339700
14 12 281730
15 10 678720
15 13 588670
15 12 299390
15 8 144370
16 23 381880
16 20 458280
16 6 552660
16 13 282850
17 14 339700
17 13 529360
17 19 91800
17 25 527030
18 22 29690
18 25 786840
18 19 40130
19 17 91800
19 18 40130
19 22 55510
20 16 458280
20 25 638000
20 23 279630
21 24 288910
21 23 197320
21 7 432610
22 18 29690
22 19 55510
23 21 197320
23 24 444030
23 16 381880
23 20 279630
24 21 288910
24 23 444030
25 20 638000
25 18 786840
25 17 527030
