0 4 82220
0 2 16560
1 2 964180
1 5 1061570
1 3 149420
2 1 964180
2 0 16560
2 4 811540
3 4 184330
3 1 149420
3 5 36680
4 0 82220
4 3 184330
4 2 811540
4 11 999980
5 1 1061570
5 3 36680
5 7 597580
5 6 571350
6 8 264330
6 7 298430
6 5 571350
6 11 85110
6 16 632170
7 6 298430
7 21 757500
7 5 597580
8 6 264330
8 10 49960
8 15 245260
9 12 74970
9 10 29870
10 15 1007580
10 8 49960
10 11 1039430
10 9 29870
11 4 999980
11 6 85110
11 10 1039430
12 9 74970
12 14 275760
12 13 45110
12 15 383540
13 12 45110
13 15 898270
13 17 768720
13 16 248140
14 17 284930
14 12 275760
15 10 1007580
15 13 898270
15 12 383540
15 8 245260
16 23 390480
16 20 481970
16 6 632170
16 13 248140
17 14 284930
17 13 768720
17 19 223800
17 25 692450
18 22 110990
18 25 1566380
18 19 133400
19 17 223800
19 18 133400
19 22 93550
20 16 481970
20 25 1220840
20 23 753990
21 24 308370
21 23 430630
21 7 757500
22 18 110990
22 19 93550
23 21 430630
23 24 460880
23 16 390480
23 20 753990
24 21 308370
24 23 460880
25 20 1220840
25 18 1566380
25 17 692450
