0 4 604330
0 2 168890
1 2 2873000
1 5 4037660
1 3 508090
2 1 2873000
2 0 168890
2 4 3979800
3 4 748760
3 1 508090
3 5 232080
4 0 604330
4 3 748760
4 2 3979800
4 11 5412430
5 1 4037660
5 3 232080
5 7 1977800
5 6 2892350
6 8 780250
6 7 1053430
6 5 2892350
6 11 564270
6 16 2791710
7 6 1053430
7 21 3036220
7 5 1977800
8 6 780250
8 10 275430
8 15 854250
9 12 531190
9 10 306570
10 15 5011400
10 8 275430
10 11 5221930
10 9 306570
11 4 5412430
11 6 564270
11 10 5221930
12 9 531190
12 14 1729920
12 13 1013070
12 15 1696650
13 12 1013070
13 15 4515500
13 17 3704040
13 16 2443580
14 17 1696360
14 12 1729920
15 10 5011400
15 13 4515500
15 12 1696650
15 8 854250
16 23 3107280
16 20 2190070
16 6 2791710
16 13 2443580
17 14 1696360
17 13 3704040
17 19 522580
17 25 4340790
18 22 499710
18 25 6748050
18 19 309970
19 17 522580
19 18 309970
19 22 288490
20 16 2190070
20 25 4502410
20 23 2615040
21 24 1883690
21 23 1570460
21 7 3036220
22 18 499710
22 19 288490
23 21 1570460
23 24 2343190
23 16 3107280
23 20 2615040
24 21 1883690
24 23 2343190
25 20 4502410
25 18 6748050
25 17 4340790
