0 4 54730
0 2 23580
1 2 90690
1 5 415180
1 3 37660
2 1 90690
2 0 23580
2 4 363730
3 4 37660
3 1 37660
3 5 30690
4 0 54730
4 3 37660
4 2 363730
4 11 456120
5 1 415180
5 3 30690
5 7 68590
5 6 359740
6 8 29760
6 7 95960
6 5 359740
6 11 41520
6 16 370720
7 6 95960
7 21 177420
7 5 68590
8 6 29760
8 10 21270
8 15 3520
9 12 47240
9 10 13360
10 15 418670
10 8 21270
10 11 427120
10 9 13360
11 4 456120
11 6 41520
11 10 427120
12 9 47240
12 14 179900
12 13 10140
12 15 175070
13 12 10140
13 15 254190
13 17 294750
13 16 85520
14 17 212120
14 12 179900
15 10 418670
15 13 254190
15 12 175070
15 8 3520
16 23 315480
16 20 151890
16 6 370720
16 13 85520
17 14 212120
17 13 294750
17 19 41360
17 25 367060
18 22 43380
18 25 606860
18 19 36700
19 17 41360
19 18 36700
19 22 3520
20 16 151890
20 25 360540
20 23 227250
21 24 176160
21 23 94830
21 7 177420
22 18 43380
22 19 3520
23 21 94830
23 24 231500
23 16 315480
23 20 227250
24 21 176160
24 23 231500
25 20 360540
25 18 606860
25 17 367060
