0 4 65800
0 2 73110
1 2 391160
1 5 835800
1 3 48760
2 1 391160
2 0 73110
2 4 516980
3 4 92480
3 1 48760
3 5 28260
4 0 65800
4 3 92480
4 2 516980
4 11 748540
5 1 835800
5 3 28260
5 7 459520
5 6 483200
6 8 245270
6 7 357490
6 5 483200
6 11 110110
6 16 502640
7 6 357490
7 21 850550
7 5 459520
8 6 245270
8 10 62030
8 15 232290
9 12 167320
9 10 49840
10 15 659080
10 8 62030
10 11 707040
10 9 49840
11 4 748540
11 6 110110
11 10 707040
12 9 167320
12 14 130900
12 13 215770
12 15 199450
13 12 215770
13 15 649620
13 17 687660
13 16 488340
14 17 153040
14 12 130900
15 10 659080
15 13 649620
15 12 199450
15 8 232290
16 23 635140
16 20 337120
16 6 502640
16 13 488340
17 14 153040
17 13 687660
17 19 102570
17 25 489500
18 22 101200
18 25 1242120
18 19 97950
19 17 102570
19 18 97950
19 22 34370
20 16 337120
20 25 1044340
20 23 706270
21 24 563380
21 23 385530
21 7 850550
22 18 101200
22 19 34370
23 21 385530
23 24 584780
23 16 635140
23 20 706270
24 21 563380
24 23 584780
25 20 1044340
25 18 1242120
25 17 489500
