0 4 162030
0 2 42250
1 2 613280
1 5 1050400
1 3 242060
2 1 613280
2 0 42250
2 4 1092710
3 4 281750
3 1 242060
3 5 84750
4 0 162030
4 3 281750
4 2 1092710
4 11 1567280
5 1 1050400
5 3 84750
5 7 578540
5 6 650500
6 8 303140
6 7 352610
6 5 650500
6 11 99600
6 16 591990
7 6 352610
7 21 714540
7 5 578540
8 6 303140
8 10 84750
8 15 239250
9 12 92150
9 10 128210
10 15 1405510
10 8 84750
10 11 1459810
10 9 128210
11 4 1567280
11 6 99600
11 10 1459810
12 9 92150
12 14 204990
12 13 169040
12 15 601710
13 12 169040
13 15 1268240
13 17 1124240
13 16 505880
14 17 258600
14 12 204990
15 10 1405510
15 13 1268240
15 12 601710
15 8 239250
16 23 816080
16 20 372110
16 6 591990
16 13 505880
17 14 258600
17 13 1124240
17 19 191570
17 25 1026860
18 22 151700
18 25 2132490
18 19 95290
19 17 191570
19 18 95290
19 22 102430
20 16 372110
20 25 1212950
20 23 961390
21 24 534080
21 23 224160
21 7 714540
22 18 151700
22 19 102430
23 21 224160
23 24 729140
23 16 816080
23 20 961390
24 21 534080
24 23 729140
25 20 1212950
25 18 2132490
25 17 1026860
