0 4 179570
0 2 16050
1 2 635780
1 5 915180
1 3 97680
2 1 635780
2 0 16050
2 4 927040
3 4 147640
3 1 97680
3 5 63540
4 0 179570
4 3 147640
4 2 927040
4 11 1248060
5 1 915180
5 3 63540
5 7 495970
5 6 575980
6 8 231250
6 7 332860
6 5 575980
6 11 73180
6 16 526280
7 6 332860
7 21 1294260
7 5 495970
8 6 231250
8 10 94390
8 15 240910
9 12 180900
9 10 43630
10 15 1163170
10 8 94390
10 11 1210520
10 9 43630
11 4 1248060
11 6 73180
11 10 1210520
12 9 180900
12 14 221930
12 13 330290
12 15 677840
13 12 330290
13 15 717270
13 17 658820
13 16 468540
14 17 348880
14 12 221930
15 10 1163170
15 13 717270
15 12 677840
15 8 240910
16 23 645460
16 20 374980
16 6 526280
16 13 468540
17 14 348880
17 13 658820
17 19 121690
17 25 779170
18 22 67930
18 25 1696990
18 19 40980
19 17 121690
19 18 40980
19 22 63390
20 16 374980
20 25 1738000
20 23 1377950
21 24 422710
21 23 841130
21 7 1294260
22 18 67930
22 19 63390
23 21 841130
23 24 413670
23 16 645460
23 20 1377950
24 21 422710
24 23 413670
25 20 1738000
25 18 1696990
25 17 779170
