0 4 348220
0 2 29940
1 2 2560960
1 5 4055550
1 3 408760
2 1 2560960
2 0 29940
2 4 2224260
3 4 476100
3 1 408760
3 5 175550
4 0 348220
4 3 476100
4 2 2224260
4 11 3061620
5 1 4055550
5 3 175550
5 7 2225000
5 6 2230910
6 8 811220
6 7 1137080
6 5 2230910
6 11 299020
6 16 2111060
7 6 1137080
7 21 2684260
7 5 2225000
8 6 811220
8 10 212120
8 15 701080
9 12 258520
9 10 86020
10 15 2804250
10 8 212120
10 11 2861470
10 9 86020
11 4 3061620
11 6 299020
11 10 2861470
12 9 258520
12 14 1030430
12 13 700870
12 15 1645300
13 12 700870
13 15 1938570
13 17 1942080
13 16 1298680
14 17 1111150
14 12 1030430
15 10 2804250
15 13 1938570
15 12 1645300
15 8 701080
16 23 2381360
16 20 1015290
16 6 2111060
16 13 1298680
17 14 1111150
17 13 1942080
17 19 418860
17 25 2175770
18 22 351300
18 25 5126590
18 19 311360
19 17 418860
19 18 311360
19 22 390520
20 16 1015290
20 25 4609080
20 23 3873530
21 24 1340010
21 23 1536100
21 7 2684260
22 18 351300
22 19 390520
23 21 1536100
23 24 2098190
23 16 2381360
23 20 3873530
24 21 1340010
24 23 2098190
25 20 4609080
25 18 5126590
25 17 2175770
