0 4 385350
0 2 204010
1 2 2868150
1 5 3620370
1 3 1104510
2 1 2868150
2 0 204010
2 4 2203510
3 4 1056630
3 1 1104510
3 5 259240
4 0 385350
4 3 1056630
4 2 2203510
4 11 3957760
5 1 3620370
5 3 259240
5 7 1618570
5 6 2389960
6 8 658820
6 7 1000820
6 5 2389960
6 11 466450
6 16 2200420
7 6 1000820
7 21 2307020
7 5 1618570
8 6 658820
8 10 245960
8 15 685030
9 12 474080
9 10 140370
10 15 3800690
10 8 245960
10 11 3641270
10 9 140370
11 4 3957760
11 6 466450
11 10 3641270
12 9 474080
12 14 1309630
12 13 714430
12 15 1613210
13 12 714430
13 15 2903210
13 17 2774640
13 16 1649440
14 17 1402140
14 12 1309630
15 10 3800690
15 13 2903210
15 12 1613210
15 8 685030
16 23 2848410
16 20 971640
16 6 2200420
16 13 1649440
17 14 1402140
17 13 2774640
17 19 552100
17 25 2794690
18 22 194870
18 25 5787990
18 19 261030
19 17 552100
19 18 261030
19 22 391660
20 16 971640
20 25 3536880
20 23 2598040
21 24 1179250
21 23 1310530
21 7 2307020
22 18 194870
22 19 391660
23 21 1310530
23 24 1990530
23 16 2848410
23 20 2598040
24 21 1179250
24 23 1990530
25 20 3536880
25 18 5787990
25 17 2794690
