0 4 247740
0 2 126000
1 2 1190490
1 5 1177140
1 3 199390
2 1 1190490
2 0 126000
2 4 1722210
3 4 245780
3 1 199390
3 5 123450
4 0 247740
4 3 245780
4 2 1722210
4 11 2256290
5 1 1177140
5 3 123450
5 7 387840
5 6 1060480
6 8 452690
6 7 513360
6 5 1060480
6 11 109980
6 16 870860
7 6 513360
7 21 1529700
7 5 387840
8 6 452690
8 10 89040
8 15 380640
9 12 92930
9 10 160820
10 15 2100110
10 8 89040
10 11 2245920
10 9 160820
11 4 2256290
11 6 109980
11 10 2245920
12 9 92930
12 14 833540
12 13 180330
12 15 860490
13 12 180330
13 15 1847070
13 17 1718060
13 16 742000
14 17 888690
14 12 833540
15 10 2100110
15 13 1847070
15 12 860490
15 8 380640
16 23 1098180
16 20 526670
16 6 870860
16 13 742000
17 14 888690
17 13 1718060
17 19 347760
17 25 1929600
18 22 158270
18 25 2957140
18 19 74400
19 17 347760
19 18 74400
19 22 155420
20 16 526670
20 25 1724280
20 23 1323360
21 24 614220
21 23 1088630
21 7 1529700
22 18 158270
22 19 155420
23 21 1088630
23 24 1070650
23 16 1098180
23 20 1323360
24 21 614220
24 23 1070650
25 20 1724280
25 18 2957140
25 17 1929600
