0 4 175690
0 2 43200
1 2 617430
1 5 1111940
1 3 91740
2 1 617430
2 0 43200
2 4 759740
3 4 175080
3 1 91740
3 5 93530
4 0 175690
4 3 175080
4 2 759740
4 11 1123030
5 1 1111940
5 3 93530
5 7 415390
5 6 922050
6 8 278210
6 7 416160
6 5 922050
6 11 150180
6 16 900510
7 6 416160
7 21 1043200
7 5 415390
8 6 278210
8 10 56530
8 15 403920
9 12 48780
9 10 44100
10 15 972350
10 8 56530
10 11 1082460
10 9 44100
11 4 1123030
11 6 150180
11 10 1082460
12 9 48780
12 14 568800
12 13 425230
12 15 449950
13 12 425230
13 15 955810
13 17 785990
13 16 729610
14 17 624210
14 12 568800
15 10 972350
15 13 955810
15 12 449950
15 8 403920
16 23 1190510
16 20 462010
16 6 900510
16 13 729610
17 14 624210
17 13 785990
17 19 208730
17 25 1101870
18 22 54340
18 25 1727620
18 19 84620
19 17 208730
19 18 84620
19 22 155490
20 16 462010
20 25 1103050
20 23 758870
21 24 570190
21 23 552380
21 7 1043200
22 18 54340
22 19 155490
23 21 552380
23 24 421120
23 16 1190510
23 20 758870
24 21 570190
24 23 421120
25 20 1103050
25 18 1727620
25 17 1101870
